[Molden Format]
[Atoms] (Angs)
  C      1    6      0.51932475      1.23303451     -0.03194925
  C      2    6      1.94454413      1.26916358     -0.03672882
  C      3    6      2.62037793      0.09283428     -0.02499003
  C      4    6     -0.19603352      0.03013062      0.00102732
  H      5    1     -0.02069420      2.17423764     -0.04336646
  H      6    1      2.48281698      2.20891057     -0.03611879
  H      7    1     -1.27770137      0.03990295      0.01166953
  N      8    7      4.09213475      0.09594076      0.03662979
  O      9    8      4.63930696     -1.02169275      0.14459220
  O     10    8      4.66489883      1.19839699     -0.02327545
  C     11    6      0.49428518     -1.16712649      0.02099746
  H     12    1     -0.03251071     -2.11492669      0.05447935
  C     13    6      1.96291176     -1.21653219     -0.02111314
  H     14    1      2.44359113     -1.96306433      0.61513886
 Br     15   35      2.17304025     -1.94912156     -1.90618750
[GTO]
1    0
S    6    1.000000
   4.56324000E+03    1.96665000E-03 
   6.82024000E+02    1.52306000E-02 
   1.54973000E+02    7.61269000E-02 
   4.44553000E+01    2.60801000E-01 
   1.30290000E+01    6.16462000E-01 
   1.82773000E+00    2.21006000E-01 
SP   3    1.000000
   2.09642000E+01    1.14660000E-01   4.02487000E-02 
   4.80331000E+00    9.19999000E-01   2.37594000E-01 
   1.45933000E+00   -3.03068000E-03   8.15854000E-01 
SP   1    1.000000
   4.83456000E-01    1.00000000E+00   1.00000000E+00 
SP   1    1.000000
   1.45585000E-01    1.00000000E+00   1.00000000E+00 
SP   1    1.000000
   4.38000000E-02    1.00000000E+00   1.00000000E+00 
D    1    1.000000
   6.26000000E-01    1.00000000E+00 

2    0
S    6    1.000000
   4.56324000E+03    1.96665000E-03 
   6.82024000E+02    1.52306000E-02 
   1.54973000E+02    7.61269000E-02 
   4.44553000E+01    2.60801000E-01 
   1.30290000E+01    6.16462000E-01 
   1.82773000E+00    2.21006000E-01 
SP   3    1.000000
   2.09642000E+01    1.14660000E-01   4.02487000E-02 
   4.80331000E+00    9.19999000E-01   2.37594000E-01 
   1.45933000E+00   -3.03068000E-03   8.15854000E-01 
SP   1    1.000000
   4.83456000E-01    1.00000000E+00   1.00000000E+00 
SP   1    1.000000
   1.45585000E-01    1.00000000E+00   1.00000000E+00 
SP   1    1.000000
   4.38000000E-02    1.00000000E+00   1.00000000E+00 
D    1    1.000000
   6.26000000E-01    1.00000000E+00 

3    0
S    6    1.000000
   4.56324000E+03    1.96665000E-03 
   6.82024000E+02    1.52306000E-02 
   1.54973000E+02    7.61269000E-02 
   4.44553000E+01    2.60801000E-01 
   1.30290000E+01    6.16462000E-01 
   1.82773000E+00    2.21006000E-01 
SP   3    1.000000
   2.09642000E+01    1.14660000E-01   4.02487000E-02 
   4.80331000E+00    9.19999000E-01   2.37594000E-01 
   1.45933000E+00   -3.03068000E-03   8.15854000E-01 
SP   1    1.000000
   4.83456000E-01    1.00000000E+00   1.00000000E+00 
SP   1    1.000000
   1.45585000E-01    1.00000000E+00   1.00000000E+00 
SP   1    1.000000
   4.38000000E-02    1.00000000E+00   1.00000000E+00 
D    1    1.000000
   6.26000000E-01    1.00000000E+00 

4    0
S    6    1.000000
   4.56324000E+03    1.96665000E-03 
   6.82024000E+02    1.52306000E-02 
   1.54973000E+02    7.61269000E-02 
   4.44553000E+01    2.60801000E-01 
   1.30290000E+01    6.16462000E-01 
   1.82773000E+00    2.21006000E-01 
SP   3    1.000000
   2.09642000E+01    1.14660000E-01   4.02487000E-02 
   4.80331000E+00    9.19999000E-01   2.37594000E-01 
   1.45933000E+00   -3.03068000E-03   8.15854000E-01 
SP   1    1.000000
   4.83456000E-01    1.00000000E+00   1.00000000E+00 
SP   1    1.000000
   1.45585000E-01    1.00000000E+00   1.00000000E+00 
SP   1    1.000000
   4.38000000E-02    1.00000000E+00   1.00000000E+00 
D    1    1.000000
   6.26000000E-01    1.00000000E+00 

5    0
S    3    1.000000
   3.38650000E+01    2.54938000E-02 
   5.09479000E+00    1.90373000E-01 
   1.15879000E+00    8.52161000E-01 
S    1    1.000000
   3.25840000E-01    1.00000000E+00 
S    1    1.000000
   1.02741000E-01    1.00000000E+00 

6    0
S    3    1.000000
   3.38650000E+01    2.54938000E-02 
   5.09479000E+00    1.90373000E-01 
   1.15879000E+00    8.52161000E-01 
S    1    1.000000
   3.25840000E-01    1.00000000E+00 
S    1    1.000000
   1.02741000E-01    1.00000000E+00 

7    0
S    3    1.000000
   3.38650000E+01    2.54938000E-02 
   5.09479000E+00    1.90373000E-01 
   1.15879000E+00    8.52161000E-01 
S    1    1.000000
   3.25840000E-01    1.00000000E+00 
S    1    1.000000
   1.02741000E-01    1.00000000E+00 

8    0
S    6    1.000000
   6.29348000E+03    1.96979000E-03 
   9.49044000E+02    1.49613000E-02 
   2.18776000E+02    7.35006000E-02 
   6.36916000E+01    2.48937000E-01 
   1.88282000E+01    6.02460000E-01 
   2.72023000E+00    2.56202000E-01 
SP   3    1.000000
   3.06331000E+01    1.11906000E-01   3.83119000E-02 
   7.02614000E+00    9.21666000E-01   2.37403000E-01 
   2.11205000E+00   -2.56919000E-03   8.17592000E-01 
SP   1    1.000000
   6.84009000E-01    1.00000000E+00   1.00000000E+00 
SP   1    1.000000
   2.00878000E-01    1.00000000E+00   1.00000000E+00 
SP   1    1.000000
   6.39000000E-02    1.00000000E+00   1.00000000E+00 
D    1    1.000000
   9.13000000E-01    1.00000000E+00 

9    0
S    6    1.000000
   8.58850000E+03    1.89515000E-03 
   1.29723000E+03    1.43859000E-02 
   2.99296000E+02    7.07320000E-02 
   8.73771000E+01    2.40001000E-01 
   2.56789000E+01    5.94797000E-01 
   3.74004000E+00    2.80802000E-01 
SP   3    1.000000
   4.21175000E+01    1.13889000E-01   3.65114000E-02 
   9.62837000E+00    9.20811000E-01   2.37153000E-01 
   2.85332000E+00   -3.27447000E-03   8.19702000E-01 
SP   1    1.000000
   9.05661000E-01    1.00000000E+00   1.00000000E+00 
SP   1    1.000000
   2.55611000E-01    1.00000000E+00   1.00000000E+00 
SP   1    1.000000
   8.45000000E-02    1.00000000E+00   1.00000000E+00 
D    1    1.000000
   1.29200000E+00    1.00000000E+00 

10    0
S    6    1.000000
   8.58850000E+03    1.89515000E-03 
   1.29723000E+03    1.43859000E-02 
   2.99296000E+02    7.07320000E-02 
   8.73771000E+01    2.40001000E-01 
   2.56789000E+01    5.94797000E-01 
   3.74004000E+00    2.80802000E-01 
SP   3    1.000000
   4.21175000E+01    1.13889000E-01   3.65114000E-02 
   9.62837000E+00    9.20811000E-01   2.37153000E-01 
   2.85332000E+00   -3.27447000E-03   8.19702000E-01 
SP   1    1.000000
   9.05661000E-01    1.00000000E+00   1.00000000E+00 
SP   1    1.000000
   2.55611000E-01    1.00000000E+00   1.00000000E+00 
SP   1    1.000000
   8.45000000E-02    1.00000000E+00   1.00000000E+00 
D    1    1.000000
   1.29200000E+00    1.00000000E+00 

11    0
S    6    1.000000
   4.56324000E+03    1.96665000E-03 
   6.82024000E+02    1.52306000E-02 
   1.54973000E+02    7.61269000E-02 
   4.44553000E+01    2.60801000E-01 
   1.30290000E+01    6.16462000E-01 
   1.82773000E+00    2.21006000E-01 
SP   3    1.000000
   2.09642000E+01    1.14660000E-01   4.02487000E-02 
   4.80331000E+00    9.19999000E-01   2.37594000E-01 
   1.45933000E+00   -3.03068000E-03   8.15854000E-01 
SP   1    1.000000
   4.83456000E-01    1.00000000E+00   1.00000000E+00 
SP   1    1.000000
   1.45585000E-01    1.00000000E+00   1.00000000E+00 
SP   1    1.000000
   4.38000000E-02    1.00000000E+00   1.00000000E+00 
D    1    1.000000
   6.26000000E-01    1.00000000E+00 

12    0
S    3    1.000000
   3.38650000E+01    2.54938000E-02 
   5.09479000E+00    1.90373000E-01 
   1.15879000E+00    8.52161000E-01 
S    1    1.000000
   3.25840000E-01    1.00000000E+00 
S    1    1.000000
   1.02741000E-01    1.00000000E+00 

13    0
S    6    1.000000
   4.56324000E+03    1.96665000E-03 
   6.82024000E+02    1.52306000E-02 
   1.54973000E+02    7.61269000E-02 
   4.44553000E+01    2.60801000E-01 
   1.30290000E+01    6.16462000E-01 
   1.82773000E+00    2.21006000E-01 
SP   3    1.000000
   2.09642000E+01    1.14660000E-01   4.02487000E-02 
   4.80331000E+00    9.19999000E-01   2.37594000E-01 
   1.45933000E+00   -3.03068000E-03   8.15854000E-01 
SP   1    1.000000
   4.83456000E-01    1.00000000E+00   1.00000000E+00 
SP   1    1.000000
   1.45585000E-01    1.00000000E+00   1.00000000E+00 
SP   1    1.000000
   4.38000000E-02    1.00000000E+00   1.00000000E+00 
D    1    1.000000
   6.26000000E-01    1.00000000E+00 

14    0
S    3    1.000000
   3.38650000E+01    2.54938000E-02 
   5.09479000E+00    1.90373000E-01 
   1.15879000E+00    8.52161000E-01 
S    1    1.000000
   3.25840000E-01    1.00000000E+00 
S    1    1.000000
   1.02741000E-01    1.00000000E+00 

15    0
S    6    1.000000
   4.39700000E+05    8.13000000E-04 
   6.60300000E+04    6.28500000E-03 
   1.51400000E+04    3.19200000E-02 
   4.31700000E+03    1.28800000E-01 
   1.41400000E+03    3.94600000E-01 
   5.23900000E+02    5.41300000E-01 
S    3    1.000000
   5.23900000E+02    1.83100000E-01 
   2.07700000E+02    6.17600000E-01 
   8.65400000E+01    2.53800000E-01 
S    1    1.000000
   3.05200000E+01    1.00000000E+00 
S    1    1.000000
   1.29800000E+01    1.00000000E+00 
S    1    1.000000
   4.41200000E+00    1.00000000E+00 
S    1    1.000000
   1.86200000E+00    1.00000000E+00 
S    1    1.000000
   3.93200000E-01    1.00000000E+00 
S    1    1.000000
   1.40000000E-01    1.00000000E+00 
P    3    1.000000
   2.95700000E+03    2.22600000E-02 
   7.00300000E+02    1.80200000E-01 
   2.24600000E+02    8.62400000E-01 
P    3    1.000000
   8.25900000E+01    3.44000000E-01 
   3.31900000E+01    5.07100000E-01 
   1.42000000E+01    2.59000000E-01 
P    3    1.000000
   1.42000000E+01    7.96500000E-02 
   7.43800000E+00    3.73400000E-01 
   3.52600000E+00    6.04900000E-01 
P    1    1.000000
   1.59500000E+00    1.00000000E+00 
P    1    1.000000
   8.46200000E-01    1.00000000E+00 
P    1    1.000000
   3.18600000E-01    1.00000000E+00 
P    1    1.000000
   1.09600000E-01    1.00000000E+00 
D    4    1.000000
   1.34800000E+02    1.83100000E-02 
   3.63900000E+01    1.35000000E-01 
   1.21600000E+01    4.26100000E-01 
   4.34100000E+00    6.04300000E-01 
D    1    1.000000
   1.53500000E+00    1.00000000E+00 
SP   1    1.000000
   3.90000000E-02    1.00000000E+00   1.00000000E+00 
D    1    1.000000
   4.15000000E-01    1.00000000E+00 

[MO]
Sym=X
Ene= -0.131290
Spin=Alpha
Occup=1
     1   -6.648234521430e-03
     2   -1.079381685755e-02
     3   -2.917000270464e-02
     4    2.047174846735e-02
     5    1.663741673743e-02
     6    3.125521679194e-02
     7   -4.641604010026e-02
     8    3.272856958094e-02
     9    2.708258221938e-02
    10    3.325894337607e-02
    11   -2.335473320590e-02
    12    2.540822618161e-02
    13    2.497397595217e-02
    14    4.441648407548e-01
    15    8.680533727458e-02
    16   -6.710991865975e-03
    17   -1.059262370125e-03
    18   -4.164091219024e-04
    19    9.631978026638e-04
    20   -9.006432393582e-05
    21   -6.483059147585e-03
    22   -8.343888714847e-04
    23    1.089388234052e-02
    24    1.707466373082e-02
    25    1.762027720144e-02
    26    3.443766832299e-02
    27    8.106944034285e-03
    28   -4.672117012679e-02
    29    2.650122202271e-02
    30    4.981930464639e-02
    31    1.265238873181e-02
    32   -1.296914311126e-02
    33    7.229499877058e-03
    34    1.871946034676e-02
    35    1.545980602486e-02
    36   -7.354650372608e-01
    37    1.079740771026e-01
    38    6.706602827582e-02
    39    6.689319001258e-04
    40   -4.735189417066e-05
    41   -3.544183052255e-03
    42    2.817379311479e-03
    43    4.622901697778e-03
    44   -2.052179065783e-03
    45   -7.170126145626e-03
    46   -1.152200795487e-02
    47    7.052981135874e-02
    48   -4.378952559344e-03
    49   -3.092958507021e-02
    50    3.479825357887e-02
    51    1.086767581906e-01
    52   -4.554122845756e-03
    53   -5.282769221934e-02
    54   -2.646675959414e-02
    55    7.628180067356e-02
    56    1.814724865685e-02
    57   -9.042954563382e-03
    58    2.267274072532e-01
    59   -1.404025894947e-01
    60    1.903921974596e-01
    61   -5.187291035753e-03
    62   -1.662397522532e-03
    63   -2.198731302591e-03
    64    9.422252545768e-03
    65    8.053084095395e-03
    66    2.950977288014e-03
    67    2.468906627614e-03
    68    3.940452227696e-03
    69    1.482016120454e-02
    70    3.939715375965e-03
    71    1.956232910448e-03
    72   -8.892007559235e-03
    73    2.460172241669e-02
    74    5.186457543195e-03
    75    2.492281002321e-03
    76   -9.281657335342e-03
    77    1.351577963652e-02
    78    1.510276770680e-03
    79    7.724577760654e-03
    80   -1.197108298965e-01
    81   -5.269694688470e-02
    82   -2.227842802335e-02
    83    4.756258893875e-03
    84    7.282230217337e-04
    85   -6.235281927449e-04
    86    4.229402663025e-03
    87   -5.294858026343e-03
    88   -1.748837020123e-03
    89    2.986914912764e-02
    90    3.249787862251e-02
    91   -3.893689155487e-03
    92    1.762618690722e-02
    93    2.114060828242e-02
    94    9.858545023811e-03
    95   -1.608188072818e-02
    96   -2.240853387674e-02
    97   -3.237020656450e-03
    98    2.382524027644e-02
    99    3.884168627008e-02
   100   -1.245759966433e-01
   101    2.035773137767e-03
   102   -6.624379619391e-02
   103   -1.280240131205e-01
   104   -1.970810240623e-01
   105    3.494036608032e-03
   106   -1.050906342050e-01
   107   -1.602852229843e-01
   108   -1.197769655468e-01
   109   -3.948059216876e-03
   110   -7.596220731287e-02
   111   -4.972049535000e-02
   112    8.448443370152e-03
   113   -5.716088947776e-02
   114    2.093796828183e-04
   115    1.561988293611e-03
   116   -7.467249939619e-04
   117    2.564579941286e-03
   118    9.332345969368e-04
   119   -1.751409089674e-04
   120   -3.075539445517e-02
   121   -4.998255779209e-02
   122    3.558627841123e-03
   123   -1.037281940973e-01
   124   -3.042842692577e-02
   125    1.476048757800e-01
   126    3.216157097728e-03
   127   -1.521400765714e-01
   128   -4.677069521955e-02
   129    2.053519793707e-01
   130   -7.151960871122e-03
   131   -7.517789570963e-02
   132   -3.545242355828e-02
   133    1.951197435960e-02
   134    2.039522130181e-04
   135    8.977636174283e-03
   136    2.211166754619e-03
   137    5.969676630714e-03
   138    3.248465694901e-03
   139   -3.634510944254e-03
   140    1.125706197419e-02
   141    2.724325824716e-03
   142   -2.591675121343e-02
   143   -4.208815488801e-02
   144   -4.461422079734e-04
   145    8.968936813905e-02
   146   -3.175344738863e-02
   147    1.235673083766e-01
   148   -2.314606630435e-03
   149    1.314207995055e-01
   150   -4.897299379037e-02
   151    1.803638191791e-01
   152   -1.262062476482e-02
   153    5.951565127858e-02
   154   -2.563475846578e-02
   155    8.640951820106e-02
   156   -4.168750582253e-03
   157   -1.864897313762e-02
   158    3.715778751429e-03
   159    3.928907653806e-03
   160    2.794930349019e-03
   161    5.761398208395e-03
   162    1.068248422102e-02
   163   -1.980355691190e-03
   164   -7.233057688108e-03
   165   -1.135445148820e-02
   166    7.251646506490e-03
   167   -1.215058110338e-04
   168   -3.208913750997e-02
   169    3.122064187526e-02
   170    7.015208585543e-03
   171   -1.234538781199e-03
   172   -5.405631651442e-02
   173    1.304450809870e-02
   174    5.840674051419e-03
   175   -8.961759581477e-03
   176   -2.306837528992e-02
   177    4.309274371646e-01
   178    1.293412210027e-01
   179   -1.778156422034e-02
   180   -1.228716135587e-02
   181    2.370282009313e-03
   182   -8.974856054779e-03
   183    1.925636824622e-03
   184   -2.080353446621e-03
   185    7.832305157612e-04
   186    2.483408946280e-03
   187   -6.676374425035e-04
   188   -9.496307852437e-03
   189    9.844820020182e-03
   190    1.602627275973e-02
   191   -2.301478381743e-02
   192    5.492913515183e-03
   193   -9.387396705408e-02
   194   -5.142897695602e-02
   195   -3.695489857508e-02
   196    8.402393909723e-03
   197   -1.567680920180e-01
   198    2.222354962593e-02
   199   -2.348306722770e-02
   200    3.848974620357e-02
   201   -1.450002326957e-01
   202   -2.522711386697e-01
   203    1.865427308095e-01
   204    4.810862082986e-02
   205    6.433039405223e-03
   206    4.269663459026e-03
   207   -2.897041472069e-03
   208    7.329211505406e-03
   209    9.098337896348e-03
   210    6.961853486837e-03
   211   -6.452232341733e-02
   212   -7.212920818571e-02
   213    9.798690838778e-03
   214    2.966709421582e-03
   215    9.600439905729e-03
   216   -2.591084293307e-02
   217   -3.212205469890e-02
   218    6.412653247414e-02
   219    7.901718853909e-02
   220   -1.534804064630e-01
   221   -1.152054523509e-01
   222   -6.830920332959e-04
   223    1.818068707097e-03
   224    3.975372557078e-03
   225   -5.642156221299e-03
   226    1.499914661947e-02
   227    3.279494628885e-02
   228    1.474277984283e-02
   229   -3.895125101573e-02
   230   -8.522718524461e-02
   231    5.298591190933e-03
   232   -1.476280020159e-02
   233   -3.305155929066e-02
   234   -1.134290432551e-02
   235    3.125218930332e-02
   236    7.085144472994e-02
   237   -2.949141064105e-02
   238    7.328737201216e-02
   239    1.595691964350e-01
   240   -2.537897594565e-03
   241    1.338301941846e-02
   242    4.892194692258e-02
   243   -5.211355766396e-03
   244    2.897094657649e-03
   245   -8.182057971977e-03
   246    1.384104462456e-03
   247    1.245441956764e-03
   248   -1.300033675166e-04
   249    2.576646671241e-04
   250   -7.559575260602e-04
   251    2.687913402382e-05
   252    2.308715778772e-05
   253    4.470854304340e-03
   254    5.500361488682e-03
   255   -1.558580215568e-03
   256    2.949491260538e-03
   257    9.247092313990e-03
   258   -6.055806746112e-03
   259    1.348258717312e-02
   260   -4.657952430956e-04
   261   -1.713126785098e-03
Sym=X
Ene= -0.295504
Spin=Alpha
Occup=1
     1    2.281963725336e-05
     2    5.701248667931e-05
     3    9.358631731665e-03
     4   -3.000377749236e-03
     5   -4.413161595983e-02
     6   -6.364813200597e-04
     7    1.384141673290e-02
     8   -4.708917036255e-03
     9   -7.345946850833e-02
    10    4.918307723342e-03
    11    9.236607573134e-03
    12   -1.714612689693e-02
    13   -5.542258700718e-02
    14    8.938851992021e-02
    15   -4.409777561500e-04
    16   -2.755303689317e-02
    17    7.279503223128e-03
    18   -8.917357883243e-04
    19    1.623105642476e-02
    20    1.305499824655e-02
    21    2.751008546759e-03
    22    2.130811620785e-03
    23   -1.317756272781e-04
    24   -2.690563054457e-04
    25   -1.015816224513e-02
    26    4.134195403922e-03
    27    7.847958507452e-02
    28    1.472215683969e-03
    29   -1.375601554951e-02
    30    5.603648685184e-03
    31    1.299782718985e-01
    32   -2.039141800846e-02
    33   -1.970053616653e-02
    34    1.037839868927e-02
    35    1.098330176724e-01
    36   -4.161434543270e-01
    37   -5.877540901786e-02
    38    6.510611913749e-02
    39   -8.593417838177e-03
    40    2.165629228713e-04
    41    9.563285198540e-03
    42   -1.079916307213e-02
    43    1.202699987366e-03
    44    1.852962838470e-04
    45    3.542230356113e-03
    46    5.847409173381e-03
    47    7.574846093587e-03
    48    3.967116807090e-03
    49    1.035894887581e-01
    50   -1.986177521383e-02
    51    1.079804975829e-02
    52    6.056368538314e-03
    53    1.738477716416e-01
    54   -4.570408005952e-03
    55    1.337634428375e-02
    56    3.008967416469e-02
    57    1.431320384327e-01
    58    1.667130802823e-01
    59   -9.500698459743e-03
    60    2.546786578411e-01
    61    3.860744420263e-03
    62    1.020508635773e-03
    63   -3.980575246216e-03
    64    8.516715442751e-03
    65    4.644477947131e-03
    66    2.102837546912e-03
    67    2.530225558059e-03
    68    4.031001343420e-03
    69   -1.602062337962e-02
    70    7.552696456500e-03
    71   -1.236923286631e-01
    72   -1.181082446633e-02
    73   -2.434396670133e-02
    74    9.972887177338e-03
    75   -2.040556901448e-01
    76   -2.461880215280e-02
    77   -2.944742428574e-02
    78    5.807976466793e-03
    79   -1.776061256912e-01
    80   -1.612774109394e-01
    81   -2.485608990096e-02
    82    2.507140130578e-03
    83   -7.482996753702e-03
    84   -7.280677858738e-04
    85   -9.188235850415e-03
    86    4.391847859073e-03
    87    3.764724748420e-03
    88   -3.762437441771e-04
    89   -7.080500561889e-03
    90   -8.030626461269e-03
    91   -1.390048630533e-04
    92   -1.370282463776e-03
    93   -1.467254367126e-03
    94    4.082029937250e-03
    95    1.233665030869e-02
    96    1.687839220231e-02
    97    7.029426223651e-03
    98   -8.248825117856e-04
    99   -1.304041166632e-03
   100   -9.120603606273e-03
   101    9.708277813626e-04
   102   -3.855368200250e-03
   103    3.322061922620e-03
   104   -1.385358058682e-02
   105    1.723172968993e-03
   106   -4.147368955652e-03
   107    5.901713912593e-03
   108    7.219321444654e-04
   109   -1.334412479850e-03
   110   -1.143588114430e-02
   111    3.782237138872e-02
   112    2.481845027668e-03
   113   -9.485966607638e-02
   114   -2.209462223660e-02
   115    2.289947363892e-03
   116   -1.135555539071e-02
   117   -1.273754267140e-02
   118    4.367098102297e-03
   119   -3.058661861948e-03
   120    6.316849281401e-04
   121    1.031988465769e-03
   122    2.344889256068e-02
   123    9.824756011780e-03
   124    2.779443685051e-02
   125   -3.321595948593e-03
   126    3.446245768634e-02
   127    1.427875008883e-02
   128    4.151742889353e-02
   129   -5.041525617316e-03
   130    3.465001698925e-02
   131    1.426439359671e-02
   132    3.992590955920e-02
   133   -7.092082887096e-02
   134    6.626226263189e-03
   135   -1.106703638349e-02
   136    1.161585377323e-02
   137    3.742104293351e-04
   138   -1.466645286104e-03
   139    1.783843978294e-03
   140   -1.121741562369e-03
   141    1.007007005286e-03
   142    2.122956801405e-04
   143    3.319992697234e-04
   144    7.054571862857e-04
   145    4.208126751439e-03
   146   -8.369764233496e-02
   147   -1.214611986775e-03
   148    6.768865674799e-04
   149    5.968782673884e-03
   150   -1.246482667223e-01
   151   -5.410155019759e-03
   152    1.370189403324e-03
   153    5.652666734068e-03
   154   -1.168791106859e-01
   155    4.267029537882e-02
   156   -4.365885032371e-03
   157   -4.155022108827e-03
   158    5.297362791397e-04
   159   -3.735637894801e-04
   160    3.099989354381e-03
   161    5.858099443361e-03
   162    4.106312909256e-04
   163    1.702249457548e-04
   164   -6.701915810752e-03
   165   -1.108728372455e-02
   166    2.778853964465e-02
   167   -1.568341675086e-02
   168   -8.770982411119e-02
   169    3.835756196466e-02
   170    4.191849698086e-02
   171   -2.480239461261e-02
   172   -1.465240563873e-01
   173    3.711209461757e-02
   174    2.366540219463e-02
   175    5.097316013757e-03
   176   -1.053311883814e-01
   177    1.482316087899e-02
   178   -2.732931986703e-02
   179    3.850261216198e-02
   180    3.649139646809e-03
   181   -3.146770346456e-03
   182    8.998982274143e-03
   183   -1.635834646867e-02
   184    3.848698095259e-03
   185    3.080051092200e-03
   186    4.213626872032e-03
   187    1.069837721493e-02
   188    1.437787094267e-02
   189   -1.228483234650e-03
   190   -1.874933618585e-03
   191   -3.133225506937e-02
   192    7.429099970741e-03
   193    5.073738259231e-03
   194    5.616029615943e-03
   195   -4.913490296629e-02
   196    1.251733070915e-02
   197    9.328522706342e-03
   198    1.789937081413e-02
   199   -1.329983108621e-02
   200    1.307680551683e-02
   201    3.882460381169e-03
   202    2.776350378110e-01
   203    8.592151348818e-03
   204    1.783336201834e-02
   205    8.568725167814e-03
   206   -2.449677322376e-03
   207    5.047009310288e-03
   208    8.268783502203e-03
   209    6.611367437873e-03
   210   -2.038887475191e-03
   211   -1.501153975636e-02
   212   -2.819495926654e-02
   213   -1.002534238126e-02
   214   -3.197526796779e-04
   215   -1.036626339723e-03
   216    2.816783230147e-03
   217    3.389696742802e-03
   218   -6.676886261162e-03
   219   -9.181725438120e-03
   220    2.067086395746e-02
   221    6.929747678376e-03
   222    8.451085323373e-03
   223    1.655781733842e-03
   224   -1.324079244347e-04
   225    6.978516409258e-02
   226    1.366968158314e-02
   227   -1.096243140025e-03
   228   -1.825852777348e-01
   229   -3.577713886925e-02
   230    2.832271031012e-03
   231   -6.742458943041e-02
   232   -1.346889725544e-02
   233    7.382065222992e-04
   234    1.504387376534e-01
   235    3.016847529728e-02
   236   -1.301151374919e-03
   237    3.636196243730e-01
   238    7.066636887248e-02
   239   -5.479815910292e-03
   240    2.141026324335e-01
   241    4.624393293997e-02
   242   -4.135623042806e-03
   243    8.215308793409e-04
   244    2.070717362344e-03
   245    9.846116686375e-04
   246   -2.110154879609e-03
   247    1.605287956742e-03
   248    2.149053181409e-04
   249    8.540326648136e-05
   250    1.256704523724e-04
   251   -7.951990042813e-05
   252    1.656593721881e-04
   253    3.230669757550e-03
   254   -9.012621566096e-03
   255   -3.246094104466e-03
   256    8.294813361206e-04
   257   -1.470399284531e-03
   258    1.622006534314e-03
   259   -8.709016983367e-04
   260    1.855177749542e-03
   261   -1.204427827828e-03
Sym=X
Ene= -0.345642
Spin=Alpha
Occup=1
     1    4.123489747515e-03
     2    6.671865636725e-03
     3    8.004137172034e-02
     4   -1.103521558841e-02
     5   -1.280823900640e-02
     6   -1.819571884124e-02
     7    1.186785215549e-01
     8   -2.054568956865e-02
     9   -2.118780803455e-02
    10   -2.734843307553e-02
    11    8.141738588622e-02
    12   -3.601196945841e-02
    13   -1.714615356744e-02
    14    2.278217180473e-01
    15    9.928025865831e-02
    16    2.998770777517e-02
    17    4.446580476185e-03
    18   -1.935923879636e-04
    19   -2.287057396238e-03
    20    1.748328728232e-04
    21    2.009811110747e-02
    22    1.328660021198e-02
    23   -2.251181308430e-03
    24   -3.573162541252e-03
    25   -8.557880421686e-02
    26    2.852825927247e-02
    27   -1.632206635537e-02
    28    1.065894013206e-02
    29   -1.206907474520e-01
    30    3.581254365897e-02
    31   -2.687028296025e-02
    32    1.521472255990e-02
    33   -6.644884012071e-02
    34    1.670423912131e-02
    35   -2.456190087094e-02
    36    2.333731596635e-01
    37    2.040661347099e-01
    38   -9.409200830837e-02
    39   -4.492898755287e-03
    40   -5.518311380153e-05
    41    1.231247430247e-03
    42    4.640791008768e-04
    43    4.998036462877e-03
    44    4.897523670601e-03
    45    9.289386320197e-03
    46    1.501084671492e-02
    47    1.374391510196e-02
    48   -4.866859327114e-02
    49    1.160336529335e-04
    50   -4.079049677533e-02
    51    1.755920981142e-02
    52   -7.124072876085e-02
    53   -2.747353730957e-04
    54   -7.565318652045e-02
    55   -5.724351309322e-03
    56   -4.369379636531e-02
    57   -1.328445092598e-03
    58    1.089678509603e-01
    59   -1.253567456702e-02
    60   -3.832974077994e-01
    61    1.701140544865e-02
    62   -1.993185490539e-03
    63    4.633878839003e-04
    64   -4.544218430687e-03
    65    2.188810824466e-02
    66    7.837382591585e-03
    67    2.003346573159e-03
    68    2.904328957883e-03
    69   -1.159366233501e-01
    70    4.261379826544e-02
    71    1.368992054123e-03
    72   -1.179408009835e-02
    73   -1.787050492757e-01
    74    6.012086585823e-02
    75    2.039528660702e-03
    76    5.854539689554e-02
    77   -1.495065443343e-01
    78    2.713173890559e-02
    79    6.427124116414e-03
    80   -1.618077765194e-01
    81   -3.981423558977e-02
    82    7.051814037507e-02
    83   -1.141698363035e-02
    84   -1.732576045339e-03
    85   -2.854396665811e-04
    86   -1.710596466770e-03
    87    2.929717869185e-02
    88    2.537932253287e-03
    89   -5.309048966747e-02
    90   -7.082692488192e-02
    91   -1.383106359999e-02
    92   -8.688766225887e-03
    93   -6.736779970909e-03
    94   -1.295227772995e-03
    95    1.050400723128e-01
    96    1.317040711614e-01
    97    2.179730427897e-02
    98   -5.308842129183e-03
    99   -8.561738507086e-03
   100   -5.276667000262e-02
   101    9.391590221870e-03
   102   -4.340004892237e-03
   103    2.574119420374e-02
   104   -7.828108837008e-02
   105    1.429976907642e-02
   106   -6.874968878071e-03
   107    2.281595362088e-02
   108   -8.680622993886e-02
   109    9.813771407258e-03
   110   -6.388803326560e-03
   111   -1.313832982108e-01
   112   -3.370906486746e-02
   113    6.973688337541e-02
   114   -3.944715263620e-03
   115    9.258351758889e-04
   116   -3.216320320338e-05
   117    2.298137443897e-03
   118   -7.748155846840e-03
   119    7.459916591851e-04
   120   -7.494522041751e-03
   121   -1.223170437694e-02
   122   -8.529010177231e-03
   123   -3.114464342704e-02
   124   -9.704822886763e-03
   125    3.688753297267e-02
   126   -1.191164828864e-02
   127   -4.604673178395e-02
   128   -1.454698848808e-02
   129    5.464598015056e-02
   130   -1.448769477987e-02
   131   -2.213089329130e-02
   132   -1.529167731863e-02
   133    1.110409705807e-01
   134   -6.410545780768e-03
   135    2.341777266358e-02
   136   -4.371630273471e-03
   137    1.641390900336e-03
   138    5.147938597509e-04
   139   -4.449433390723e-04
   140    3.493616619258e-03
   141   -8.421563638903e-04
   142   -2.000358300910e-03
   143   -3.210586185829e-03
   144   -4.237663898543e-02
   145    2.875512503553e-02
   146    9.113282112147e-03
   147    8.914283853240e-03
   148   -6.302812903989e-02
   149    4.322094258291e-02
   150    1.350912658221e-02
   151    2.290046775603e-02
   152   -5.377772482848e-02
   153    2.580768997882e-02
   154    1.466073980289e-02
   155    2.573515726910e-02
   156    2.907628458358e-03
   157   -1.438389238628e-02
   158    1.653322767400e-03
   159    4.078778570058e-04
   160   -5.040655868693e-04
   161   -2.196926689247e-04
   162    5.125744772648e-03
   163    2.826944412164e-03
   164    3.297588985736e-03
   165    5.523556063274e-03
   166    1.202130430557e-01
   167   -4.485148760357e-02
   168    1.031976039455e-02
   169   -1.775229514188e-02
   170    1.741517542462e-01
   171   -5.992121644513e-02
   172    1.858078774343e-02
   173   -6.549976715447e-03
   174    1.215399624329e-01
   175   -3.683435230116e-02
   176    6.465577167682e-03
   177    3.068870035924e-01
   178   -2.366589310150e-02
   179    8.922926715833e-02
   180    1.984439755868e-02
   181   -8.888270167586e-04
   182    2.499769464351e-04
   183    1.125843584167e-03
   184    1.928470310915e-02
   185    2.752718347942e-03
   186   -2.118094225384e-02
   187   -3.029279826666e-02
   188    8.403538254531e-05
   189   -5.230291282755e-03
   190   -8.136044181024e-03
   191   -1.137553283014e-01
   192    6.563964689615e-02
   193    1.703305313423e-02
   194    3.160377556101e-02
   195   -1.741179482431e-01
   196    1.090547680466e-01
   197    3.213888351046e-02
   198   -6.428925301684e-02
   199   -1.225036875476e-01
   200    9.421425529734e-02
   201    3.126621428761e-02
   202   -7.114670831296e-01
   203   -5.219504004038e-02
   204   -1.516754620851e-01
   205   -2.323076884698e-02
   206   -1.010550904655e-02
   207   -1.047406928000e-03
   208    3.541232661571e-03
   209    1.077568438162e-02
   210    1.063655393253e-02
   211   -6.582666090798e-02
   212   -6.911654359079e-02
   213    6.119389567167e-03
   214   -1.542811551753e-03
   215   -4.989295129907e-03
   216    1.343403467867e-02
   217    1.684715477937e-02
   218   -3.386514407605e-02
   219   -4.008360793891e-02
   220    7.674273248114e-02
   221    6.833991966724e-02
   222   -2.278608566031e-03
   223   -1.726833608224e-03
   224   -3.542556457180e-03
   225   -1.880365706072e-02
   226   -1.425652542252e-02
   227   -2.922721542590e-02
   228    4.899329303020e-02
   229    3.722902104531e-02
   230    7.599224277274e-02
   231    1.811972225081e-02
   232    1.403421670532e-02
   233    2.925919781394e-02
   234   -3.921878075867e-02
   235   -3.085920202102e-02
   236   -6.261249694247e-02
   237   -9.523368718124e-02
   238   -7.393041054992e-02
   239   -1.464881612621e-01
   240   -4.316003725939e-02
   241   -3.442926514296e-02
   242   -4.116658032031e-02
   243    8.545462779778e-03
   244    5.037797367332e-03
   245    2.568106750492e-03
   246   -1.407042202717e-03
   247    1.756434901859e-03
   248    6.453479950630e-04
   249    7.002835174792e-04
   250    1.935371516855e-04
   251   -3.723892110570e-04
   252    2.279643132502e-04
   253    1.901723652994e-02
   254   -7.313827154363e-03
   255    5.842173989790e-03
   256    5.629352780873e-03
   257   -1.413903113149e-02
   258   -8.010166355967e-03
   259   -5.745140943601e-03
   260    2.871216425073e-03
   261   -3.070594818132e-03
Sym=X
Ene= -0.388025
Spin=Alpha
Occup=1
     1    1.276954989223e-04
     2    8.763717757464e-05
     3    1.028788355888e-02
     4   -1.364969688224e-03
     5    1.867406660571e-02
     6    2.438097566792e-03
     7    1.605461726176e-02
     8   -3.041677417469e-03
     9    2.975203629290e-02
    10   -4.962842452062e-02
    11   -1.451873231023e-02
    12   -4.105313952649e-03
    13    3.122319162405e-02
    14    9.520135931967e-02
    15   -1.070914480812e-02
    16   -2.931365824774e-02
    17    1.138977804382e-02
    18    8.392291555995e-04
    19   -3.691944029514e-03
    20   -3.395063489024e-03
    21    2.182285245930e-03
    22    1.712628821818e-03
    23   -2.536727737102e-03
    24   -4.284704962731e-03
    25   -6.621326666550e-03
    26    5.827606318658e-03
    27   -1.725371833075e-02
    28    1.568788064628e-02
    29   -6.907148951538e-03
    30    7.593748763006e-03
    31   -2.471133000545e-02
    32    3.415811450564e-02
    33   -5.412055285892e-02
    34    1.216879761110e-02
    35   -2.912008030293e-02
    36   -2.876401331923e-01
    37   -5.611280603447e-03
    38    9.996828955440e-02
    39    2.705307058192e-04
    40    1.007540688725e-03
    41   -4.610384652469e-03
    42    2.203211133664e-03
    43    1.609236456541e-03
    44   -5.961809987842e-04
    45    4.919025462265e-04
    46    8.006675925834e-04
    47    2.690132249699e-02
    48    8.846059745913e-03
    49   -2.845813580490e-02
    50   -6.081386489333e-03
    51    4.465394799098e-02
    52    1.781379641267e-02
    53   -4.573124323241e-02
    54    6.729730399180e-02
    55    8.602293561857e-02
    56    4.623791794618e-03
    57   -4.592823553914e-02
    58    1.217205981539e+00
    59   -1.699381446638e-01
    60   -2.468212627152e-01
    61   -4.899598224115e-02
    62    1.448691042892e-03
    63    1.887358375040e-03
    64   -5.583652946855e-03
    65    3.609017797142e-03
    66   -1.304380473776e-03
    67   -9.204194741087e-04
    68   -1.542241334645e-03
    69   -8.059128990736e-03
    70    2.263733379689e-03
    71    3.315517383177e-02
    72    4.750261048275e-03
    73   -1.195709813684e-02
    74    4.272306730986e-03
    75    5.555860794290e-02
    76    1.459549365310e-02
    77   -3.699226544398e-03
    78   -4.903357093396e-03
    79    4.550554127248e-02
    80   -7.151561836659e-02
    81   -1.795273336246e-02
    82   -2.752128057298e-02
    83   -1.065388564448e-02
    84    4.464847742683e-04
    85    2.517639477888e-03
    86   -4.341324114241e-04
    87    2.545635204410e-03
    88    4.167783096388e-04
    89   -6.883097954978e-03
    90   -8.225534865866e-03
    91   -5.281896144664e-03
    92   -8.497333063513e-04
    93   -1.461847766558e-03
    94   -2.850313431132e-03
    95    8.339555794779e-03
    96    1.246855679581e-02
    97   -3.912784220249e-03
    98   -3.629584896447e-04
    99   -6.766777182728e-04
   100   -1.495097553268e-02
   101    4.837132137508e-03
   102    3.180075476759e-03
   103    4.117918791092e-03
   104   -2.464264759506e-02
   105    9.133082098736e-03
   106    4.097890372347e-03
   107   -2.846074909603e-02
   108    2.374166832823e-02
   109   -1.349982231068e-02
   110    1.171851360595e-02
   111   -1.896713734430e-01
   112    6.186921310188e-02
   113    7.265928483738e-02
   114    2.662678953007e-02
   115    7.802674912965e-03
   116    2.148726782354e-03
   117   -4.555371105237e-02
   118    1.349643004891e-02
   119    1.090582307917e-02
   120   -6.373675379177e-04
   121   -1.074333636604e-03
   122   -1.101696346600e-02
   123   -1.541965557499e-02
   124    1.995426547295e-01
   125    2.358903321013e-03
   126   -1.702297027117e-02
   127   -2.169294135309e-02
   128    2.955065499655e-01
   129   -9.095077678132e-03
   130   -1.825494447188e-02
   131   -2.071475645160e-02
   132    2.819190973089e-01
   133    6.770059694715e-02
   134   -1.542579055243e-02
   135    1.726583289970e-02
   136    1.074762711580e-02
   137   -1.917170968335e-03
   138   -8.864405867652e-03
   139    1.327504048600e-02
   140    1.610821404737e-03
   141   -1.023753703782e-03
   142   -4.485342287630e-04
   143   -7.467330030660e-04
   144    7.728641290254e-02
   145   -4.637411741051e-02
   146   -1.696532396633e-01
   147    2.658404815614e-03
   148    1.145349097962e-01
   149   -6.853482192956e-02
   150   -2.514422284696e-01
   151    7.340723016345e-03
   152    1.023759436290e-01
   153   -6.627992546154e-02
   154   -2.406361999489e-01
   155   -2.406601826063e-02
   156   -1.283624900140e-03
   157    9.940322884187e-03
   158   -2.715826857374e-02
   159   -4.221762180384e-04
   160    8.205498004677e-03
   161    1.094977326765e-02
   162   -5.332619195919e-03
   163   -2.279126049836e-03
   164    1.461991640796e-03
   165    2.408143251011e-03
   166    9.458649101548e-03
   167   -1.724447835085e-05
   168    1.953197562491e-02
   169   -8.603567255875e-03
   170    1.265810887567e-02
   171   -4.071733423561e-04
   172    3.369532029353e-02
   173   -2.357332266430e-02
   174    9.173182865172e-03
   175   -1.053359001252e-02
   176    1.769656435250e-02
   177    4.115827787858e-01
   178    1.053777342894e-01
   179    1.411397249108e-02
   180    2.119117652434e-03
   181    2.150461011363e-03
   182   -3.255535136423e-03
   183    3.336984600569e-03
   184    1.845391127849e-03
   185   -3.164390250543e-03
   186   -6.924224589081e-03
   187   -1.320915325228e-02
   188   -4.292608638418e-03
   189    2.028698887145e-03
   190    3.231997810191e-03
   191   -9.636030560666e-03
   192   -1.577115913050e-02
   193   -2.701547059286e-03
   194   -9.512908106298e-03
   195   -1.348836450091e-02
   196   -2.707972327546e-02
   197   -1.012836812523e-02
   198   -1.550733394934e-02
   199   -3.738494661072e-02
   200    1.773414318903e-02
   201    1.981347884640e-03
   202   -1.185753762295e+00
   203    7.808848252036e-02
   204   -1.846369118644e-01
   205    1.836344057257e-04
   206    5.259835703847e-03
   207    3.985222499402e-04
   208   -6.489351729787e-03
   209    3.843486311159e-03
   210    8.258860708441e-04
   211    6.538679008239e-03
   212    2.230309510887e-02
   213    5.415678852734e-02
   214   -1.289438709671e-04
   215   -4.198979731886e-04
   216    1.158320099207e-03
   217    1.272390179560e-03
   218   -2.351619387282e-03
   219   -4.159223650569e-03
   220    6.929691737110e-03
   221    2.113350549621e-02
   222   -2.159465376513e-03
   223    4.356639630341e-03
   224   -1.652754376313e-03
   225   -1.782081673818e-02
   226    3.598768813096e-02
   227   -1.363091961374e-02
   228    4.649631964034e-02
   229   -9.415927652845e-02
   230    3.555120114882e-02
   231    1.782372597462e-02
   232   -3.319636612327e-02
   233    1.434856468625e-02
   234   -3.941602558893e-02
   235    7.310845057389e-02
   236   -3.212325605330e-02
   237   -8.721427402481e-02
   238    1.941546156508e-01
   239   -6.308296409411e-02
   240   -6.544647964591e-02
   241    8.346817170997e-02
   242   -4.559862074196e-02
   243    2.559791549105e-04
   244    1.242138863849e-03
   245   -1.431980432891e-03
   246    1.780161608706e-03
   247    7.255269567722e-04
   248   -1.076877249093e-04
   249    4.718932240012e-04
   250   -3.382882617991e-05
   251    4.399201236482e-04
   252    4.642845947397e-04
   253   -7.059622430095e-02
   254   -2.421934511951e-04
   255   -1.971677194444e-02
   256   -1.898673707369e-02
   257   -1.085279375898e-03
   258   -4.347850481567e-03
   259    4.029379859621e-03
   260   -4.781888332799e-03
   261   -3.995909727187e-03
Sym=X
Ene= -0.774522
Spin=Alpha
Occup=1
     1   -1.149338066060e-03
     2   -1.965274658600e-03
     3    5.898645868686e-03
     4    2.365489954268e-04
     5    1.411095260792e-02
     6    8.481117597820e-03
     7    8.165982139365e-03
     8   -1.819408710219e-03
     9    2.403737699492e-02
    10   -3.702318868161e-02
    11   -6.728320483903e-03
    12    3.129263630407e-02
    13    1.727149047507e-02
    14   -1.280527233943e-01
    15    1.891744550979e-02
    16    3.162734215876e-02
    17    1.217706305883e-03
    18    1.039100231493e-03
    19    4.843924599607e-03
    20    1.952062718173e-03
    21    2.101586282932e-04
    22   -1.248452909552e-03
    23   -3.414829779686e-04
    24   -5.504824768889e-04
    25   -3.455711524394e-03
    26   -1.044603504529e-02
    27    3.555066050663e-02
    28    7.855772866817e-04
    29   -7.109523303787e-03
    30   -1.911361167448e-02
    31    5.795071014024e-02
    32    9.544432973109e-02
    33   -6.762170120738e-03
    34   -7.124340787064e-02
    35    5.469588370976e-02
    36   -5.926251897349e-02
    37   -4.654703826314e-02
    38   -2.135893647720e-02
    39   -2.922347490359e-03
    40    8.625502728432e-04
    41    2.888533694489e-04
    42   -2.594621015778e-03
    43    2.685337070601e-03
    44   -1.481586837681e-03
    45    8.120220197723e-03
    46    1.327230832333e-02
    47    3.942533651918e-03
    48    2.137446077377e-02
    49    2.372752681013e-02
    50   -4.104288474390e-02
    51    4.657633358911e-03
    52    3.477769684884e-02
    53    4.223914928157e-02
    54   -1.687961825400e-01
    55    1.210958086374e-01
    56   -5.022557512266e-04
    57    2.708669971815e-02
    58   -5.792233745517e-01
    59    1.111448568532e-01
    60    2.461522200777e-01
    61    1.565147048621e-02
    62    4.325142874033e-03
    63   -2.083277233306e-03
    64    4.760763506137e-03
    65   -1.942746368649e-03
    66   -2.416645622352e-03
    67    6.291419450943e-04
    68    9.050105325069e-04
    69   -2.789171109553e-03
    70   -2.848876235570e-03
    71   -1.618840944279e-02
    72   -1.531362253511e-03
    73   -2.155885211044e-03
    74   -4.364715615724e-03
    75   -2.571287487224e-02
    76    4.164717851386e-02
    77    1.589069170223e-02
    78   -1.254298100772e-03
    79   -2.327457659199e-02
    80    6.657200786385e-02
    81    1.371605605011e-02
    82    4.860663829070e-02
    83   -7.886495940881e-03
    84    1.038831923424e-03
    85   -8.918117076047e-04
    86    3.695039383719e-03
    87   -4.289924509140e-04
    88    9.325387464197e-04
    89   -6.798709677242e-04
    90   -4.724065038235e-03
    91   -1.280793038973e-02
    92   -9.933521684171e-03
    93   -9.235772959314e-03
    94    1.016025513165e-02
    95    4.581653361850e-04
    96    5.365420458738e-04
    97   -7.941257261480e-04
    98    3.931137347692e-04
    99    5.309339584854e-04
   100    2.123394735302e-03
   101   -1.900111451055e-03
   102   -4.057447759962e-03
   103    8.217276130769e-04
   104    1.722668965963e-03
   105   -3.158832095614e-03
   106   -6.797750037731e-03
   107   -4.281695027679e-02
   108    2.079361387874e-02
   109    2.001471295342e-02
   110   -5.394757296087e-03
   111   -1.695743140703e-02
   112    4.203560758107e-03
   113   -2.253626781069e-02
   114    3.893700813688e-03
   115   -2.106111161795e-03
   116   -2.334586790697e-03
   117    1.711451373097e-02
   118   -4.731552482356e-03
   119   -6.069741692427e-03
   120   -7.045052833099e-04
   121   -1.114083992033e-03
   122    5.475786542722e-03
   123    5.100258251607e-03
   124   -7.662798864561e-02
   125    3.143104968258e-03
   126    8.635807034682e-03
   127    8.023732843344e-03
   128   -1.140326835051e-01
   129    1.624267626043e-02
   130    2.821230792152e-03
   131    8.456124405788e-03
   132   -1.074865601432e-01
   133   -1.969995261809e-02
   134    6.956548028482e-03
   135   -4.865238449675e-03
   136   -8.258497269823e-03
   137    8.257442821548e-04
   138    3.186490444020e-03
   139   -5.553920018720e-03
   140   -3.000246744500e-04
   141    1.912439072328e-04
   142    1.630381630170e-04
   143    2.511529020621e-04
   144   -2.787405078696e-02
   145    2.110310017138e-02
   146    5.966300954876e-02
   147   -7.274764423669e-04
   148   -4.183427239369e-02
   149    3.056417459445e-02
   150    8.836255092878e-02
   151   -8.608133316087e-03
   152   -3.488814796797e-02
   153    3.324088439474e-02
   154    8.490510091849e-02
   155   -2.967303370828e-03
   156   -1.493016952785e-03
   157   -2.901362723006e-03
   158    5.120330782389e-03
   159    2.510066624469e-04
   160   -2.926468387284e-03
   161   -3.608814704334e-03
   162    2.365717469333e-03
   163    9.795022225387e-04
   164    3.311678770393e-03
   165    5.410627111547e-03
   166   -1.004688758512e-02
   167   -2.939004902760e-03
   168   -2.494202966904e-02
   169   -1.699491947237e-02
   170   -2.008207438232e-02
   171   -6.690559724605e-03
   172   -4.030232487837e-02
   173   -9.895931129618e-02
   174   -4.651594569125e-02
   175   -4.435570649515e-02
   176   -3.270715831996e-02
   177   -1.716982064408e-01
   178   -7.151174687217e-02
   179   -2.070042654479e-02
   180    1.390679754501e-02
   181    4.582331853416e-03
   182    2.362130844715e-03
   183   -3.654678666034e-03
   184    5.710187813667e-04
   185   -3.347721514695e-03
   186   -4.589788517506e-04
   187   -1.001964401685e-02
   188   -3.876460671719e-02
   189   -1.769949202180e-03
   190   -2.612053880610e-03
   191    1.204568388130e-02
   192   -2.958737104190e-02
   193    2.226816915728e-02
   194   -1.398793390475e-03
   195    2.208381188783e-02
   196   -5.179233958493e-02
   197    4.002711138630e-02
   198    8.265775679681e-02
   199   -5.510963261074e-02
   200    9.130315592150e-02
   201    5.613196939465e-04
   202    1.040750441627e+00
   203   -3.670355770869e-03
   204    1.926320327193e-01
   205   -7.514930251762e-02
   206    1.006314813760e-02
   207    8.374571783103e-03
   208   -1.192618328693e-02
   209    3.710559184080e-03
   210   -1.458901349923e-03
   211    3.960406243862e-02
   212    9.392994135622e-02
   213    4.699129594517e-02
   214    2.204664186622e-04
   215    7.145268509165e-04
   216   -1.939634498118e-03
   217   -2.356878519656e-03
   218    4.676704769223e-03
   219    6.329563767156e-03
   220   -1.344625664316e-02
   221   -2.503784432802e-02
   222   -3.330995862308e-03
   223    1.146973547441e-02
   224   -5.093712001552e-03
   225   -2.750373782479e-02
   226    9.468372206739e-02
   227   -4.205111311111e-02
   228    7.189266544198e-02
   229   -2.473891363933e-01
   230    1.099023845173e-01
   231    2.645097814017e-02
   232   -9.258389716588e-02
   233    4.089064826049e-02
   234   -5.858301249925e-02
   235    2.050193587951e-01
   236   -9.043160070399e-02
   237   -1.429720915736e-01
   238    4.847355548290e-01
   239   -2.189687019269e-01
   240   -6.621547866300e-02
   241    2.759418038133e-01
   242   -1.168737349834e-01
   243    3.065741109937e-03
   244    4.933093024451e-04
   245   -1.602977137272e-03
   246    7.649772131563e-05
   247    1.749790708490e-03
   248    2.743287619546e-04
   249   -3.555642870144e-04
   250   -4.033227046645e-04
   251    2.706540622460e-05
   252    3.736911670162e-04
   253   -7.564882014324e-02
   254    6.895422062048e-03
   255   -2.010962225251e-02
   256   -1.945838936378e-02
   257   -9.395654350741e-03
   258    5.759638369916e-04
   259    6.580946904851e-03
   260   -2.001897883107e-03
   261   -5.858116216173e-03
Sym=X
Ene= 0.774522
Spin=Alpha
Occup=0
     1   -1.738088086605e-03
     2   -2.879893688980e-03
     3    1.076402746633e-02
     4    5.938249973512e-03
     5    5.346678263820e-02
     6    8.668193298468e-03
     7    1.017160600658e-02
     8    1.014712754474e-02
     9    8.283440777665e-02
    10    6.592788789572e-03
    11    1.344258759026e-02
    12    8.002305596541e-02
    13    1.670401488311e-01
    14    5.853593456895e-01
    15   -6.806537043548e-01
    16   -5.848397997997e-01
    17    1.675976013048e-01
    18    1.430483256611e-02
    19   -3.868893016516e-04
    20    1.469375888170e-03
    21    1.543195604777e-03
    22    8.315427349975e-03
    23    2.119133036506e-03
    24    4.040596996081e-03
    25    5.597222238216e-03
    26    2.852627823949e-04
    27   -2.842156234401e-02
    28   -2.698711138254e-02
    29    2.043656927633e-03
    30    1.124162713438e-02
    31   -4.881268502641e-02
    32    5.591529409466e-02
    33    5.247867465654e-02
    34   -7.919260381622e-02
    35   -9.606664438102e-02
    36   -6.490890582240e+00
    37   -1.869994759683e+00
    38    1.254706467894e+00
    39   -3.303042019494e-01
    40    1.430422403308e-02
    41   -9.161570526499e-03
    42   -6.856962142418e-03
    43    1.606219312067e-02
    44   -8.895454768914e-03
    45   -1.041203164818e-02
    46   -1.757470870752e-02
    47    5.767814401388e-02
    48   -9.883408054053e-03
    49    3.292492654987e-02
    50    4.383277357279e-02
    51    8.455237032367e-02
    52   -2.863059423335e-02
    53    5.047565970047e-02
    54    2.302306586846e-01
    55    2.611445777802e-01
    56   -6.094003669410e-02
    57    6.689165845026e-02
    58    1.662744656460e+00
    59    1.494655882310e-01
    60    5.600670804540e+00
    61    2.655713722047e-01
    62    1.593819508237e-02
    63   -9.110425585756e-03
    64   -7.500729616906e-03
    65   -2.964858084619e-02
    66   -7.758590055280e-03
    67   -3.776046183580e-04
    68   -6.056008107698e-04
    69   -6.490929615107e-03
    70   -2.956475802526e-03
    71   -2.644863586504e-02
    72   -2.651462838905e-03
    73   -1.181206635961e-02
    74   -3.372159435149e-03
    75   -4.641279894756e-02
    76    5.993193830322e-02
    77   -5.064034331371e-02
    78   -2.078536794444e-02
    79   -8.898407524404e-02
    80   -5.297170791307e-01
    81   -1.487765670500e-01
    82   -9.097642471281e-01
    83   -1.800106678742e-01
    84    1.078792176613e-02
    85    1.193436013913e-02
    86    4.916410903540e-03
    87   -5.556888617627e-03
    88   -5.127109625752e-04
    89   -1.659351975136e-02
    90   -4.686307763171e-02
    91   -1.992540370269e-01
    92   -3.031129546128e-02
    93   -7.190518062335e-02
    94   -1.416185867443e-01
    95   -1.122885214799e-02
    96   -4.039412434923e-02
    97   -1.541444510768e-01
    98    2.543070446077e-02
    99    4.234681875690e-02
   100    6.143543949319e-02
   101   -3.067272156710e-04
   102   -1.014433042074e-02
   103   -1.423736951930e-01
   104    8.933285209819e-02
   105   -3.633483982473e-04
   106   -1.383115938414e-02
   107   -4.155560188344e-01
   108    1.799069612939e-01
   109   -9.452685454322e-03
   110   -1.783496892690e-02
   111   -1.602750340368e-01
   112    1.942556243391e-02
   113   -1.222024246570e+00
   114   -1.248246090099e-01
   115   -4.685625085846e-03
   116    1.640670204969e-03
   117   -1.488704447042e-03
   118    2.690386995315e-03
   119    3.582788801192e-03
   120   -1.220586850491e-03
   121   -2.076779832619e-03
   122   -1.834989590305e-02
   123    1.459036595464e-02
   124    2.031257036548e-02
   125    7.254302290047e-03
   126   -3.035406841330e-02
   127    2.221145739668e-02
   128    3.076991497634e-02
   129    1.798239693833e-02
   130   -2.466847743839e-02
   131    2.789205315340e-02
   132    3.193541086898e-02
   133   -6.303076000581e-01
   134   -6.013916325664e-03
   135   -1.082685661682e-01
   136    4.580434512020e-02
   137    1.376045125954e-03
   138    2.578244795242e-04
   139    1.232000475928e-03
   140    7.128232156103e-05
   141    2.511872426481e-03
   142   -1.474279948719e-03
   143   -2.512357954167e-03
   144   -2.601127408036e-02
   145   -1.698751827815e-02
   146    1.890015005280e-02
   147    9.616321261663e-03
   148   -3.821747770411e-02
   149   -2.750072749473e-02
   150    2.886683554300e-02
   151    6.638683080935e-03
   152   -5.680855689115e-02
   153   -2.570580260571e-02
   154    2.805140843542e-02
   155    5.519302670196e-01
   156   -6.119340066165e-02
   157   -1.020136783953e-01
   158    6.823357275741e-02
   159    5.805766091437e-04
   160    8.656763857337e-04
   161   -6.243606502132e-04
   162   -1.132873943719e-03
   163   -2.144297630897e-03
   164   -1.472229890564e-02
   165   -2.527811471975e-02
   166    1.651277114437e-02
   167   -2.883525127442e-02
   168    3.554667224590e-02
   169    8.353672041455e-02
   170    2.912653050371e-02
   171   -6.199611373941e-02
   172    5.233164156315e-02
   173    4.251022656566e-01
   174    1.774345356226e-01
   175   -7.494910964732e-02
   176    7.194182956113e-02
   177    1.216828856845e+00
   178    1.098476472436e+00
   179   -7.801681929587e-02
   180   -7.180791711217e-02
   181    6.320079842199e-03
   182    9.767567501990e-03
   183    5.788371470385e-03
   184    8.270856114359e-04
   185   -1.310172829341e-02
   186   -2.642489556870e-02
   187   -1.182071839998e-01
   188   -9.600001657818e-02
   189   -5.012713549006e-03
   190   -1.015009983925e-02
   191    2.815507447385e-02
   192   -4.423083294486e-02
   193    1.976473670565e-02
   194    6.489918658167e-02
   195    4.402826776264e-02
   196   -8.838284454791e-02
   197    2.849767136295e-02
   198   -7.955871007026e-02
   199    3.135285773180e-01
   200   -2.793349757490e-01
   201    2.579995359767e-01
   202    3.114162516343e+00
   203    1.668195107020e+00
   204    1.407460232208e+00
   205    2.877529641611e-01
   206   -4.379409664726e-03
   207   -1.085797106883e-02
   208    2.027130463783e-02
   209    1.838209806911e-02
   210    1.266849890967e-02
   211   -4.709423944949e-02
   212   -2.539856634162e-01
   213   -3.809182066900e-01
   214    2.309289838414e-03
   215    7.496855315426e-03
   216   -2.049291322597e-02
   217   -2.457450276828e-02
   218    4.911292824699e-02
   219    7.172812450811e-02
   220   -1.867822356132e-01
   221   -9.294581459933e-02
   222   -1.106204404411e-04
   223   -8.707853116949e-04
   224    1.630571617779e-03
   225   -9.272070744622e-04
   226   -7.197766855230e-03
   227    1.344146052330e-02
   228    2.612281142433e-03
   229    1.885333961569e-02
   230   -3.528719683728e-02
   231    4.347158291849e-04
   232    5.486875749843e-03
   233   -1.497660667394e-02
   234   -2.312048825282e-03
   235   -1.004341596384e-02
   236    3.347235873684e-02
   237   -9.806980373080e-03
   238   -4.202824023251e-02
   239    7.625575053085e-02
   240    4.662267202203e-03
   241   -3.752595860580e-02
   242    2.385493526355e-01
   243   -1.486724332939e-03
   244   -9.676739323592e-03
   245    7.259534673565e-03
   246   -5.178690401005e-03
   247   -7.351282759275e-03
   248   -2.327630582232e-03
   249    8.887922813214e-05
   250   -1.558807630630e-03
   251   -2.040025914251e-03
   252   -1.648389576700e-03
   253    1.486895510644e+00
   254   -1.353314684584e-01
   255    2.542024291895e-01
   256   -6.278699566185e-02
   257    1.522305216773e-02
   258    1.959854882446e-02
   259   -1.056520601068e-02
   260    1.648847137900e-02
   261    2.309740527552e-02
Sym=X
Ene= 0.388025
Spin=Alpha
Occup=0
     1    7.405476624620e-03
     2    1.262133931603e-02
     3   -1.967389734822e-02
     4   -1.634838116260e-02
     5    6.731055123558e-02
     6   -4.734055886884e-02
     7   -1.951956555580e-02
     8   -3.299643496448e-02
     9    1.051665102920e-01
    10    1.177074596216e-01
    11    7.173515892362e-03
    12   -1.585084769131e-01
    13    2.090464473049e-01
    14    7.095655284499e-01
    15   -2.957639255212e-01
    16   -1.623434337444e-01
    17    1.666709881173e-01
    18   -1.211948582809e-02
    19   -1.756633864484e-03
    20    3.969456137587e-03
    21    3.660469928285e-03
    22   -1.130056341909e-02
    23   -9.602498139501e-03
    24   -1.643744715427e-02
    25   -1.204808847790e-03
    26   -2.992673831618e-02
    27   -3.450924635966e-02
    28    7.013713126344e-02
    29    1.057884944585e-03
    30   -5.603225114058e-02
    31   -5.861319261943e-02
    32   -2.710537211791e-01
    33    2.802589911050e-02
    34    1.321159066551e-01
    35   -1.132156281341e-01
    36   -4.427539415470e+00
    37   -2.384923206816e-01
    38    9.669040463324e-01
    39   -2.191680173605e-01
    40   -1.223742673049e-02
    41   -9.861810840796e-03
    42   -6.465195240576e-03
    43   -2.577572207909e-02
    44    1.357169384417e-02
    45    1.861155220947e-02
    46    3.054251515568e-02
    47   -9.591492390500e-02
    48    9.064870560542e-03
    49    3.631664814504e-02
    50   -6.647634487120e-02
    51   -1.526594071374e-01
    52    2.907484250416e-03
    53    5.963551165391e-02
    54   -2.295901256260e-01
    55   -7.913964099390e-01
    56    1.625205008217e-01
    57    7.139856545670e-02
    58   -2.545243561950e+00
    59   -1.971700487445e+00
    60    3.026166149178e+00
    61    9.361400366608e-03
    62   -3.430888629218e-02
    63   -4.384831123247e-03
    64   -1.112862146442e-02
    65    2.775156193581e-02
    66    7.999382063850e-04
    67    3.003804697490e-03
    68    5.118914910943e-03
    69    8.542279118195e-03
    70   -2.990220923579e-03
    71   -3.482670687854e-02
    72   -1.618635962296e-02
    73    1.419894512177e-02
    74   -3.908575257494e-03
    75   -5.956699765507e-02
    76   -2.589033419531e-01
    77   -8.475109186700e-02
    78   -3.075122797344e-04
    79   -1.169732505666e-01
    80   -1.632010513550e-01
    81   -1.803601406264e-01
    82   -5.099647922896e-01
    83   -1.764166162488e-01
    84   -4.064708258196e-03
    85    9.099081472064e-03
    86    6.475801917665e-03
    87   -2.679615822436e-03
    88    2.792487619044e-03
    89    1.659894422637e-02
    90    7.328242882308e-02
    91    1.607274683997e-01
    92    3.960692690028e-02
    93    9.462991384775e-02
    94    2.360794553628e-01
    95   -3.421419572325e-03
    96   -2.543219850883e-03
    97   -1.539912972560e-02
    98   -4.201533844609e-02
    99   -7.039810020567e-02
   100   -9.372697476003e-02
   101   -1.239468442620e-03
   102   -1.584861043263e-02
   103    2.425230071536e-01
   104   -1.386892759119e-01
   105   -2.123434256953e-03
   106   -1.981145555192e-02
   107    8.204565825028e-01
   108   -3.599196477995e-01
   109   -5.519047945976e-02
   110   -5.306984559142e-02
   111    2.857857939568e+00
   112   -1.371517127807e-01
   113   -4.960751835443e-01
   114   -6.742085540972e-02
   115    5.115137621465e-03
   116   -1.507255664389e-03
   117    4.889158504188e-04
   118   -8.390451271466e-03
   119    1.727534643749e-03
   120   -2.278538260695e-03
   121   -3.813501625797e-03
   122    3.078490147746e-02
   123   -3.360261777531e-02
   124    2.614024625196e-02
   125    1.385682184367e-02
   126    4.247357838624e-02
   127   -5.141477964059e-02
   128    3.916498929698e-02
   129    2.127405160140e-02
   130    7.907639533878e-02
   131   -5.881033815545e-02
   132    5.048203390020e-02
   133   -5.127710325200e-01
   134    8.999575560972e-02
   135   -2.305485031052e-01
   136    4.611441838365e-02
   137   -4.828902417512e-03
   138    2.655179564403e-04
   139   -4.002491122723e-04
   140    1.568414646410e-03
   141   -5.783996972289e-03
   142    1.938054152591e-05
   143    1.020985001983e-04
   144    3.659292098608e-02
   145    2.396770202205e-02
   146    1.769671040738e-02
   147   -1.918537061703e-03
   148    5.369886826020e-02
   149    3.834632334868e-02
   150    2.581469347184e-02
   151    2.961771762445e-02
   152    6.694635602025e-02
   153    2.631720905552e-02
   154    3.731581074002e-02
   155   -1.829881870419e-02
   156    5.748116187652e-02
   157    1.057666695317e-01
   158    9.492359881238e-03
   159    9.711668319899e-05
   160   -2.244801970740e-03
   161    1.420270269272e-03
   162    8.217875650008e-04
   163    4.699747118414e-03
   164    7.065786064509e-03
   165    1.179496463653e-02
   166   -3.000609778546e-02
   167    7.269692140666e-04
   168    3.333539587897e-02
   169   -4.359262607366e-02
   170   -3.519708302852e-02
   171   -3.428815724437e-03
   172    4.975175204477e-02
   173    1.969638236313e-01
   174   -1.538271058535e-02
   175    1.681280638885e-01
   176    8.363578004548e-02
   177    3.629966053574e-01
   178    4.619077417576e-01
   179   -2.716001050317e-01
   180    3.270359846275e-02
   181   -1.257889626411e-02
   182    1.206937463516e-02
   183   -1.995650562896e-03
   184    6.850818652731e-03
   185    6.991136339763e-03
   186    1.127431385277e-02
   187    3.927895508029e-02
   188    1.629142403131e-01
   189   -1.893809537739e-02
   190   -3.259750311625e-02
   191    1.163311785117e-02
   192   -3.375429547690e-03
   193    4.712338858051e-02
   194    1.168440979990e-01
   195    2.415172822450e-02
   196   -1.177569511646e-02
   197    7.978956242434e-02
   198    2.737565031791e-01
   199    2.570541619322e-01
   200   -2.359496397733e-01
   201    1.853247262198e-01
   202    2.705589462132e+00
   203    1.466697081294e+00
   204    1.005340619422e+00
   205   -9.669556872844e-02
   206   -2.496868916987e-03
   207   -6.540441824339e-03
   208    1.067057038688e-02
   209   -2.304764705669e-02
   210   -1.503163001257e-02
   211    3.415899775061e-03
   212   -1.459281372904e-01
   213   -7.393529818892e-02
   214   -5.779154152217e-04
   215   -1.874136232236e-03
   216    5.098182295047e-03
   217    6.181794336839e-03
   218   -1.212171391139e-02
   219   -1.814005954461e-02
   220    4.602204324337e-02
   221   -4.371041839080e-03
   222    4.397260870143e-04
   223    1.430526762449e-03
   224    1.705990782824e-03
   225    3.611783285836e-03
   226    1.181145205615e-02
   227    1.409401282996e-02
   228   -9.326256924140e-03
   229   -3.125513892941e-02
   230   -3.716609151106e-02
   231   -5.105641343510e-03
   232   -1.451969793703e-02
   233   -1.391235903251e-02
   234    1.088133031571e-02
   235    3.672641658917e-02
   236    3.127721455746e-02
   237    1.147106822439e-02
   238    6.660465666033e-02
   239    8.999277461736e-02
   240    6.123595080948e-02
   241    5.349723051492e-02
   242    1.062656005326e-01
   243   -9.681744047303e-03
   244   -6.487515175325e-03
   245    9.245924925564e-03
   246   -3.218674381425e-03
   247    1.428083119306e-03
   248   -1.542232049570e-03
   249   -2.873651359774e-04
   250    7.220069101825e-05
   251   -1.717294475065e-03
   252   -8.834326138684e-04
   253    6.249371505100e-01
   254   -9.426599281015e-02
   255    1.595441305246e-01
   256   -6.651035407770e-02
   257    2.711382129964e-02
   258    1.510854704353e-02
   259   -1.909823567466e-02
   260    1.072366755608e-02
   261    1.617958996741e-03
Sym=X
Ene= 0.345642
Spin=Alpha
Occup=0
     1    2.128553374224e-03
     2    3.423856520508e-03
     3   -1.254169789413e-03
     4    5.660126975608e-03
     5    6.215448571568e-02
     6   -1.036140823554e-02
     7   -2.597373735173e-03
     8    1.045391885257e-02
     9    9.806645657018e-02
    10   -5.711746241767e-02
    11   -1.613683548029e-02
    12    1.006506088379e-02
    13    1.622200750444e-01
    14   -3.010813358148e-01
    15    1.439786028411e-01
    16    1.234738081879e-01
    17    4.057615685769e-02
    18   -9.765262375168e-05
    19   -8.576358064437e-03
    20    1.726642892305e-03
    21   -7.509626139322e-05
    22    1.152890482421e-04
    23    4.186128287368e-03
    24    6.729826700264e-03
    25   -4.613981979175e-03
    26    1.482012859584e-02
    27   -6.597294138004e-02
    28   -2.372682065508e-02
    29   -2.126940381074e-03
    30    2.151804311580e-02
    31   -1.065952233053e-01
    32    4.331117504294e-02
    33   -3.111557504575e-02
    34   -4.925470943466e-05
    35   -1.560520698029e-01
    36    1.643366504922e+00
    37    2.510843088280e-01
    38   -3.941995388033e-01
    39   -5.806058815266e-03
    40    9.382962992945e-04
    41   -7.826556793070e-03
    42   -3.619681510079e-03
    43   -3.155863615731e-04
    44   -7.990616692003e-04
    45    2.366021707535e-03
    46    4.300976460303e-03
    47    4.053161091638e-04
    48   -2.955510519695e-03
    49    1.061531097271e-02
    50   -2.736290457726e-02
    51   -9.008723871436e-04
    52    3.021181202529e-05
    53    2.072464769582e-02
    54   -3.865848196153e-02
    55    9.520513140648e-02
    56   -4.211997417714e-02
    57   -3.285806697898e-02
    58   -1.523221600855e+00
    59    3.230326939347e-01
    60   -7.919264310134e-01
    61   -5.749735513588e-02
    62    9.856218724712e-03
    63   -1.787615357400e-02
    64   -2.616126843023e-02
    65    9.692677393094e-03
    66    5.543837578056e-03
    67    5.946402195915e-03
    68    9.840578189521e-03
    69    1.500762988987e-03
    70    9.197352858450e-03
    71   -2.523634566938e-02
    72   -3.207515053722e-02
    73    7.718549429672e-03
    74    1.375340150663e-02
    75   -4.248355875580e-02
    76   -6.787432629632e-02
    77    3.827849293973e-03
    78    2.174383215213e-02
    79   -2.892992301067e-02
    80    2.509511245525e-01
    81   -1.785052753090e-02
    82    1.830093514709e-01
    83    2.648932333352e-02
    84    1.286755179969e-03
    85   -8.358460470136e-05
    86    1.828519670704e-02
    87    2.259327674840e-03
    88   -1.111590708351e-03
    89    6.136322864658e-04
    90   -5.259373821717e-04
    91    1.217818116783e-02
    92    2.548874209125e-03
    93    4.216031625819e-03
    94   -8.306960925123e-03
    95    4.980991019258e-03
    96    2.313147971727e-02
    97    2.843183480591e-02
    98    9.427942148548e-04
    99    1.598814191506e-03
   100    4.085373025245e-03
   101   -6.434420342732e-03
   102   -7.375844520335e-02
   103   -5.565276421003e-03
   104    5.651965469945e-03
   105   -1.095783245132e-02
   106   -1.135199596686e-01
   107   -5.991032901849e-02
   108    4.352680530551e-02
   109    4.805661673251e-03
   110   -1.276421902118e-01
   111    1.301615932257e-02
   112   -8.443630026441e-03
   113    2.243367157108e-01
   114   -1.257893709673e-02
   115    4.394518696264e-03
   116    8.353816552908e-03
   117   -4.497541651182e-04
   118    1.987326076911e-04
   119    8.116299230269e-04
   120    2.058428820018e-03
   121    3.416864560713e-03
   122   -9.742461042280e-04
   123    4.548872630657e-03
   124    5.062208302903e-02
   125   -1.155964387340e-02
   126   -1.057874018791e-03
   127    7.201748019757e-03
   128    7.390983689870e-02
   129   -2.016181314572e-02
   130   -4.541738307762e-03
   131    5.349011831717e-03
   132    8.707762967504e-02
   133    8.102197880135e-02
   134   -4.238056956081e-03
   135    2.831594600988e-02
   136    2.820478666855e-02
   137    1.322566428841e-03
   138   -7.725893155542e-05
   139   -7.299484854864e-04
   140   -2.437343230790e-04
   141    4.413229926183e-04
   142    7.667365632367e-04
   143    1.262529212723e-03
   144   -2.111824356255e-03
   145    5.846310413860e-03
   146    6.124447016398e-02
   147   -4.066206827667e-03
   148   -3.199224759147e-03
   149    8.092158027305e-03
   150    9.056740647954e-02
   151   -1.324969125579e-02
   152   -1.629408357018e-03
   153    1.637637431359e-02
   154    1.004762997112e-01
   155   -1.657329500798e-01
   156    1.099754810005e-02
   157    2.037353004364e-02
   158    2.954872453339e-02
   159    5.401427922800e-04
   160    1.843464483800e-03
   161    3.911960815328e-04
   162   -2.912811357089e-06
   163   -3.811362688241e-05
   164    6.434187299019e-03
   165    1.150106622926e-02
   166    8.991425147424e-03
   167    9.383165681508e-03
   168   -4.903406144984e-02
   169   -5.674908055389e-02
   170    1.611121119925e-02
   171    2.052666707197e-02
   172   -7.695493278680e-02
   173   -6.319200497511e-02
   174    1.886203542004e-02
   175    4.555506683235e-04
   176   -1.955842190033e-01
   177   -3.664764575342e-01
   178   -2.267615694348e-01
   179   -9.568950956848e-02
   180   -1.003526190284e-01
   181    8.531195222330e-03
   182    2.103491475686e-02
   183    7.072800132284e-04
   184    3.297096142444e-04
   185    8.276489331336e-03
   186    5.712100054220e-03
   187    2.211639899248e-02
   188    3.647470679586e-04
   189    3.488453513244e-02
   190    5.780792753326e-02
   191   -2.749400317912e-02
   192    6.751031118413e-02
   193    1.677786702933e-01
   194   -1.781160854569e-01
   195   -4.175928223520e-02
   196    1.031541034058e-01
   197    2.650425702755e-01
   198   -4.985685640938e-01
   199   -1.400055817648e-01
   200    2.603896000346e-01
   201    5.221441554725e-01
   202    4.456684968988e-01
   203   -3.091758482690e-01
   204    2.372248917622e-01
   205    2.413792652563e-01
   206    1.751182553617e-02
   207    3.004679710739e-03
   208    1.255859265380e-02
   209    8.493686230220e-04
   210   -3.271939417966e-03
   211   -2.684740769415e-03
   212    3.321639263542e-02
   213   -2.846027484082e-02
   214   -2.847358304535e-03
   215   -9.208659001819e-03
   216    2.482240172451e-02
   217    3.162193190844e-02
   218   -6.474299057601e-02
   219   -7.708801565109e-02
   220    1.505061939614e-01
   221    3.022106858108e-01
   222   -1.522216338043e-04
   223    2.437814470912e-03
   224    7.320967130334e-03
   225   -1.268817127721e-03
   226    2.017627705629e-02
   227    6.061951449489e-02
   228    3.470776574906e-03
   229   -5.311353789735e-02
   230   -1.601527004888e-01
   231    1.150010144171e-03
   232   -1.812737481346e-02
   233   -4.859215573834e-02
   234   -3.891846059113e-03
   235    4.095480501895e-02
   236    1.102668761351e-01
   237   -1.336842338044e-02
   238    1.173384232477e-01
   239    3.751633786256e-01
   240    1.802744892733e-02
   241    1.609073877715e-01
   242    4.418757573750e-01
   243    3.842243096312e-02
   244    4.021439547294e-04
   245    2.239983788604e-02
   246   -5.697215024409e-03
   247   -3.380976370814e-05
   248    1.481777681089e-03
   249    5.593927950454e-04
   250   -7.071121881270e-04
   251    3.150876463560e-04
   252   -6.220373890556e-04
   253    1.940511939984e-01
   254    2.400354479137e-02
   255    2.345583182770e-02
   256    1.593279743429e-01
   257   -6.515174956664e-02
   258   -6.388989750473e-03
   259   -3.167292954248e-02
   260    8.010117479314e-03
   261   -2.523741136496e-04
Sym=X
Ene= 0.295504
Spin=Alpha
Occup=0
     1    1.757829145628e-02
     2    2.908068860855e-02
     3   -2.459629297123e-02
     4   -5.703112010874e-03
     5   -2.927611540553e-03
     6   -9.213898659396e-02
     7   -3.861402730265e-02
     8   -2.413163486864e-02
     9   -3.920942589241e-03
    10   -4.760632959309e-01
    11   -1.461548506298e-01
    12    1.027949328396e-01
    13   -1.555981462739e-02
    14    2.902620693176e-01
    15    3.550656810943e-01
    16    5.421770747375e-01
    17   -8.168315476010e-02
    18    6.759968150030e-03
    19    5.184002334442e-03
    20    1.783917896673e-03
    21    7.731003945292e-03
    22    4.879830323818e-03
    23    9.901009138152e-03
    24    1.679302529421e-02
    25   -3.720334377405e-02
    26   -2.423608914885e-02
    27    2.202602699767e-02
    28   -5.977946465524e-02
    29   -6.664117061633e-02
    30   -7.133527023732e-02
    31    3.727226611517e-02
    32   -7.320354938348e-02
    33   -2.101587924729e-01
    34    8.105319180931e-03
    35    6.372601192684e-02
    36   -1.866531600297e+00
    37    1.034946536073e+00
    38    6.014163320892e-01
    39    7.734188521282e-02
    40    7.571433581981e-03
    41   -2.597348298524e-03
    42    5.756598755650e-03
    43   -2.834488345360e-02
    44    3.700790770759e-03
    45   -2.536210351240e-03
    46   -4.077204220370e-03
    47   -7.916438458717e-02
    48   -3.726157317105e-02
    49   -3.112449782952e-02
    50    1.767023029924e-02
    51   -1.326655584256e-01
    52   -6.890715197022e-02
    53   -5.844013850634e-02
    54    2.285136848301e-01
    55   -2.792101634682e-01
    56   -2.197263154554e-01
    57   -7.512619477698e-02
    58    5.856021630843e+00
    59   -1.317067808855e+00
    60   -1.586458348477e+00
    61   -7.236152835808e-02
    62    6.037972956008e-03
    63    4.322504878726e-03
    64   -2.641316269470e-05
    65    3.238549298153e-02
    66   -7.419064510242e-03
    67   -1.741855176138e-02
    68   -2.993808396373e-02
    69   -5.613134069501e-02
    70   -5.469886484226e-03
    71   -5.871350236369e-03
    72    1.023899898970e-01
    73   -1.274630267820e-01
    74   -1.815294727007e-02
    75   -3.252821447601e-03
    76    3.818431682978e-01
    77   -1.500304812955e-02
    78   -1.442725244737e-04
    79   -1.694984872995e-02
    80    7.928299437124e-01
    81    7.835699063731e-01
    82    3.897192848132e-01
    83   -5.456191286751e-02
    84    3.812520430092e-03
    85    1.865596704708e-03
    86   -2.821118017495e-03
    87   -1.121148030158e-02
    88   -2.344415634609e-03
    89   -5.288115099616e-03
    90    3.137891551303e-03
    91   -1.679203526793e-01
    92    1.863587042108e-02
    93    1.138032253036e-01
    94    1.891915335049e-02
    95   -1.805193010405e-02
    96   -1.291745789639e-01
    97   -8.961444891439e-02
    98   -2.147633929562e-02
    99   -3.584858633360e-02
   100   -3.866080516193e-02
   101   -3.582314095855e-03
   102    6.485123830459e-03
   103    1.201434764652e-01
   104   -5.730275024783e-02
   105   -7.059484349902e-03
   106    8.914894640035e-03
   107    3.752159024390e-01
   108   -7.646539191958e-02
   109   -2.078512645255e-02
   110    1.763547386347e-02
   111   -7.420282430147e-02
   112   -5.927044296799e-02
   113    9.833337795460e-02
   114    9.331313356553e-02
   115    1.012470738509e-02
   116   -9.171812419785e-05
   117    1.222787961971e-03
   118   -3.726471504402e-03
   119    6.355043267689e-03
   120    1.854469865414e-03
   121    3.015086218700e-03
   122    1.650734598095e-02
   123   -2.940567257875e-02
   124   -6.864413787144e-03
   125   -8.330660857227e-03
   126    2.494593134155e-02
   127   -4.254330649354e-02
   128   -9.904124148423e-03
   129   -4.137008517461e-02
   130    3.752641223904e-02
   131   -7.592326282019e-02
   132   -1.246983761873e-02
   133    6.924828354531e-02
   134    5.298320114629e-02
   135   -1.182996851232e-02
   136   -4.697568331238e-04
   137   -6.331442123924e-04
   138   -5.825131573075e-04
   139   -4.883122417212e-04
   140    2.082321999418e-04
   141   -3.410007509982e-03
   142    2.699123520273e-03
   143    4.485491426689e-03
   144    1.211397958498e-02
   145    1.007530966989e-02
   146   -4.225368478496e-03
   147   -1.498840816066e-02
   148    1.895662215518e-02
   149    1.480692555022e-02
   150   -6.578469036585e-03
   151   -3.066626589558e-02
   152    1.657142484185e-02
   153    3.424566509182e-02
   154   -7.803514980036e-03
   155    1.166672488729e-02
   156    5.954789788114e-02
   157   -2.291876082292e-02
   158   -4.478074801710e-02
   159    2.305793347919e-03
   160   -9.550943223967e-04
   161    2.420813122257e-04
   162   -7.187267038035e-04
   163    2.240645996251e-03
   164   -5.500790134744e-03
   165   -1.005911018711e-02
   166   -4.868497069293e-02
   167   -5.691638925544e-02
   168    8.537223865472e-03
   169    3.518064209483e-02
   170   -1.076750055907e-01
   171   -1.191273693970e-01
   172    2.168858985797e-02
   173   -8.719678319849e-02
   174   -7.486931640457e-02
   175   -2.384591168402e-01
   176    9.550163699283e-04
   177    1.711694830283e+00
   178    5.667672109355e-01
   179    1.033492572031e+00
   180    6.694875523645e-02
   181    5.467502729327e-03
   182   -1.604951880108e-03
   183    1.752881529155e-03
   184   -7.884525416236e-05
   185   -1.785526137662e-02
   186   -1.890699362653e-02
   187   -1.593438775940e-01
   188   -1.460551227044e-01
   189    1.756034099084e-02
   190    2.888334019335e-02
   191   -2.115877534132e-02
   192   -1.599414252240e-02
   193    1.165544782505e-02
   194   -8.297150612442e-02
   195   -2.752886268431e-02
   196   -1.747961685647e-02
   197    1.836602602565e-02
   198   -5.242011204438e-01
   199   -2.628982029596e-01
   200   -2.023075624184e-01
   201    6.594867131049e-03
   202   -6.505625111628e+00
   203   -4.676853085359e-01
   204   -1.985203931030e+00
   205   -4.392133000526e-02
   206    6.835377365501e-04
   207    2.386386542098e-03
   208   -4.905767054710e-03
   209   -2.227434536742e-02
   210    1.720759152781e-02
   211    9.281029866931e-03
   212    6.405311597165e-02
   213    1.506666047302e-01
   214   -4.537451373528e-04
   215   -1.467411965506e-03
   216    3.952193065582e-03
   217    5.015453595785e-03
   218   -1.011990936922e-02
   219   -1.247865125719e-02
   220    2.299504412832e-02
   221    5.073267401677e-02
   222    9.625257776682e-04
   223    8.734826915785e-05
   224    8.408292695356e-04
   225    7.931486599308e-03
   226    7.515726887161e-04
   227    6.970700844845e-03
   228   -2.142891653653e-02
   229   -2.242311421860e-03
   230   -1.843337078151e-02
   231   -1.259954368364e-02
   232    8.460405691379e-04
   233   -5.358871458103e-03
   234    3.767430993380e-02
   235   -2.240415752669e-04
   236    1.256252663497e-02
   237    4.955198124430e-02
   238    1.286254157927e-02
   239    4.142446929453e-02
   240   -4.342174427887e-02
   241   -3.365206515817e-02
   242    3.019339061085e-02
   243    5.022430981658e-03
   244    1.185168102925e-02
   245    1.009685511957e-02
   246    2.172199287554e-03
   247    6.144144072666e-03
   248    2.007909032045e-04
   249    8.888365610531e-04
   250    7.735074284242e-04
   251   -3.075239864865e-04
   252    4.182120167518e-03
   253   -1.794526773264e-01
   254    1.736255820801e-02
   255    8.221000747739e-02
   256   -9.173474488969e-03
   257   -1.009422622661e-02
   258   -3.324778857632e-02
   259   -2.437557219449e-02
   260   -2.208442985352e-03
   261   -2.524477656148e-02
Sym=X
Ene= 0.131290
Spin=Alpha
Occup=0
     1   -7.765894494218e-04
     2   -1.254036582516e-03
     3    3.206849571548e-03
     4   -1.405253168661e-03
     5    5.858217458478e-02
     6    3.489678875196e-03
     7    5.293977438757e-03
     8   -3.595190319490e-03
     9    9.806105553662e-02
    10    3.520536073518e-02
    11    1.805220711856e-02
    12   -8.095223102965e-03
    13    5.853972791952e-02
    14    2.491582797937e-01
    15   -1.184862843717e-01
    16   -1.115239784409e-01
    17   -4.799522552018e-02
    18   -1.042572434405e-03
    19    1.404223573749e-02
    20    3.830904939223e-03
    21   -1.330171276067e-03
    22   -6.715279158080e-04
    23   -7.982079427917e-04
    24   -1.248124790438e-03
    25    7.149078006871e-04
    26   -6.429660027048e-03
    27    8.643952152407e-02
    28    5.347211642803e-03
    29    3.912191112523e-03
    30   -1.178158468963e-02
    31    1.407787948875e-01
    32    4.970976321330e-02
    33    3.504111243613e-02
    34   -3.006537832688e-02
    35    2.167847546485e-01
    36    5.617847380899e-01
    37   -6.226715285105e-02
    38   -1.694515291773e-02
    39    8.099746588341e-02
    40   -2.413339795589e-03
    41   -1.564360966690e-02
    42    7.951613714217e-03
    43    2.523861209160e-04
    44   -1.621229090335e-03
    45   -1.165233031788e-03
    46   -1.973838191589e-03
    47   -1.309990307865e-03
    48    1.758523172443e-03
    49   -1.100623185827e-01
    50    7.679334169722e-03
    51   -4.918446628147e-03
    52    2.520501615821e-03
    53   -1.738772031887e-01
    54    1.908857417218e-02
    55   -2.048641705184e-02
    56   -1.099496543700e-01
    57   -2.411576868566e-01
    58   -2.626461801492e-02
    59    2.149317177065e-01
    60   -1.887904504464e-01
    61   -1.116922973254e-01
    62   -5.838738617628e-03
    63   -3.556021311307e-02
    64    1.211667514200e-02
    65    2.399122670649e-03
    66   -4.207982746323e-03
    67   -1.643285722609e-03
    68   -2.745019101893e-03
    69   -1.633558466430e-04
    70   -4.205436612859e-03
    71   -2.143405714678e-02
    72    1.051525674396e-02
    73   -1.436263058424e-03
    74   -6.873090688428e-03
    75   -3.707430265667e-02
    76    1.520648174734e-02
    77   -5.990792184610e-03
    78   -9.904112085848e-03
    79   -1.770416571687e-02
    80   -3.430719966149e-01
    81   -7.449107968116e-02
    82   -1.536373837330e-01
    83    4.856691997704e-02
    84   -2.397382160462e-03
    85   -5.382439175804e-04
    86    1.208017000216e-02
    87    5.477380648072e-04
    88    9.422746370572e-04
    89    1.304268220061e-03
    90    6.913489591828e-03
    91    3.063128974539e-03
    92   -1.770091945609e-04
    93    3.276756117096e-03
    94   -1.358004852620e-04
    95    1.758702744673e-03
    96    1.060019525924e-03
    97    1.479601662600e-03
    98   -9.714378674089e-04
    99   -1.519342993639e-03
   100    7.113101045888e-03
   101   -1.389493012047e-02
   102   -1.424225419234e-01
   103    5.638669075017e-03
   104    1.054381760603e-02
   105   -2.406579907590e-02
   106   -2.211075066763e-01
   107    2.811026750917e-03
   108    7.096883492755e-03
   109    3.296423469908e-02
   110   -2.277562001661e-01
   111   -7.814928557656e-02
   112   -4.728595769703e-02
   113   -1.209980456622e-02
   114    2.104590844209e-02
   115    4.840530248803e-03
   116    3.015284237844e-02
   117    3.866190299365e-03
   118   -2.895933504818e-03
   119    1.332303603865e-03
   120    2.303799624688e-03
   121    3.850971389030e-03
   122   -2.754854509248e-03
   123    1.450039510580e-02
   124    1.387481743209e-01
   125   -1.328764228646e-02
   126   -2.852525341490e-03
   127    2.066169548840e-02
   128    2.017985863461e-01
   129   -1.811181974763e-02
   130   -1.078327170030e-02
   131    2.362565953547e-02
   132    2.194046811083e-01
   133    6.708138090578e-02
   134   -2.351063372305e-02
   135    2.797994916023e-02
   136    1.422901263821e-02
   137    8.010558936788e-04
   138   -6.931914959404e-05
   139    5.771884497496e-03
   140   -1.466626595450e-03
   141    1.873564337329e-03
   142    9.221787603963e-04
   143    1.550168671453e-03
   144   -5.834087798663e-03
   145    1.216306232303e-02
   146    1.343031847618e-01
   147   -5.518726498875e-03
   148   -8.324578301574e-03
   149    1.802664545533e-02
   150    1.958558186437e-01
   151   -2.764541738419e-02
   152   -5.090915713330e-03
   153    2.966771236775e-02
   154    2.150107739980e-01
   155   -3.208017805941e-03
   156    7.303580422423e-03
   157    1.056455118305e-02
   158    4.978569360047e-02
   159    3.135495178025e-03
   160    1.599040719202e-03
   161   -4.188381663816e-03
   162    5.165199022304e-04
   163    7.402848244190e-04
   164   -3.679209489408e-03
   165   -6.165875728918e-03
   166    2.955228212367e-03
   167   -5.136743828875e-03
   168   -8.254582864512e-02
   169    2.307327631154e-02
   170    2.588755050351e-03
   171   -1.035228767909e-02
   172   -1.376442362976e-01
   173    2.294951128372e-02
   174    1.309086745831e-02
   175    1.814758726807e-03
   176   -1.467500540841e-01
   177    6.032247584740e-01
   178    2.493091335795e-01
   179    1.633838669859e-02
   180   -4.702251052524e-02
   181   -4.609681629036e-03
   182   -4.227141968204e-03
   183    3.460842725441e-05
   184    5.425209680927e-04
   185   -3.415188871375e-03
   186   -9.390712654243e-04
   187    7.915162628994e-04
   188   -2.360579521524e-03
   189   -1.041720289195e-02
   190   -1.754095470016e-02
   191    9.583028760876e-03
   192   -1.852099649677e-02
   193    1.412079901026e-02
   194    6.498619729600e-02
   195    5.895477975255e-03
   196   -2.631616531962e-02
   197    9.986792203345e-03
   198    3.374518055593e-02
   199   -4.140094724339e-02
   200   -7.581218356202e-02
   201   -5.518275503868e-02
   202   -7.294240974659e-01
   203    1.640600031298e-01
   204   -1.318718941889e-01
   205    1.886513311448e-02
   206   -7.350705939100e-03
   207    1.532751670155e-02
   208   -1.235521131982e-02
   209    5.842533344587e-04
   210   -2.840269294587e-03
   211    1.412569606841e-02
   212    2.216551695115e-02
   213    6.145315784593e-02
   214    1.572298378354e-03
   215    5.089877034268e-03
   216   -1.378502190811e-02
   217   -1.729913505810e-02
   218    3.527833782815e-02
   219    4.577045386443e-02
   220   -1.292982545001e-01
   221    2.307692991694e-02
   222    1.049996005357e-03
   223   -2.124147268860e-03
   224   -3.308665025750e-03
   225    8.645041992716e-03
   226   -1.753250232738e-02
   227   -2.728809930276e-02
   228   -2.232770628818e-02
   229    4.546353002036e-02
   230    7.082787640767e-02
   231   -1.098435391824e-02
   232    2.198242739098e-02
   233    2.420778458382e-02
   234    2.438928165036e-02
   235   -5.079751592245e-02
   236   -4.653071636010e-02
   237    2.987195072196e-02
   238   -5.814214080831e-02
   239   -1.295412659709e-01
   240    5.718882297928e-02
   241   -1.337427312914e-01
   242   -2.625064318813e-01
   243   -5.651341200683e-03
   244    3.046388526953e-03
   245   -1.230839471389e-02
   246    2.656704444638e-04
   247   -6.882281074121e-04
   248   -2.587245864218e-03
   249   -3.996523515987e-04
   250    2.830185752334e-03
   251   -1.169211968415e-03
   252   -1.111527648187e-03
   253   -2.947826954506e-01
   254    1.938539343820e-02
   255   -1.113480381122e-01
   256   -1.429483090125e-01
   257    1.659024910104e-02
   258   -4.149808350394e-03
   259    2.251083811543e-02
   260    3.499294619673e-03
   261    4.829231231296e-03
[5D]
