[Molden Format]
[Atoms] (Angs)
  C      1    6      0.51932475      1.23303451     -0.03194925
  C      2    6      1.94454413      1.26916358     -0.03672882
  C      3    6      2.62037793      0.09283428     -0.02499003
  C      4    6     -0.19603352      0.03013062      0.00102732
  H      5    1     -0.02069420      2.17423764     -0.04336646
  H      6    1      2.48281698      2.20891057     -0.03611879
  H      7    1     -1.27770137      0.03990295      0.01166953
  N      8    7      4.09213475      0.09594076      0.03662979
  O      9    8      4.63930696     -1.02169275      0.14459220
  O     10    8      4.66489883      1.19839699     -0.02327545
  C     11    6      0.49428518     -1.16712649      0.02099746
  H     12    1     -0.03251071     -2.11492669      0.05447935
  C     13    6      1.96291176     -1.21653219     -0.02111314
  H     14    1      2.44359113     -1.96306433      0.61513886
 Br     15   35      2.17304025     -1.94912156     -1.90618750
[GTO]
1    0
S    6    1.000000
   4.56324000E+03    1.96665000E-03 
   6.82024000E+02    1.52306000E-02 
   1.54973000E+02    7.61269000E-02 
   4.44553000E+01    2.60801000E-01 
   1.30290000E+01    6.16462000E-01 
   1.82773000E+00    2.21006000E-01 
SP   3    1.000000
   2.09642000E+01    1.14660000E-01   4.02487000E-02 
   4.80331000E+00    9.19999000E-01   2.37594000E-01 
   1.45933000E+00   -3.03068000E-03   8.15854000E-01 
SP   1    1.000000
   4.83456000E-01    1.00000000E+00   1.00000000E+00 
SP   1    1.000000
   1.45585000E-01    1.00000000E+00   1.00000000E+00 
SP   1    1.000000
   4.38000000E-02    1.00000000E+00   1.00000000E+00 
D    1    1.000000
   6.26000000E-01    1.00000000E+00 

2    0
S    6    1.000000
   4.56324000E+03    1.96665000E-03 
   6.82024000E+02    1.52306000E-02 
   1.54973000E+02    7.61269000E-02 
   4.44553000E+01    2.60801000E-01 
   1.30290000E+01    6.16462000E-01 
   1.82773000E+00    2.21006000E-01 
SP   3    1.000000
   2.09642000E+01    1.14660000E-01   4.02487000E-02 
   4.80331000E+00    9.19999000E-01   2.37594000E-01 
   1.45933000E+00   -3.03068000E-03   8.15854000E-01 
SP   1    1.000000
   4.83456000E-01    1.00000000E+00   1.00000000E+00 
SP   1    1.000000
   1.45585000E-01    1.00000000E+00   1.00000000E+00 
SP   1    1.000000
   4.38000000E-02    1.00000000E+00   1.00000000E+00 
D    1    1.000000
   6.26000000E-01    1.00000000E+00 

3    0
S    6    1.000000
   4.56324000E+03    1.96665000E-03 
   6.82024000E+02    1.52306000E-02 
   1.54973000E+02    7.61269000E-02 
   4.44553000E+01    2.60801000E-01 
   1.30290000E+01    6.16462000E-01 
   1.82773000E+00    2.21006000E-01 
SP   3    1.000000
   2.09642000E+01    1.14660000E-01   4.02487000E-02 
   4.80331000E+00    9.19999000E-01   2.37594000E-01 
   1.45933000E+00   -3.03068000E-03   8.15854000E-01 
SP   1    1.000000
   4.83456000E-01    1.00000000E+00   1.00000000E+00 
SP   1    1.000000
   1.45585000E-01    1.00000000E+00   1.00000000E+00 
SP   1    1.000000
   4.38000000E-02    1.00000000E+00   1.00000000E+00 
D    1    1.000000
   6.26000000E-01    1.00000000E+00 

4    0
S    6    1.000000
   4.56324000E+03    1.96665000E-03 
   6.82024000E+02    1.52306000E-02 
   1.54973000E+02    7.61269000E-02 
   4.44553000E+01    2.60801000E-01 
   1.30290000E+01    6.16462000E-01 
   1.82773000E+00    2.21006000E-01 
SP   3    1.000000
   2.09642000E+01    1.14660000E-01   4.02487000E-02 
   4.80331000E+00    9.19999000E-01   2.37594000E-01 
   1.45933000E+00   -3.03068000E-03   8.15854000E-01 
SP   1    1.000000
   4.83456000E-01    1.00000000E+00   1.00000000E+00 
SP   1    1.000000
   1.45585000E-01    1.00000000E+00   1.00000000E+00 
SP   1    1.000000
   4.38000000E-02    1.00000000E+00   1.00000000E+00 
D    1    1.000000
   6.26000000E-01    1.00000000E+00 

5    0
S    3    1.000000
   3.38650000E+01    2.54938000E-02 
   5.09479000E+00    1.90373000E-01 
   1.15879000E+00    8.52161000E-01 
S    1    1.000000
   3.25840000E-01    1.00000000E+00 
S    1    1.000000
   1.02741000E-01    1.00000000E+00 

6    0
S    3    1.000000
   3.38650000E+01    2.54938000E-02 
   5.09479000E+00    1.90373000E-01 
   1.15879000E+00    8.52161000E-01 
S    1    1.000000
   3.25840000E-01    1.00000000E+00 
S    1    1.000000
   1.02741000E-01    1.00000000E+00 

7    0
S    3    1.000000
   3.38650000E+01    2.54938000E-02 
   5.09479000E+00    1.90373000E-01 
   1.15879000E+00    8.52161000E-01 
S    1    1.000000
   3.25840000E-01    1.00000000E+00 
S    1    1.000000
   1.02741000E-01    1.00000000E+00 

8    0
S    6    1.000000
   6.29348000E+03    1.96979000E-03 
   9.49044000E+02    1.49613000E-02 
   2.18776000E+02    7.35006000E-02 
   6.36916000E+01    2.48937000E-01 
   1.88282000E+01    6.02460000E-01 
   2.72023000E+00    2.56202000E-01 
SP   3    1.000000
   3.06331000E+01    1.11906000E-01   3.83119000E-02 
   7.02614000E+00    9.21666000E-01   2.37403000E-01 
   2.11205000E+00   -2.56919000E-03   8.17592000E-01 
SP   1    1.000000
   6.84009000E-01    1.00000000E+00   1.00000000E+00 
SP   1    1.000000
   2.00878000E-01    1.00000000E+00   1.00000000E+00 
SP   1    1.000000
   6.39000000E-02    1.00000000E+00   1.00000000E+00 
D    1    1.000000
   9.13000000E-01    1.00000000E+00 

9    0
S    6    1.000000
   8.58850000E+03    1.89515000E-03 
   1.29723000E+03    1.43859000E-02 
   2.99296000E+02    7.07320000E-02 
   8.73771000E+01    2.40001000E-01 
   2.56789000E+01    5.94797000E-01 
   3.74004000E+00    2.80802000E-01 
SP   3    1.000000
   4.21175000E+01    1.13889000E-01   3.65114000E-02 
   9.62837000E+00    9.20811000E-01   2.37153000E-01 
   2.85332000E+00   -3.27447000E-03   8.19702000E-01 
SP   1    1.000000
   9.05661000E-01    1.00000000E+00   1.00000000E+00 
SP   1    1.000000
   2.55611000E-01    1.00000000E+00   1.00000000E+00 
SP   1    1.000000
   8.45000000E-02    1.00000000E+00   1.00000000E+00 
D    1    1.000000
   1.29200000E+00    1.00000000E+00 

10    0
S    6    1.000000
   8.58850000E+03    1.89515000E-03 
   1.29723000E+03    1.43859000E-02 
   2.99296000E+02    7.07320000E-02 
   8.73771000E+01    2.40001000E-01 
   2.56789000E+01    5.94797000E-01 
   3.74004000E+00    2.80802000E-01 
SP   3    1.000000
   4.21175000E+01    1.13889000E-01   3.65114000E-02 
   9.62837000E+00    9.20811000E-01   2.37153000E-01 
   2.85332000E+00   -3.27447000E-03   8.19702000E-01 
SP   1    1.000000
   9.05661000E-01    1.00000000E+00   1.00000000E+00 
SP   1    1.000000
   2.55611000E-01    1.00000000E+00   1.00000000E+00 
SP   1    1.000000
   8.45000000E-02    1.00000000E+00   1.00000000E+00 
D    1    1.000000
   1.29200000E+00    1.00000000E+00 

11    0
S    6    1.000000
   4.56324000E+03    1.96665000E-03 
   6.82024000E+02    1.52306000E-02 
   1.54973000E+02    7.61269000E-02 
   4.44553000E+01    2.60801000E-01 
   1.30290000E+01    6.16462000E-01 
   1.82773000E+00    2.21006000E-01 
SP   3    1.000000
   2.09642000E+01    1.14660000E-01   4.02487000E-02 
   4.80331000E+00    9.19999000E-01   2.37594000E-01 
   1.45933000E+00   -3.03068000E-03   8.15854000E-01 
SP   1    1.000000
   4.83456000E-01    1.00000000E+00   1.00000000E+00 
SP   1    1.000000
   1.45585000E-01    1.00000000E+00   1.00000000E+00 
SP   1    1.000000
   4.38000000E-02    1.00000000E+00   1.00000000E+00 
D    1    1.000000
   6.26000000E-01    1.00000000E+00 

12    0
S    3    1.000000
   3.38650000E+01    2.54938000E-02 
   5.09479000E+00    1.90373000E-01 
   1.15879000E+00    8.52161000E-01 
S    1    1.000000
   3.25840000E-01    1.00000000E+00 
S    1    1.000000
   1.02741000E-01    1.00000000E+00 

13    0
S    6    1.000000
   4.56324000E+03    1.96665000E-03 
   6.82024000E+02    1.52306000E-02 
   1.54973000E+02    7.61269000E-02 
   4.44553000E+01    2.60801000E-01 
   1.30290000E+01    6.16462000E-01 
   1.82773000E+00    2.21006000E-01 
SP   3    1.000000
   2.09642000E+01    1.14660000E-01   4.02487000E-02 
   4.80331000E+00    9.19999000E-01   2.37594000E-01 
   1.45933000E+00   -3.03068000E-03   8.15854000E-01 
SP   1    1.000000
   4.83456000E-01    1.00000000E+00   1.00000000E+00 
SP   1    1.000000
   1.45585000E-01    1.00000000E+00   1.00000000E+00 
SP   1    1.000000
   4.38000000E-02    1.00000000E+00   1.00000000E+00 
D    1    1.000000
   6.26000000E-01    1.00000000E+00 

14    0
S    3    1.000000
   3.38650000E+01    2.54938000E-02 
   5.09479000E+00    1.90373000E-01 
   1.15879000E+00    8.52161000E-01 
S    1    1.000000
   3.25840000E-01    1.00000000E+00 
S    1    1.000000
   1.02741000E-01    1.00000000E+00 

15    0
S    6    1.000000
   4.39700000E+05    8.13000000E-04 
   6.60300000E+04    6.28500000E-03 
   1.51400000E+04    3.19200000E-02 
   4.31700000E+03    1.28800000E-01 
   1.41400000E+03    3.94600000E-01 
   5.23900000E+02    5.41300000E-01 
S    3    1.000000
   5.23900000E+02    1.83100000E-01 
   2.07700000E+02    6.17600000E-01 
   8.65400000E+01    2.53800000E-01 
S    1    1.000000
   3.05200000E+01    1.00000000E+00 
S    1    1.000000
   1.29800000E+01    1.00000000E+00 
S    1    1.000000
   4.41200000E+00    1.00000000E+00 
S    1    1.000000
   1.86200000E+00    1.00000000E+00 
S    1    1.000000
   3.93200000E-01    1.00000000E+00 
S    1    1.000000
   1.40000000E-01    1.00000000E+00 
P    3    1.000000
   2.95700000E+03    2.22600000E-02 
   7.00300000E+02    1.80200000E-01 
   2.24600000E+02    8.62400000E-01 
P    3    1.000000
   8.25900000E+01    3.44000000E-01 
   3.31900000E+01    5.07100000E-01 
   1.42000000E+01    2.59000000E-01 
P    3    1.000000
   1.42000000E+01    7.96500000E-02 
   7.43800000E+00    3.73400000E-01 
   3.52600000E+00    6.04900000E-01 
P    1    1.000000
   1.59500000E+00    1.00000000E+00 
P    1    1.000000
   8.46200000E-01    1.00000000E+00 
P    1    1.000000
   3.18600000E-01    1.00000000E+00 
P    1    1.000000
   1.09600000E-01    1.00000000E+00 
D    4    1.000000
   1.34800000E+02    1.83100000E-02 
   3.63900000E+01    1.35000000E-01 
   1.21600000E+01    4.26100000E-01 
   4.34100000E+00    6.04300000E-01 
D    1    1.000000
   1.53500000E+00    1.00000000E+00 
SP   1    1.000000
   3.90000000E-02    1.00000000E+00   1.00000000E+00 
D    1    1.000000
   4.15000000E-01    1.00000000E+00 

[MO]
Sym=X
Ene= -0.184771
Spin=Alpha
Occup=1
     1    9.506773297723e-06
     2   -8.557724642949e-05
     3   -4.360199170762e-03
     4    5.350790756769e-04
     5   -1.557468606190e-03
     6    2.000886711318e-03
     7   -6.286260374339e-03
     8    2.942786773493e-04
     9   -3.133469648142e-03
    10   -2.446604066670e-02
    11   -1.166902022534e-02
    12    1.618340438764e-02
    13    4.404040543440e-03
    14   -2.570131558772e-02
    15    5.946835658742e-02
    16    5.572839350727e-02
    17   -3.340142657509e-03
    18    1.044302943245e-03
    19   -1.732772609340e-02
    20   -7.586890610971e-03
    21   -2.501708961646e-03
    22   -1.003921179100e-03
    23    4.380735749761e-04
    24    6.369351512569e-04
    25    6.069387473616e-03
    26    2.836216878149e-03
    27   -1.090834616368e-01
    28   -1.597145590941e-03
    29    8.489430136732e-03
    30    3.497799389749e-03
    31   -1.789042877793e-01
    32    3.688776901587e-02
    33    2.372314054146e-04
    34   -8.564405586193e-03
    35   -1.470542837857e-01
    36    3.411511038401e-01
    37    1.398324032311e-01
    38   -7.500912010827e-02
    39    1.579913359251e-02
    40   -1.084465437739e-04
    41   -5.392674169905e-03
    42    1.270800924482e-02
    43   -2.175225236185e-04
    44    9.225824959300e-05
    45   -4.469539177521e-03
    46   -7.465752710174e-03
    47    6.772447251848e-03
    48   -6.272802907825e-03
    49   -1.135643562684e-01
    50    2.473205975792e-02
    51    1.332560306886e-02
    52   -8.575528674974e-03
    53   -1.884851485415e-01
    54    2.710855604163e-02
    55    4.249781202401e-02
    56   -3.153086630976e-02
    57   -1.583059650040e-01
    58    1.987988769683e-01
    59   -3.531917756942e-02
    60   -4.201529760412e-01
    61   -3.257632062779e-02
    62   -4.198931451451e-04
    63    7.517708426717e-03
    64   -1.527527021525e-02
    65   -2.583542053518e-03
    66   -1.303430212780e-03
    67   -1.456455068169e-03
    68   -2.357405728014e-03
    69    1.704771580708e-02
    70   -8.366730904697e-03
    71    7.655876218052e-02
    72    7.724730952217e-03
    73    2.661561589398e-02
    74   -1.165819426971e-02
    75    1.266198985107e-01
    76    3.050716544415e-02
    77    3.524481466381e-02
    78   -7.134173156374e-03
    79    1.207949852863e-01
    80    1.507476068736e-01
    81    2.160796111771e-02
    82    4.697142343180e-02
    83   -1.492037018159e-03
    84    1.388605225193e-03
    85    3.882952988320e-03
    86   -5.840452799249e-03
    87   -3.230422796113e-03
    88    1.853348177065e-04
    89    3.106119132684e-03
    90    2.794418656905e-03
    91   -2.646800878987e-03
    92    3.065324115965e-03
    93    4.268593444814e-03
    94    1.252833723558e-04
    95   -1.403624532746e-02
    96   -1.722373217555e-02
    97   -7.604300716212e-03
    98    1.220274142455e-03
    99    1.897114058094e-03
   100   -2.168489479766e-04
   101    2.105132686489e-03
   102    1.604999995660e-02
   103   -4.130635838340e-03
   104   -1.387041642920e-03
   105    3.102396758477e-03
   106    2.277253454786e-02
   107   -2.331609430642e-02
   108    1.268943189351e-02
   109    8.021101935233e-03
   110    2.907212122041e-02
   111   -1.230329704810e-01
   112    2.816283465609e-02
   113    1.028618061771e-01
   114    4.453310973703e-02
   115    1.082110522265e-03
   116    1.288108841097e-02
   117   -5.170016514993e-03
   118    3.118735285235e-03
   119    2.593515412501e-03
   120   -1.255140951578e-03
   121   -2.080589549261e-03
   122    1.523998727086e-03
   123   -5.539123001720e-04
   124    5.491144614253e-02
   125    6.381245292767e-03
   126    2.464752931795e-03
   127   -1.799585620316e-04
   128    8.108696199642e-02
   129    9.949510757386e-03
   130   -3.636596212408e-03
   131    3.812140318803e-04
   132    7.443570301384e-02
   133    7.716933098690e-02
   134   -1.036554514639e-02
   135    1.334308338018e-02
   136   -1.029507593017e-02
   137   -1.002934361223e-03
   138   -2.777570854772e-03
   139    4.143154500639e-03
   140   -1.228937058507e-04
   141   -2.226106815416e-04
   142    3.014873836048e-05
   143    4.511526490803e-05
   144    1.648042803144e-02
   145   -6.883657295028e-03
   146    2.152746643640e-02
   147   -1.055982807902e-04
   148    2.443956893744e-02
   149   -1.011308987211e-02
   150    3.285208061092e-02
   151   -3.255593235278e-04
   152    2.166407100747e-02
   153   -9.375764109636e-03
   154    2.614149975432e-02
   155   -3.399446196156e-02
   156    1.096171606557e-03
   157    3.519791160071e-03
   158   -1.462100588028e-02
   159    2.683742906574e-04
   160   -3.665149384338e-04
   161   -2.342451100722e-03
   162   -9.260057025813e-04
   163   -6.901704426004e-04
   164    6.057134001906e-03
   165    1.011143281477e-02
   166   -2.328046693493e-02
   167    1.579271813765e-02
   168    5.845324925962e-02
   169   -3.628798508845e-02
   170   -3.673105728075e-02
   171    2.474953980345e-02
   172    9.999970957206e-02
   173   -6.291129119317e-02
   174   -2.941158780651e-02
   175   -1.601951223038e-02
   176    6.335866587479e-02
   177    9.378591149450e-02
   178    5.997325669152e-03
   179   -3.308146315654e-03
   180    6.021077433627e-03
   181    4.298455967682e-03
   182   -5.751692261865e-03
   183    1.010279811864e-02
   184   -3.102012253782e-03
   185   -3.665353196399e-03
   186   -6.551803046753e-03
   187   -1.719179682318e-02
   188   -1.783615630124e-02
   189    5.426417022901e-05
   190    8.130208883369e-05
   191    2.857202004678e-02
   192   -1.098377465980e-02
   193    1.074474626792e-02
   194   -1.392835611656e-03
   195    4.705464733882e-02
   196   -1.878833810757e-02
   197    1.705556971528e-02
   198   -6.559177743850e-03
   199   -2.140255025907e-02
   200    1.242912523049e-02
   201    1.996581358649e-02
   202   -6.529321589022e-01
   203   -5.280474238573e-02
   204   -1.029230472323e-01
   205   -1.505164599670e-02
   206    2.553612669216e-03
   207    1.033807474895e-03
   208   -1.428059220093e-02
   209   -4.952346425683e-03
   210    2.603722010762e-03
   211    2.869667842767e-02
   212    5.798840067293e-02
   213    4.540956351556e-02
   214    3.098101018673e-04
   215    1.004110675853e-03
   216   -2.725094166421e-03
   217   -3.288712647165e-03
   218    6.453859244893e-03
   219    8.752205093995e-03
   220   -1.848003907012e-02
   221   -1.666570268996e-03
   222   -9.852033469429e-03
   223    2.225966848802e-04
   224   -2.041823030014e-03
   225   -8.134429067097e-02
   226    1.840290554066e-03
   227   -1.684950917002e-02
   228    2.127017350845e-01
   229   -4.789893193602e-03
   230    4.396634363834e-02
   231    7.887610359569e-02
   232   -1.337225812912e-03
   233    1.691756917841e-02
   234   -1.754701793582e-01
   235    2.623824563395e-03
   236   -3.730254011233e-02
   237   -4.200632843630e-01
   238    1.087107697877e-02
   239   -8.521237743268e-02
   240   -2.495677695709e-01
   241   -6.023594605336e-03
   242   -4.126911230659e-02
   243    1.968734798656e-03
   244   -3.525051131927e-04
   245    1.711999680704e-04
   246    2.254154633557e-03
   247   -5.941029513506e-04
   248    4.053096509124e-05
   249    3.095094746074e-04
   250    2.018139399047e-04
   251    2.476342705345e-04
   252    1.857406628087e-04
   253   -2.681779642388e-02
   254    7.275684418918e-03
   255   -4.120328871901e-03
   256   -5.921823392007e-03
   257   -3.821711207720e-03
   258   -4.207046786042e-03
   259   -1.195226764888e-03
   260   -2.611258205261e-03
   261   -2.143919044382e-03
Sym=X
Ene= -0.274318
Spin=Alpha
Occup=1
     1    8.598549791271e-04
     2    1.487199694070e-03
     3   -2.371848444486e-02
     4   -3.148637952256e-03
     5   -6.590197810801e-02
     6   -6.608582693219e-03
     7   -3.511044110480e-02
     8   -3.854894404953e-03
     9   -1.100086594740e-01
    10    4.159835927461e-02
    11    3.139709581960e-03
    12    1.925507941501e-02
    13   -7.829888309227e-02
    14    2.128890597020e-01
    15    3.505298524939e-02
    16   -4.159382213279e-02
    17    1.930059478162e-03
    18   -7.199649745120e-04
    19   -7.930026406263e-03
    20    3.642057178940e-03
    21   -1.557593928265e-03
    22   -3.784132507574e-03
    23    2.377203292583e-04
    24    5.790427420661e-04
    25    1.801600526009e-02
    26   -2.361586591154e-02
    27   -7.924072712521e-02
    28   -3.872901153833e-03
    29    2.301177000998e-02
    30   -3.357576035741e-02
    31   -1.306842195877e-01
    32    3.271644224709e-03
    33    9.177790834828e-02
    34   -4.257916110191e-02
    35   -8.963619681725e-02
    36   -4.867499778597e-01
    37   -2.633761925703e-02
    38    7.030071744395e-02
    39   -1.807799921391e-03
    40   -2.720087778671e-04
    41    4.631751740518e-03
    42    7.060520487741e-03
    43   -3.960582691739e-03
    44    3.276379062367e-03
    45    1.529319617552e-02
    46    2.548713918435e-02
    47   -7.607163512636e-02
    48    7.013918314852e-03
    49   -5.918101727514e-02
    50   -8.082582574308e-02
    51   -1.317891451622e-01
    52    1.319903250189e-02
    53   -9.335199437635e-02
    54   -2.853669680836e-01
    55   -1.551866489381e-01
    56   -2.235202485321e-02
    57   -9.801040035069e-02
    58   -1.294513097134e-01
    59    5.582681251614e-02
    60    2.888692332568e-01
    61   -4.224958334251e-03
    62    1.556065183157e-03
    63    4.502436865636e-03
    64   -1.115827216177e-02
    65   -1.047724260190e-02
    66    4.084860607828e-04
    67    3.849084088841e-03
    68    6.226732305598e-03
    69    2.612724750834e-03
    70    1.104962955687e-02
    71   -2.953126482936e-02
    72   -1.973960220508e-02
    73    4.364792751241e-03
    74    1.503263867853e-02
    75   -4.730260314014e-02
    76    8.368808103832e-03
    77    1.634276989664e-02
    78    1.170268718233e-02
    79   -4.279325475687e-02
    80   -2.187544522940e-01
    81   -1.862099996385e-02
    82    3.643240833337e-02
    83    2.413016007581e-03
    84   -5.619269036002e-04
    85   -4.157057348829e-03
    86   -7.305412265256e-03
    87   -3.552438844923e-03
    88   -6.975739562789e-05
    89    9.785960386641e-03
    90    1.030537816530e-02
    91   -8.748139738643e-04
    92   -4.148054428959e-04
    93    3.957783807203e-04
    94    1.341565078415e-02
    95   -7.128572464093e-03
    96   -8.728003932922e-03
    97    6.577907958318e-03
    98    3.808540580342e-04
    99    7.025171326928e-04
   100    4.310213837690e-02
   101   -2.347324667426e-03
   102    1.966798369180e-02
   103   -2.110502901653e-03
   104    7.103460816147e-02
   105   -4.814254817788e-03
   106    3.010208697708e-02
   107    2.392862764155e-03
   108   -7.007985637086e-02
   109    1.869235103053e-02
   110    2.608101537767e-02
   111    1.760280528602e-02
   112   -1.593871187921e-01
   113   -1.019651720213e-01
   114    2.164149731761e-02
   115   -2.180543175881e-03
   116    5.118611289737e-03
   117   -7.695092479197e-03
   118   -4.195517421380e-02
   119   -3.451277924421e-03
   120    2.100038399584e-03
   121    3.574199779170e-03
   122   -1.353135161782e-01
   123    5.198886110730e-03
   124    2.868339592237e-02
   125   -1.060962219142e-02
   126   -1.982799223330e-01
   127    5.903508027476e-03
   128    4.334266094481e-02
   129    1.780466245093e-02
   130   -1.811213789755e-01
   131    1.455752009426e-02
   132    3.631796469437e-02
   133   -3.270679288409e-03
   134    1.903088144187e-02
   135    6.416622679721e-03
   136   -4.041650664755e-03
   137   -2.278288505613e-03
   138   -8.604097001258e-04
   139    3.001902224954e-03
   140    3.606069651944e-03
   141   -6.630489889120e-03
   142    1.494035942052e-03
   143    2.538635381068e-03
   144   -1.586567501957e-01
   145    3.087236318053e-02
   146   -2.735125963887e-03
   147   -7.162553757469e-03
   148   -2.326245558655e-01
   149    4.716024190107e-02
   150   -3.423559929078e-03
   151    2.119068462339e-03
   152   -2.117864368729e-01
   153    3.745599289228e-02
   154   -7.317407041362e-03
   155    1.246178850287e-01
   156    8.520281836635e-03
   157   -2.713146336079e-02
   158   -6.990918199376e-03
   159   -1.562650975465e-03
   160   -4.301696792340e-04
   161   -7.657941977330e-04
   162    6.775522774074e-03
   163    6.780923957430e-03
   164   -5.821853807713e-03
   165   -9.602342937977e-03
   166   -3.168068063971e-03
   167   -1.809296903895e-02
   168    1.753205499630e-02
   169    3.262733546222e-02
   170   -4.199801509063e-03
   171   -2.910792782152e-02
   172    2.945578153822e-02
   173    3.551770359921e-02
   174   -6.462190287798e-03
   175   -3.477882546340e-02
   176    3.483567765077e-02
   177   -6.474920604756e-02
   178   -9.213980204272e-02
   179    4.678493678609e-02
   180    3.439912619155e-03
   181   -2.959292858776e-03
   182    6.322815429846e-03
   183   -7.526730060074e-03
   184   -1.825058588559e-03
   185    7.673213183583e-03
   186    2.333229047539e-02
   187    3.005763672318e-02
   188    2.598866814292e-03
   189   -9.843774504956e-04
   190   -1.435055207025e-03
   191    2.406671869547e-03
   192    2.019325377627e-02
   193    3.024761103900e-02
   194    2.492027590369e-03
   195   -1.377948102606e-03
   196    3.123089507002e-02
   197    5.318069514673e-02
   198   -5.937199585512e-03
   199    4.525715830961e-02
   200    4.803092720430e-02
   201    4.431898766147e-02
   202    5.850539287628e-01
   203   -3.784047868965e-02
   204    4.989929974341e-02
   205    5.279239953967e-03
   206   -3.642487845661e-03
   207   -7.136116493160e-03
   208   -1.301386924748e-02
   209    5.601527482728e-04
   210   -4.933824558721e-03
   211    1.402567252442e-02
   212    2.337325026619e-02
   213    1.512893731402e-02
   214   -5.405614855414e-04
   215   -1.749140583776e-03
   216    4.721122348472e-03
   217    5.921121140848e-03
   218   -1.198610190818e-02
   219   -1.448347741517e-02
   220    3.226402934935e-02
   221    1.423650887136e-02
   222    4.724583864138e-03
   223    2.115048915412e-03
   224   -3.183960075396e-03
   225    3.901646278445e-02
   226    1.745409034970e-02
   227   -2.628512364553e-02
   228   -1.019610564920e-01
   229   -4.559373381685e-02
   230    6.849278010883e-02
   231   -3.666958008607e-02
   232   -1.730310303381e-02
   233    2.520236835442e-02
   234    8.062910233898e-02
   235    3.847294953408e-02
   236   -5.420226403885e-02
   237    2.036854087432e-01
   238    8.767610208287e-02
   239   -1.365075178333e-01
   240    9.930892457521e-02
   241    5.577428362214e-02
   242   -5.484860606167e-02
   243    5.207642206948e-03
   244   -4.259633612607e-03
   245    1.234512338708e-03
   246    1.639833293837e-03
   247   -9.366973255849e-04
   248    5.708486513580e-04
   249   -8.174936694693e-04
   250    7.687291780315e-05
   251    4.345083589848e-04
   252    1.915481558504e-05
   253    3.637064549460e-02
   254   -7.587372837687e-04
   255    1.091076522303e-02
   256    1.085775866467e-02
   257   -1.085402095316e-02
   258    1.122629249932e-02
   259   -3.194924141043e-03
   260   -4.152492766155e-03
   261    2.794837841475e-03
Sym=X
Ene= -0.380134
Spin=Alpha
Occup=1
     1    1.056301879206e-03
     2    1.643262493497e-03
     3   -2.491914407961e-02
     4   -1.668463582635e-03
     5   -9.893945271239e-03
     6   -4.248609071245e-03
     7   -3.684926958189e-02
     8   -2.133383275021e-03
     9   -1.684562322764e-02
    10   -1.968284683322e-02
    11   -4.144449462930e-02
    12    1.537244708645e-03
    13   -7.400154565049e-03
    14    5.311554491070e-02
    15   -8.263975650591e-02
    16   -6.814620998192e-02
    17    1.401148308942e-02
    18   -4.110997885798e-04
    19    1.199453782427e-02
    20    8.458862096077e-03
    21   -3.708086807446e-03
    22   -1.777204818333e-03
    23   -1.621461005509e-03
    24   -2.636446243293e-03
    25    2.353968534241e-02
    26   -7.319418829425e-04
    27    6.259118858188e-02
    28    6.822030987909e-03
    29    3.481465931910e-02
    30    3.506210946088e-04
    31    1.064420560749e-01
    32    2.555720909609e-02
    33    3.686637223634e-03
    34    4.302260104220e-03
    35    7.082358654309e-02
    36    3.360628060120e-01
    37   -4.999341376395e-02
    38    3.069602187285e-02
    39   -1.843518365692e-04
    40    3.791813568384e-04
    41    4.015901653026e-03
    42   -7.908183178572e-03
    43   -5.455122886593e-03
    44    3.580506597529e-03
    45    4.469857327187e-03
    46    7.357398260691e-03
    47   -3.931980403606e-02
    48   -4.289208123744e-03
    49    7.785249961707e-02
    50   -2.076551906228e-02
    51   -6.933794866162e-02
    52   -4.917666761200e-03
    53    1.259302846377e-01
    54   -1.077675324831e-01
    55   -3.979894617456e-02
    56    3.254319562988e-02
    57    1.233395118414e-01
    58    5.328400159988e-01
    59    2.275630624050e-02
    60   -3.545939256440e-01
    61   -1.024994276695e-02
    62    8.062584992456e-04
    63   -2.987977455978e-03
    64    2.025600700333e-03
    65   -9.470209525936e-03
    66   -1.584679322311e-03
    67    7.907039239543e-04
    68    1.254474472392e-03
    69    1.903530296115e-02
    70   -1.948219443009e-03
    71   -7.902702758338e-02
    72   -1.395458358807e-03
    73    2.858763088062e-02
    74   -1.826139268240e-03
    75   -1.313017148484e-01
    76   -7.134467544752e-03
    77    2.273300351685e-02
    78   -1.266305785317e-02
    79   -9.281568768982e-02
    80   -1.682663317458e-01
    81   -2.912720925823e-02
    82   -8.311119407744e-02
    83   -2.110049378340e-02
    84    9.515959559040e-04
    85   -6.528973288797e-03
    86    7.298842698443e-03
    87   -6.705593479769e-03
    88    8.030264391736e-04
    89    9.997860394251e-03
    90    1.426743726943e-02
    91    3.040665099087e-04
    92    1.323035775091e-02
    93    1.940365284323e-02
    94   -1.033437123052e-03
    95   -2.026719921549e-02
    96   -2.688453571250e-02
    97   -1.158194748606e-02
    98    1.775120552440e-03
    99    2.886285517627e-03
   100    2.611786647177e-02
   101    4.665181573293e-03
   102   -1.808386993782e-02
   103   -8.125666001660e-03
   104    4.174469981435e-02
   105    1.001266451675e-02
   106   -2.810529360599e-02
   107   -2.864186737594e-02
   108   -1.905059349277e-02
   109   -3.947305077433e-02
   110   -3.031252012581e-02
   111   -2.990105332278e-01
   112   -3.776701074008e-02
   113    1.449548921159e-01
   114   -1.278941526337e-02
   115   -3.886064543994e-04
   116   -1.146611675853e-02
   117   -2.191133532035e-02
   118   -1.663318551330e-02
   119    1.350727783111e-02
   120    1.669884984955e-04
   121    2.787873782315e-04
   122   -1.161751560778e-01
   123   -4.182253567471e-02
   124    5.517610164668e-02
   125   -7.732180522819e-04
   126   -1.708867437460e-01
   127   -6.180456866472e-02
   128    8.057095598039e-02
   129   -1.265291995779e-02
   130   -1.578683020431e-01
   131   -5.742100731783e-02
   132    8.371113998664e-02
   133    1.792667839328e-01
   134   -1.540590215618e-02
   135    4.621426672823e-02
   136    6.044173215707e-03
   137   -1.653997785523e-03
   138   -2.251894469112e-03
   139    2.604844836859e-03
   140    6.227268778871e-03
   141   -4.692321426608e-03
   142   -7.561876789849e-05
   143   -5.746969698306e-05
   144   -1.809848083467e-02
   145   -4.381015755983e-02
   146   -1.077685660883e-01
   147    1.225588021294e-03
   148   -2.535147012956e-02
   149   -6.346082297886e-02
   150   -1.604956196369e-01
   151    2.881527952615e-02
   152   -2.689045998428e-02
   153   -6.798108552779e-02
   154   -1.468865371875e-01
   155    1.373216747539e-03
   156    1.500361651002e-03
   157   -3.084539798075e-03
   158   -8.154396408038e-03
   159   -1.605999185753e-03
   160    4.774873956183e-03
   161    8.099114560146e-03
   162   -2.719450668166e-03
   163    1.708220662275e-03
   164    4.538767553034e-03
   165    7.788216705016e-03
   166   -3.051403436587e-02
   167    1.809000879344e-03
   168   -9.431133978361e-02
   169   -3.315970260209e-02
   170   -4.947462545746e-02
   171    2.447956733044e-03
   172   -1.527778771644e-01
   173    2.618139719030e-02
   174    2.840392441805e-03
   175   -3.000991520945e-02
   176   -1.487843078061e-01
   177    4.597223542569e-01
   178    1.527802388390e-01
   179    9.295099258322e-03
   180    2.427010019387e-02
   181    3.724688269051e-03
   182    1.756642281400e-03
   183   -6.531378428849e-03
   184   -3.972536564990e-03
   185    1.204302107743e-03
   186    6.574462286455e-03
   187   -1.696105530092e-03
   188    1.495292373451e-03
   189    3.049895558771e-03
   190    5.075303289611e-03
   191    2.819735505245e-02
   192    8.628033974428e-03
   193    4.381150075723e-03
   194   -1.726576048598e-02
   195    4.296842009634e-02
   196    1.212377513820e-02
   197    6.350021672431e-03
   198   -1.735261975696e-02
   199    6.168809697520e-02
   200    5.799208001031e-02
   201    3.932269498520e-03
   202   -1.042253613070e+00
   203    1.052145352082e-01
   204   -1.089530258112e-01
   205   -3.729565552640e-02
   206    1.071795453290e-03
   207    2.262209006906e-02
   208    5.209944868901e-03
   209   -3.120217770949e-03
   210    1.096415551925e-03
   211    1.265095683080e-02
   212    3.025384452622e-02
   213    4.877316917594e-02
   214    1.240900554751e-04
   215    4.019309967008e-04
   216   -1.089525524506e-03
   217   -1.349133223563e-03
   218    2.716148650997e-03
   219    3.649700195979e-03
   220   -1.028635800136e-02
   221    3.501568102376e-03
   222   -6.745521337710e-03
   223    8.421150973246e-04
   224   -1.120209358734e-03
   225   -5.568933927572e-02
   226    6.961149126856e-03
   227   -9.235741741001e-03
   228    1.454362066722e-01
   229   -1.826874437189e-02
   230    2.406393898634e-02
   231    5.353792139879e-02
   232   -6.250027208992e-03
   233    9.932836980473e-03
   234   -1.177235715292e-01
   235    1.409914037855e-02
   236   -2.210114558130e-02
   237   -2.866760620009e-01
   238    3.846216525454e-02
   239   -4.458236123683e-02
   240   -1.585961047322e-01
   241    1.412598303084e-02
   242   -2.501009984963e-02
   243    1.611668961697e-03
   244    3.626352063705e-03
   245    8.432691240121e-04
   246   -3.146494182863e-03
   247    3.223185199777e-03
   248    6.393789598277e-05
   249    8.034992683714e-04
   250    1.834368046458e-04
   251   -6.084097524480e-04
   252    7.442484363052e-04
   253   -4.519423794345e-02
   254   -5.462335447361e-03
   255   -1.314268973730e-02
   256   -1.013503254870e-02
   257   -3.283446541561e-03
   258   -1.097146965410e-02
   259   -2.329353935653e-03
   260    7.974732659704e-03
   261   -8.645445958279e-03
Sym=X
Ene= -0.460154
Spin=Alpha
Occup=1
     1    4.752570462567e-03
     2    7.524300283888e-03
     3   -1.125583085915e-02
     4    1.313777689533e-03
     5   -1.097556600045e-02
     6   -2.004493138447e-02
     7   -1.659490525472e-02
     8    2.707762025547e-03
     9   -1.779948011794e-02
    10   -8.933369187247e-02
    11   -6.225900091265e-02
    12   -9.087961759073e-03
    13   -1.492620683565e-02
    14   -5.285857524493e-01
    15   -4.347887642205e-01
    16   -1.902615696862e-01
    17    6.465653256844e-03
    18    1.353506324940e-04
    19   -2.855010351513e-03
    20   -1.274566516322e-04
    21    1.419727835344e-03
    22    1.000814545561e-03
    23   -8.142133547604e-03
    24   -1.324101575867e-02
    25    1.889485922463e-02
    26    6.965589774010e-04
    27   -2.108025557955e-02
    28    3.835210319137e-02
    29    3.519982143759e-02
    30    3.956707401050e-03
    31   -3.643729432558e-02
    32    9.244149400309e-02
    33   -6.914091700564e-02
    34    1.332375205349e-02
    35   -2.263073533927e-02
    36    9.077563334223e-01
    37   -4.950531951614e-01
    38    1.206685273405e-01
    39   -7.459962946821e-03
    40    2.105991357531e-04
    41    8.921546891639e-04
    42    2.564620451805e-03
    43   -4.597193014499e-03
    44   -6.996992786943e-04
    45    8.749035516412e-04
    46    1.452985559262e-03
    47    6.678547034015e-03
    48    2.129362122689e-02
    49   -1.911336246644e-02
    50   -4.212863814982e-03
    51    1.103637588052e-02
    52    4.123098495014e-02
    53   -3.185891120176e-02
    54   -5.995302020204e-03
    55    1.999820786280e-02
    56    3.894727682949e-02
    57   -2.530241973955e-02
    58   -1.402132357830e-01
    59    7.123429645686e-02
    60    3.817974440608e-02
    61    3.047167565121e-02
    62    1.937041220539e-04
    63    1.439849150000e-03
    64   -7.845175002411e-04
    65    1.398702827275e-03
    66   -4.240160155765e-03
    67   -4.655516474259e-04
    68   -7.247946528053e-04
    69   -9.709217229114e-03
    70    8.746296561373e-03
    71    2.886665349523e-03
    72    1.068633099301e-03
    73   -1.503307931739e-02
    74    1.600625058186e-02
    75    5.016593066502e-03
    76    1.345088210464e-02
    77   -1.132693888810e-02
    78   -1.666030469305e-02
    79    4.327156356702e-03
    80    2.755696170667e-02
    81    1.138764449852e-02
    82   -3.506709450767e-01
    83    6.739806716774e-03
    84   -1.559397696978e-04
    85   -1.793201965362e-04
    86   -1.795807246713e-03
    87    3.218074980961e-03
    88   -1.403128634890e-03
    89    4.621922482388e-04
    90    2.804805468853e-03
    91   -6.215502383266e-04
    92    9.449271148608e-03
    93    1.236418266977e-02
    94   -2.692873064828e-02
    95    9.962325414138e-03
    96    1.221270124024e-02
    97    4.881700305819e-03
    98   -2.432494791462e-04
    99   -3.841945386546e-04
   100   -3.392600664535e-03
   101    1.373843385819e-02
   102    1.812379397885e-03
   103    1.089568223078e-03
   104   -5.201255051757e-03
   105    2.800830649297e-02
   106    2.156009009790e-03
   107   -1.596660553184e-03
   108   -6.489667035534e-04
   109   -9.018044983459e-02
   110    1.159349106664e-02
   111   -2.955711689300e-02
   112   -1.735758091881e-03
   113    2.536250874857e-01
   114   -1.090316448732e-02
   115   -1.937301776176e-03
   116   -5.014692314643e-04
   117    1.855126714500e-02
   118    1.577603145969e-03
   119    3.951048543755e-02
   120    2.872019333503e-03
   121    4.621626341553e-03
   122   -1.522839486952e-01
   123   -1.344538212622e-01
   124   -5.736297137067e-02
   125   -1.625104132578e-02
   126   -2.268361540540e-01
   127   -1.971430219544e-01
   128   -8.522097431851e-02
   129   -6.540625868859e-02
   130   -2.026228771187e-01
   131   -1.942921075302e-01
   132   -8.048585616909e-02
   133    1.995451285496e-01
   134   -1.963191350705e-02
   135    4.543327183367e-02
   136   -1.347061482020e-02
   137    3.244050080806e-04
   138    3.738036886194e-03
   139   -3.069073847192e-03
   140    1.350933705230e-02
   141   -4.653009571978e-03
   142   -2.601016852975e-03
   143   -4.162818003117e-03
   144    1.602848661151e-01
   145   -1.264815209662e-01
   146    8.855612210655e-02
   147    1.437076474476e-02
   148    2.389183275650e-01
   149   -1.853998728651e-01
   150    1.312928315940e-01
   151    6.249070070858e-02
   152    2.120221667880e-01
   153   -1.821421465649e-01
   154    1.239442789833e-01
   155   -1.861349574228e-01
   156    2.062756687725e-02
   157    3.762122644786e-02
   158    3.322821634435e-03
   159    1.027373949851e-03
   160   -3.414645087822e-03
   161   -6.123385940502e-03
   162   -1.324110779783e-02
   163   -5.287362595827e-03
   164   -5.014731966076e-03
   165   -8.010518516180e-03
   166    3.426419392631e-02
   167    2.931127462755e-04
   168    1.073814594615e-02
   169    2.371329945459e-02
   170    5.039685363947e-02
   171    1.984507350753e-03
   172    1.774205274727e-02
   173    7.657125185054e-02
   174    8.457790470615e-02
   175   -8.517785706232e-03
   176    1.839333031142e-02
   177    1.159406272837e-01
   178    3.350421282663e-01
   179   -1.823243280747e-01
   180    1.353622651106e-02
   181   -6.305187007903e-04
   182    5.750447674693e-04
   183   -6.258029827407e-04
   184    1.936164393524e-03
   185   -1.246812653625e-03
   186   -1.008630346622e-02
   187   -1.614099976184e-02
   188    2.802026641460e-04
   189    6.116861413376e-03
   190    1.009142189373e-02
   191   -3.510096975909e-02
   192   -5.496948567737e-03
   193    3.175483199704e-03
   194   -3.083952748835e-02
   195   -6.289979325680e-02
   196   -6.532171160246e-03
   197    8.206207975877e-03
   198   -7.377666008937e-02
   199    5.010162189592e-02
   200    2.103798353890e-02
   201   -2.716422875429e-03
   202   -3.588547851471e-01
   203    3.724648842753e-01
   204    1.490460875363e-01
   205   -5.104803914525e-02
   206   -3.973632814379e-03
   207   -3.624299358511e-03
   208   -2.143252046707e-03
   209    8.315355373430e-03
   210   -1.498182586133e-03
   211   -9.175992015148e-03
   212   -8.712797292993e-03
   213    1.724140106927e-02
   214    1.176864610410e-05
   215    4.041356252353e-05
   216   -1.319145164898e-04
   217   -2.501252889110e-05
   218   -1.094905836380e-04
   219    1.124837462701e-03
   220   -3.154440887904e-03
   221   -3.900762935968e-03
   222    1.452963095346e-03
   223    6.910015943421e-04
   224   -1.093408565740e-03
   225    1.199474660944e-02
   226    5.699476633278e-03
   227   -9.028433128509e-03
   228   -3.129443278852e-02
   229   -1.487441356373e-02
   230    2.356118961202e-02
   231   -1.148439223955e-02
   232   -5.902991264521e-03
   233    8.638655025477e-03
   234    2.515593512117e-02
   235    1.318238155476e-02
   236   -1.859065548233e-02
   237    5.968936112810e-02
   238    2.705952497380e-02
   239   -4.939573286839e-02
   240    3.619284106619e-02
   241    2.234260560910e-02
   242   -1.389287198881e-02
   243    2.377333845908e-03
   244   -1.262799252805e-03
   245    7.799033953114e-04
   246   -9.562471972335e-04
   247   -5.097525649367e-04
   248    2.843257060532e-04
   249   -3.270547090500e-04
   250   -1.912996570341e-05
   251   -3.662977531866e-04
   252   -2.028598672417e-04
   253   -2.649343557619e-03
   254   -1.278062747034e-02
   255    1.934546676551e-03
   256    8.392931173220e-04
   257   -5.551155961730e-03
   258    3.903334374915e-03
   259   -1.449410667725e-03
   260    2.578813989050e-03
   261    1.556416155120e-03
Sym=X
Ene= -0.683841
Spin=Alpha
Occup=1
     1    1.578536913862e-03
     2    2.690838676301e-03
     3   -1.197881658249e-02
     4   -1.072123375684e-03
     5   -2.642271378040e-02
     6   -1.117260275858e-02
     7   -1.742849412929e-02
     8    6.369982440132e-04
     9   -4.419940955616e-02
    10    4.561161437475e-02
    11    5.270682306817e-03
    12   -2.642817467915e-02
    13   -3.301124508416e-02
    14    1.320827253231e-01
    15   -2.220532349013e-02
    16   -3.256790382297e-02
    17   -2.038588237860e-03
    18   -1.308297977050e-03
    19   -4.169187352884e-03
    20    1.771078705470e-04
    21   -1.098513377680e-03
    22    7.025864722527e-04
    23    5.616820666279e-04
    24    9.959379538042e-04
    25    7.291598497934e-03
    26    1.017029068185e-02
    27   -3.785778833247e-02
    28   -3.792583643169e-03
    29    1.171513007354e-02
    30    1.894526001396e-02
    31   -6.218875445931e-02
    32   -8.849158806706e-02
    33    2.994068828734e-02
    34    6.331812787731e-02
    35   -5.856398203676e-02
    36    3.309450755519e-01
    37    7.017440571976e-02
    38   -2.491655974836e-02
    39    5.273637550602e-03
    40   -1.182562385581e-03
    41    1.588047788134e-03
    42    2.589040691969e-03
    43   -4.685049360404e-03
    44    3.672319147385e-03
    45   -5.239604898485e-03
    46   -8.552622854255e-03
    47   -2.905889790287e-02
    48   -3.183379976196e-02
    49   -1.796044991469e-02
    50    2.939322385211e-02
    51   -4.830157354619e-02
    52   -5.106178200574e-02
    53   -3.407467909619e-02
    54    7.919667453769e-02
    55   -1.691715660006e-01
    56   -3.548402103297e-03
    57   -1.264968423832e-02
    58    2.671074667221e-01
    59   -3.807176449696e-02
    60   -3.379122144620e-01
    61   -3.140576155133e-03
    62   -4.724262527768e-03
    63    2.163363285853e-03
    64   -5.654071930133e-03
    65   -2.070874366003e-03
    66    2.656796699640e-03
    67   -7.988699053149e-05
    68   -2.987308548423e-05
    69    6.217693782135e-03
    70    2.864727086403e-03
    71   -2.563424320954e-03
    72   -6.413494096944e-04
    73    7.153209091494e-03
    74    4.239232460568e-03
    75   -5.705910654794e-03
    76   -3.571977800504e-02
    77   -1.036896662686e-02
    78    1.855164747712e-04
    79    5.550219469288e-03
    80   -8.515120165369e-02
    81   -1.551590561729e-02
    82   -5.018040269990e-02
    83    5.362637163847e-03
    84   -8.038397373062e-04
    85   -1.191384789162e-03
    86   -2.954969592001e-03
    87   -1.142202816138e-03
    88   -5.163689541920e-04
    89    3.054875478609e-03
    90    7.166677710452e-03
    91    1.274305883772e-02
    92    1.448309293869e-02
    93    1.645872760888e-02
    94   -8.529276271814e-03
    95   -4.779782440677e-03
    96   -7.205226343024e-03
    97   -4.867692028766e-04
    98   -8.931804898728e-05
    99   -8.575287616732e-06
   100    1.041618391396e-02
   101    2.559140589688e-03
   102    9.584410879490e-05
   103   -2.693279839430e-03
   104    1.904768941339e-02
   105    4.304881885024e-03
   106    4.240610750478e-04
   107    4.308725558803e-02
   108   -4.675216730865e-02
   109   -2.331739946563e-02
   110   -2.951816794471e-03
   111   -2.948314817949e-02
   112   -5.049102087355e-02
   113    5.882377619704e-02
   114   -8.669697563120e-03
   115   -1.284340323674e-03
   116    1.089790395502e-03
   117   -5.249224504773e-03
   118   -9.415665160001e-03
   119    6.467123061174e-03
   120    2.578629832345e-04
   121    4.131329088700e-04
   122   -4.937977926298e-02
   123   -1.598410608389e-02
   124    1.867200298854e-02
   125   -6.961564592095e-04
   126   -7.276386533930e-02
   127   -2.453931344109e-02
   128    2.780746108986e-02
   129   -8.417041969266e-03
   130   -6.226765306034e-02
   131   -2.098821938595e-02
   132    2.659320828254e-02
   133    7.310184149493e-02
   134   -6.355954277688e-03
   135    1.726079011095e-02
   136    2.503182823619e-03
   137   -7.283022460144e-04
   138   -5.172606042038e-04
   139    1.510317644055e-03
   140    2.319004933562e-03
   141   -1.889329305432e-03
   142    1.760142105757e-05
   143    8.792075375156e-05
   144   -2.135435743566e-02
   145   -1.298378240551e-02
   146   -1.310768869107e-02
   147   -1.558091912496e-04
   148   -3.049073119629e-02
   149   -1.796825855779e-02
   150   -1.939539699020e-02
   151    1.659235233078e-02
   152   -3.103796327173e-02
   153   -2.484157461613e-02
   154   -1.775258205374e-02
   155    1.521090210796e-02
   156    3.819598068537e-03
   157   -4.301736086396e-03
   158    7.814877712413e-04
   159   -5.917696200329e-04
   160    6.863465708595e-04
   161    7.795436413443e-04
   162   -3.001721479006e-04
   163    1.116125539546e-03
   164   -7.408385204128e-04
   165   -1.083450713848e-03
   166   -3.251572759273e-04
   167    2.687024262547e-03
   168    4.442169716640e-03
   169    6.227230932823e-04
   170    3.130759980662e-03
   171    7.058128864975e-03
   172    7.567640186657e-03
   173    1.016305063558e-01
   174    4.493448375666e-02
   175    3.012291632883e-02
   176   -6.417561999459e-04
   177    1.837233947073e-01
   178    7.356730874384e-02
   179    2.273425872397e-02
   180   -4.912336868204e-03
   181   -3.491081125262e-03
   182   -1.752498435370e-03
   183    2.597744764439e-03
   184   -1.836129484455e-03
   185    4.652173502702e-03
   186    3.352643555028e-03
   187    1.017843343279e-02
   188    3.603670778966e-02
   189    1.344839888797e-03
   190    2.009679092506e-03
   191   -3.503206029441e-04
   192    4.153613567836e-02
   193   -1.677981986847e-02
   194    2.331286191692e-03
   195   -4.345399571051e-03
   196    7.093506783875e-02
   197   -2.861282940392e-02
   198   -8.405976185505e-02
   199    8.017247634365e-02
   200   -6.653463302172e-02
   201    4.605744331798e-03
   202   -1.001597560448e+00
   203   -5.689949366904e-03
   204   -1.712190535764e-01
   205    5.754191583850e-02
   206   -1.183589727669e-02
   207   -2.231138751171e-03
   208    1.243104223387e-02
   209   -6.424584881643e-03
   210    2.501671660936e-03
   211   -3.629034422143e-02
   212   -8.459866886378e-02
   213   -4.303441512916e-02
   214   -7.935963883437e-05
   215   -2.560521145145e-04
   216    6.845222361946e-04
   217    9.144228826981e-04
   218   -1.931844705407e-03
   219   -1.976653406592e-03
   220    4.291372524111e-03
   221    1.790415929886e-02
   222    7.640146026342e-05
   223   -1.267965134306e-02
   224    4.620942532400e-03
   225    6.301313394197e-04
   226   -1.046782881769e-01
   227    3.814774818481e-02
   228   -1.628595585438e-03
   229    2.735383308163e-01
   230   -9.971618307142e-02
   231   -7.007236443940e-04
   232    1.017970246088e-01
   233   -3.712227752769e-02
   234    1.591555334551e-03
   235   -2.252514718046e-01
   236    8.236879617257e-02
   237    2.454093438468e-03
   238   -5.390437301874e-01
   239    1.969556407510e-01
   240   -7.921474812002e-03
   241   -3.005470835566e-01
   242    1.129967335075e-01
   243   -1.893852643411e-03
   244   -3.533168031628e-05
   245    2.426372898099e-03
   246   -1.405542085734e-03
   247   -1.376969349437e-03
   248   -2.583423960943e-04
   249    4.217218625949e-04
   250    4.914784977399e-04
   251   -4.202454575481e-04
   252   -3.752106097651e-04
   253    8.771659603833e-02
   254   -7.016967839515e-03
   255    2.425305521948e-02
   256    2.370014313053e-02
   257    6.655909110175e-03
   258   -2.809796671312e-03
   259   -9.105740390407e-03
   260    5.630194726329e-03
   261    4.364247614983e-03
Sym=X
Ene= 0.683841
Spin=Alpha
Occup=0
     1    6.946297957026e-03
     2    1.119127014292e-02
     3   -1.645930124711e-02
     4    2.438515702050e-04
     5   -1.441823441959e-02
     6   -3.067467680100e-02
     7   -2.977162259757e-02
     8   -8.264306464616e-03
     9   -2.176940762447e-02
    10   -2.930092437267e-01
    11   -7.026971742407e-02
    12    1.305738330215e-01
    13   -5.526196991773e-02
    14   -1.817912673305e+00
    15   -1.522927200056e-01
    16    4.815706043450e-01
    17   -9.444012529811e-02
    18    4.899733148560e-03
    19   -3.070329366291e-03
    20   -1.194180739564e-03
    21    1.684956803432e-03
    22    4.922613110802e-03
    23    1.264761781435e-02
    24    2.114768468395e-02
    25   -2.593130506379e-02
    26   -1.695324970175e-02
    27   -1.005943876368e-02
    28   -7.030556443994e-02
    29   -4.866822429937e-02
    30   -5.739766829767e-02
    31   -1.720285260856e-02
    32   -1.422167926756e-01
    33   -1.372818403201e-01
    34    2.554897984312e-02
    35    8.694145845163e-03
    36   -4.795750038114e-01
    37    2.262155522075e-01
    38    8.800390676707e-01
    39    3.713483902475e-01
    40    5.514427105192e-03
    41    3.963694724176e-03
    42    4.273551559522e-03
    43   -1.697516814964e-02
    44   -2.492160173663e-03
    45    3.715135026637e-03
    46    6.877030039879e-03
    47   -4.826625278460e-02
    48    3.901146544199e-03
    49   -1.873269576112e-02
    50   -3.314551819472e-02
    51   -8.050688751172e-02
    52    1.078241512434e-02
    53   -2.361247476167e-02
    54    3.845960858514e-02
    55   -1.168629749479e-01
    56   -9.117432896484e-02
    57   -9.283211589110e-02
    58    4.886598950749e+00
    59    1.221322435157e-01
    60   -1.454318059238e+00
    61   -4.844947174390e-01
    62    8.959925643529e-03
    63    4.545069545098e-03
    64    1.149247914702e-03
    65    2.579317923448e-02
    66    6.259645530271e-03
    67   -1.738347871654e-02
    68   -2.984821446778e-02
    69   -4.733998944859e-02
    70   -5.831649180832e-03
    71    1.596024854582e-02
    72    9.814666829006e-02
    73   -1.086937439001e-01
    74   -1.154366831041e-02
    75    2.726441542675e-02
    76    4.332543469332e-01
    77    6.634424535347e-02
    78   -4.383325581889e-02
    79    4.978097158844e-02
    80    5.287648710580e+00
    81    1.907212062182e+00
    82   -4.255601488416e-01
    83   -1.165016621007e-02
    84    2.693823818236e-03
    85   -5.938260528539e-04
    86    1.713508906960e-03
    87   -6.735953656465e-03
    88    4.061785209831e-03
    89   -4.781781122698e-03
    90   -1.660745800289e-02
    91   -1.318338109260e-01
    92    8.300193427992e-03
    93    8.683940248076e-02
    94   -6.277077559130e-02
    95   -1.544104134281e-02
    96   -1.172448305911e-01
    97    1.344209974229e-02
    98   -1.368393212380e-02
    99   -2.294480215717e-02
   100   -3.364853615960e-02
   101    7.038744623335e-03
   102   -6.583544289594e-03
   103    7.867646550964e-02
   104   -5.154546866336e-02
   105    8.654112968713e-03
   106   -1.455133445366e-02
   107    2.012095185457e-01
   108   -5.046035395317e-02
   109    5.023034029494e-02
   110    8.991851471864e-03
   111   -1.227694951260e+00
   112   -3.297040277630e-02
   113    6.558146935770e-02
   114    1.046952615758e-01
   115    6.166551794714e-03
   116   -2.333584558295e-03
   117    1.119581395250e-03
   118   -3.389457597186e-03
   119   -6.439150143601e-04
   120   -5.104122590144e-03
   121   -8.711513717456e-03
   122    4.798849915559e-03
   123   -2.276044378740e-02
   124   -1.712162328221e-02
   125    3.333770823377e-02
   126    5.858488320822e-03
   127   -3.352659579042e-02
   128   -2.831782678060e-02
   129    3.115384101437e-02
   130    9.059775431871e-03
   131   -3.772594423326e-02
   132   -1.854352670837e-02
   133    2.695458184416e-01
   134   -1.128538584830e-02
   135    3.392065746791e-02
   136   -1.121656665218e-01
   137    1.086190901257e-03
   138    6.058110431865e-04
   139   -1.582623811565e-03
   140    1.115273901353e-03
   141   -2.436600397070e-03
   142    2.956274103116e-03
   143    4.893094310532e-03
   144    1.859437713762e-02
   145    3.674974644351e-03
   146   -1.400945478142e-02
   147   -1.542654801485e-02
   148    2.855261373691e-02
   149    4.796530677724e-03
   150   -1.925232278899e-02
   151   -5.629303864799e-02
   152    3.747615762533e-02
   153    2.831866876962e-02
   154   -3.502044277713e-02
   155    1.437367865568e-01
   156    3.219273860627e-02
   157   -6.476513174539e-02
   158    2.649007554348e-02
   159   -3.064402989726e-04
   160    2.610976603412e-04
   161    1.284000768861e-03
   162   -2.789865287578e-04
   163    1.563000036320e-03
   164    8.693268001196e-03
   165    1.341838329225e-02
   166   -4.135642737377e-02
   167   -2.963891082182e-02
   168   -1.327698852909e-02
   169   -1.994054559618e-02
   170   -7.827870698246e-02
   171   -5.649482143796e-02
   172   -2.058256095003e-02
   173   -6.340504714422e-01
   174   -3.029904820528e-01
   175   -2.169638970370e-01
   176   -2.722730994573e-02
   177   -6.250962453298e+00
   178   -3.792631989057e-01
   179   -5.298226627411e-01
   180    7.401165282717e-02
   181   -1.742106825460e-03
   182    5.692631772171e-03
   183    4.094272668046e-03
   184    8.955830362096e-03
   185   -9.825143972011e-03
   186   -2.463690999961e-03
   187   -6.398568720929e-02
   188   -1.332307971993e-02
   189   -2.336645504368e-03
   190   -3.815924772386e-03
   191   -3.829908814298e-02
   192   -1.498665428328e-02
   193    9.838344712792e-03
   194    1.441020215605e-03
   195   -5.616559749512e-02
   196   -2.749322102173e-02
   197    1.403186173896e-02
   198    1.637874665097e-01
   199   -4.295695481322e-01
   200   -4.948527494697e-02
   201    9.453930454063e-03
   202    2.758528578699e-01
   203   -1.242756887529e+00
   204   -3.361780496033e-01
   205   -2.935795596104e-02
   206    1.416364376159e-02
   207   -2.931345005257e-03
   208   -4.985337828164e-03
   209   -1.757957190699e-02
   210    2.644503901359e-03
   211    5.510403646168e-03
   212    3.914995253043e-02
   213    4.142334971885e-03
   214   -2.570069250342e-04
   215   -8.379869221140e-04
   216    2.326122750022e-03
   217    2.575446836205e-03
   218   -4.895025153567e-03
   219   -9.246941674005e-03
   220    2.432597717989e-02
   221    4.040547832456e-02
   222    2.639148077589e-03
   223    1.000437509003e-03
   224    5.580204881437e-04
   225    2.178381972223e-02
   226    8.281794412885e-03
   227    4.626693867552e-03
   228   -5.765817517835e-02
   229   -2.203396440764e-02
   230   -1.238794702146e-02
   231   -2.441470608539e-02
   232   -6.652979308798e-03
   233   -3.711663920141e-03
   234    5.965372901367e-02
   235    1.525038659003e-02
   236    9.004742328996e-03
   237    1.277526905049e-01
   238    6.334364423818e-02
   239    4.236118899409e-02
   240    2.057613033391e-01
   241    1.974650840088e-02
   242   -4.515505423852e-02
   243   -1.894807898689e-03
   244   -5.587028015083e-04
   245   -1.040156261998e-02
   246    1.213044304002e-02
   247   -5.035124158811e-03
   248    9.865832153139e-05
   249   -1.143773026402e-03
   250   -8.417490374046e-04
   251    1.958781770479e-03
   252   -9.590937060546e-04
   253   -9.996207720179e-01
   254   -9.747319440870e-01
   255   -8.231972306391e-01
   256   -4.546913278011e-01
   257    5.701615789170e-03
   258    9.213567209935e-03
   259    2.816721758124e-02
   260   -3.750852708516e-02
   261    1.932302935213e-02
Sym=X
Ene= 0.460154
Spin=Alpha
Occup=0
     1   -2.526050027046e-02
     2   -4.221382847875e-02
     3    1.138028568724e-02
     4    2.478383717848e-02
     5   -3.509142097768e-02
     6    1.331959877841e-01
     7    1.223974514168e-03
     8    6.448636149571e-02
     9   -5.530719214402e-02
    10    6.743240312535e-01
    11    2.583530028545e-01
    12   -1.858104430131e-02
    13   -1.234226687705e-01
    14    7.709676148914e+00
    15    1.962890616820e+00
    16   -1.642062869856e+00
    17   -1.235392462277e-01
    18   -2.452534825207e-03
    19   -9.894971805977e-04
    20   -2.628536887404e-03
    21   -1.368462830413e-02
    22   -5.650066094973e-03
    23    1.676391664163e-02
    24    2.781216222733e-02
    25    1.401923438749e-02
    26    8.078469313616e-03
    27    1.770300016328e-02
    28   -8.320623966532e-02
    29    1.460476057326e-02
    30    6.234097291257e-03
    31    2.704513529157e-02
    32   -4.654336256839e-01
    33    2.663051118800e-01
    34    8.122983923045e-02
    35    7.326893361926e-02
    36   -1.488269430154e+01
    37    6.408986370091e-01
    38    2.479025031514e+00
    39    3.284983119410e-01
    40   -9.437319163723e-03
    41    5.488997373696e-03
    42    4.406193370918e-03
    43    1.918870276229e-02
    44   -8.173939668604e-03
    45   -8.069519153588e-04
    46   -1.197564920030e-03
    47    2.038240516605e-02
    48    2.998910571751e-02
    49   -1.427190236861e-02
    50   -2.685629588056e-04
    51    3.554124623480e-02
    52    5.096733862640e-02
    53   -2.367953002668e-02
    54    1.338440245835e-02
    55    5.841686271444e-02
    56    1.198873148225e-01
    57   -4.681239510972e-02
    58    3.634912740997e+00
    59    2.319422291750e-01
    60    4.426910044074e+00
    61   -2.531563632684e-01
    62   -9.027304834023e-05
    63   -3.944271732735e-03
    64    1.630161595250e-03
    65   -4.650860012324e-03
    66    2.933290177428e-02
    67    1.181860019254e-03
    68    2.268398781463e-03
    69    1.445393898529e-02
    70   -1.600832898101e-02
    71    2.861354528224e-02
    72   -9.901666078619e-03
    73    3.157148840990e-02
    74   -1.397835528865e-02
    75    4.476158122227e-02
    76    2.544996119912e-02
    77    4.842149667099e-02
    78   -1.341510070912e-01
    79    1.108231979302e-01
    80   -4.696730906778e-01
    81   -1.369175942607e-01
    82    3.310732402703e-02
    83    1.891210199949e-01
    84   -5.564131473914e-03
    85   -7.712700782694e-03
    86    8.144454057689e-06
    87    5.551534373943e-03
    88    1.225998789728e-02
    89    2.530686464684e-03
    90   -6.079873803703e-02
    91    1.422932972223e-01
    92   -2.107486104651e-03
    93   -1.477012604826e-02
    94    4.069274147672e-03
    95    8.527811902728e-03
    96    3.812308879148e-02
    97    9.438796580940e-02
    98    8.883582115389e-03
    99    1.501211537095e-02
   100    4.695475527806e-03
   101    4.039296927982e-02
   102    9.568169916626e-03
   103   -5.329238032246e-02
   104    7.127840676243e-03
   105    5.862741319990e-02
   106    1.437799167683e-02
   107   -1.544120118991e-01
   108    4.450667431490e-03
   109    2.281902130115e-01
   110    1.307287956292e-02
   111   -5.278591846187e-01
   112    1.813070842554e-02
   113   -2.113509575846e-01
   114   -7.155797665561e-02
   115   -2.193164936225e-03
   116    2.563601252077e-03
   117   -1.192590345360e-03
   118   -8.403065155281e-04
   119   -1.503171844153e-02
   120   -1.514115432158e-02
   121   -2.546816101298e-02
   122   -3.421108475861e-02
   123    7.074521671287e-03
   124    1.706080327142e-03
   125    8.838142335003e-02
   126   -5.358215608292e-02
   127    1.133878073777e-02
   128    2.923031188943e-03
   129    2.065136633991e-01
   130   -8.125262980639e-02
   131    6.647112827212e-02
   132   -5.500260361649e-03
   133    4.661345732353e-01
   134   -2.224149494349e-01
   135    2.731400949761e-02
   136   -1.892358662865e-02
   137    3.171866347043e-03
   138   -9.816122403282e-04
   139    1.234395118218e-03
   140    3.858959355989e-04
   141    4.982570309827e-05
   142    1.148418699350e-02
   143    1.940714500421e-02
   144    2.362095352583e-02
   145   -1.307635565236e-02
   146   -7.037148247683e-03
   147   -6.949211747177e-02
   148    3.817746002592e-02
   149   -1.851787163447e-02
   150   -9.799509657812e-03
   151   -1.504256798485e-01
   152    5.686228113231e-02
   153    7.627757124122e-03
   154   -1.607753773603e-02
   155   -2.810358515843e-01
   156    1.594012596696e-01
   157   -1.676121981851e-02
   158    6.235809492970e-02
   159   -7.057401708362e-04
   160    5.215373835509e-04
   161   -7.062938248950e-04
   162    6.536431911117e-04
   163   -3.785491764101e-04
   164    2.569121069983e-02
   165    4.333029772826e-02
   166    7.376488593704e-03
   167    4.623679426413e-02
   168   -3.315968527739e-02
   169   -1.331634089192e-01
   170    3.634348813307e-02
   171    1.092425963734e-01
   172   -5.407887036748e-02
   173   -7.006813656310e-01
   174   -2.166577061317e-01
   175    4.996835216911e-02
   176   -8.959000206894e-02
   177   -1.010788010126e+01
   178   -2.829195904609e+00
   179   -1.608014882604e+00
   180    6.653113250252e-02
   181   -7.170643851505e-03
   182    8.411948769656e-04
   183    3.430680379097e-03
   184    8.507966048620e-03
   185    1.324302127262e-03
   186    1.187217996081e-02
   187    1.343278689147e-01
   188   -6.135807773614e-03
   189   -1.708302927019e-02
   190   -2.818314976957e-02
   191   -1.879754270622e-02
   192    2.094593932133e-02
   193    3.269057952098e-02
   194    8.194239035459e-02
   195   -1.693496118717e-02
   196    2.542749110423e-02
   197    6.132749346301e-02
   198    5.018425869973e-01
   199   -2.962221997109e-01
   200    1.543791769803e-01
   201    7.845559553972e-02
   202    1.425533604855e+01
   203   -2.672763075946e+00
   204    1.964768559358e+00
   205   -7.033491802081e-02
   206    6.649519877416e-03
   207    3.147970730961e-03
   208   -5.475704317280e-03
   209   -9.712688589760e-03
   210   -1.075611848730e-02
   211    7.582240545785e-03
   212    1.471980417270e-02
   213    3.036887917208e-02
   214   -2.676352437578e-04
   215   -8.714856058084e-04
   216    2.407771860793e-03
   217    2.738426950312e-03
   218   -5.297136266920e-03
   219   -9.294767941213e-03
   220    2.997196453161e-02
   221   -5.466447393152e-02
   222    7.322573172300e-04
   223    2.468370526704e-04
   224    1.208696367726e-04
   225    6.032627104641e-03
   226    2.022036531350e-03
   227    9.972805592095e-04
   228   -1.581435402447e-02
   229   -5.197915994548e-03
   230   -2.624845788126e-03
   231   -7.869170874502e-03
   232   -3.673576394329e-03
   233   -1.175154190128e-03
   234    1.859165755947e-02
   235    8.472771713208e-03
   236    3.025928951829e-03
   237    2.906501883698e-02
   238    5.479286185428e-03
   239    1.604047786864e-03
   240    9.482429447438e-02
   241    6.330379678779e-03
   242    1.348841229455e-02
   243    4.937941367200e-03
   244    5.677293072698e-03
   245    7.118841170412e-04
   246    3.197607138351e-03
   247   -8.908208138506e-03
   248    3.169895044150e-04
   249    2.945299150316e-04
   250    2.656365959428e-04
   251    9.339410058676e-05
   252   -1.701721365472e-03
   253    3.656671084621e-02
   254    3.874282282447e-02
   255   -2.375185877760e-02
   256    1.135998048319e-01
   257   -1.192958314890e-02
   258   -1.124920838653e-02
   259   -3.255703258307e-03
   260   -7.006924384546e-03
   261    2.764647218121e-02
Sym=X
Ene= 0.380134
Spin=Alpha
Occup=0
     1   -5.566157248188e-03
     2   -9.915818163750e-03
     3   -8.518355377637e-03
     4    2.622544068828e-02
     5    5.813460403587e-02
     6    4.427567460523e-02
     7   -2.493581347666e-02
     8    5.474001855798e-02
     9    9.227732280905e-02
    10    6.886903755597e-04
    11    1.150259233367e-02
    12    1.154506047163e-01
    13    2.172854467164e-01
    14    4.370950861788e-02
    15    1.074396667174e+00
    16    1.355924326890e-01
    17    2.158731950638e-01
    18   -3.638532412659e-03
    19   -2.268764178200e-03
    20    4.552004681708e-03
    21   -2.346554912050e-03
    22    6.519805165593e-03
    23    8.006623164598e-03
    24    1.350087322261e-02
    25   -1.497043017449e-02
    26    2.887338953978e-03
    27   -3.985460711093e-02
    28   -4.344411237574e-02
    29   -3.028550585794e-02
    30    1.335500483137e-03
    31   -5.993787444899e-02
    32   -1.385787773930e-01
    33   -4.121622604753e-02
    34    8.251932391454e-02
    35   -1.946704179135e-01
    36   -3.568301715482e+00
    37    9.504511861384e-01
    38    7.322637221514e-01
    39   -6.061113378428e-01
    40    3.667334786151e-03
    41   -7.453083561911e-03
    42   -1.501710314656e-02
    43   -1.441383087157e-04
    44   -6.095461681831e-03
    45   -1.578858147726e-02
    46   -2.573865740535e-02
    47   -1.002832067177e-02
    48   -2.507158372324e-02
    49    6.848948765679e-02
    50    6.420006801593e-02
    51   -1.871920277256e-02
    52   -4.049422269798e-02
    53    1.103128092187e-01
    54    7.111324443771e-01
    55   -9.092477325478e-02
    56   -2.310198343130e-01
    57    2.674631792804e-01
    58    9.683151494650e+00
    59   -7.840165195132e-01
    60   -2.010517572740e+00
    61    2.523966593980e-01
    62    1.217855098037e-02
    63    1.392522127939e-03
    64   -5.393534430596e-03
    65    2.954187424492e-03
    66   -2.754124832129e-03
    67   -2.245546186773e-02
    68   -3.762524012211e-02
    69   -2.539137532002e-02
    70   -1.661227191479e-02
    71   -6.371384803833e-02
    72    1.200654518672e-01
    73   -6.894144184801e-02
    74   -1.756336879189e-02
    75   -1.014558647249e-01
    76    5.272840160557e-01
    77    5.936060907809e-02
    78   -9.769170340368e-02
    79   -2.353114231469e-01
    80    2.451806249768e+00
    81    1.070287981962e+00
    82    8.022426566667e-01
    83   -1.930408405416e-01
    84   -3.499934456703e-03
    85    4.366078588346e-03
    86    4.091641058899e-03
    87   -1.948550347866e-03
    88    3.243059253488e-03
    89   -1.284960046947e-04
    90   -5.458143496267e-02
    91    7.863077584989e-02
    92   -3.884063601415e-03
    93    1.583491069268e-03
    94   -4.218812520206e-02
    95   -3.759399433995e-03
    96   -8.143975041664e-02
    97    7.089789093558e-02
    98    6.392786113825e-03
    99    1.095950634372e-02
   100    2.480052869402e-02
   101   -2.656519009162e-03
   102   -3.839868231759e-02
   103   -4.302097776497e-02
   104    3.843686033279e-02
   105   -5.077376059139e-03
   106   -5.435717294843e-02
   107   -8.955252138077e-02
   108    9.584069665392e-02
   109    2.253186244377e-02
   110   -1.052458302184e-01
   111   -1.115890671561e+00
   112    2.410219526785e-03
   113    3.136917475472e-01
   114   -4.501786277062e-02
   115    2.961870454371e-03
   116   -3.702081251640e-03
   117    6.358353782043e-04
   118    1.646298161676e-03
   119    2.647765406108e-03
   120   -2.810416613758e-04
   121   -5.279986306344e-04
   122   -8.402837223587e-03
   123   -4.621734679734e-03
   124    1.350836100814e-02
   125    2.164870654251e-03
   126   -1.014038875854e-02
   127   -5.589933579346e-03
   128    2.093662012496e-02
   129   -7.976104010560e-03
   130   -2.875122765801e-02
   131   -1.517998629784e-02
   132    2.329549736432e-02
   133    4.845536284560e-01
   134   -9.494767071611e-02
   135    9.503439665679e-02
   136    8.412030990884e-02
   137    2.397284840798e-03
   138    2.403163873557e-06
   139   -2.058037990269e-03
   140   -1.299333750502e-03
   141   -4.523437527790e-04
   142    2.412562334745e-03
   143    4.020883320105e-03
   144   -8.856647287722e-03
   145   -2.493140939351e-03
   146    3.676151630161e-02
   147   -1.365183687564e-02
   148   -1.089144220027e-02
   149   -4.325563848290e-03
   150    5.426035930771e-02
   151   -4.095366228193e-02
   152   -2.205739353063e-02
   153    1.355122713163e-02
   154    6.411343846672e-02
   155   -6.472381369080e-02
   156    3.705885194267e-02
   157   -5.394963065854e-02
   158   -1.244914476893e-02
   159    3.795161692253e-04
   160    6.219568550945e-04
   161    2.411210597180e-04
   162   -1.493219751735e-03
   163   -1.332922263801e-03
   164    6.448343100416e-03
   165    1.062188780113e-02
   166   -9.396169067474e-03
   167   -1.617142270332e-03
   168    1.826413699386e-02
   169   -2.956476704922e-02
   170   -2.207714450310e-02
   171    4.642062662104e-03
   172    2.168950765458e-02
   173   -2.909503287107e-01
   174    3.042595190711e-03
   175   -9.779580928548e-02
   176    1.096275439100e-01
   177   -5.595604460070e+00
   178   -1.713594539437e+00
   179    7.543236685625e-02
   180    5.574295090753e-01
   181   -4.688472738640e-03
   182   -8.132080474084e-03
   183   -1.364595536281e-02
   184   -4.403151287944e-03
   185   -2.069686230184e-02
   186   -1.044647384381e-02
   187   -2.556440685566e-02
   188    2.965775502540e-02
   189    6.695335810877e-03
   190    1.110350571366e-02
   191   -2.569505717156e-02
   192   -1.714358176532e-02
   193   -7.227870687549e-02
   194   -2.723871237440e-02
   195   -3.949258184626e-02
   196   -6.977949017933e-03
   197   -1.334053049619e-01
   198   -2.953456361564e-01
   199   -2.930268966073e-01
   200   -3.300849041035e-01
   201   -2.072032776358e-01
   202   -3.006410783920e+00
   203   -3.039488607472e+00
   204   -2.827009928232e+00
   205    1.786254383452e-01
   206   -4.937390756436e-03
   207    3.586229768574e-03
   208    1.439184265787e-02
   209   -1.363220505194e-02
   210    1.742632972676e-02
   211   -2.339936464185e-02
   212    1.026152840829e-03
   213   -5.474594595698e-02
   214    5.686100198894e-04
   215    1.846346762541e-03
   216   -5.052050608410e-03
   217   -6.059343028507e-03
   218    1.216435585703e-02
   219    1.785126717433e-02
   220   -4.932441288137e-02
   221   -1.800405739114e-02
   222   -1.240437395374e-03
   223   -3.251192228137e-04
   224   -1.386308666881e-03
   225   -1.020038056881e-02
   226   -2.682863312359e-03
   227   -1.145596395490e-02
   228    2.672913764272e-02
   229    7.015475185961e-03
   230    3.035598125749e-02
   231    1.461866853362e-02
   232    3.916890858738e-03
   233    1.165412908450e-02
   234   -3.534026216047e-02
   235   -9.084287238813e-03
   236   -2.876639037809e-02
   237   -4.606660938156e-02
   238   -1.546521357443e-02
   239   -6.534447625146e-02
   240   -9.074458236256e-02
   241    2.387105323584e-03
   242   -1.140612115638e-01
   243   -1.720563527454e-02
   244    1.638403485455e-02
   245    9.389784318847e-03
   246    6.489474274662e-03
   247   -1.586825493161e-03
   248   -1.207284747000e-03
   249    1.924131732959e-03
   250    1.387860648173e-03
   251    1.349268773988e-03
   252   -1.981735680277e-04
   253    3.327999233527e-01
   254    3.766357386553e-01
   255    4.302448034350e-01
   256    1.433279480830e-01
   257    4.016924475393e-02
   258   -4.461429208233e-02
   259   -2.737073092467e-02
   260   -1.704414952046e-02
   261    3.156534472210e-03
Sym=X
Ene= 0.274318
Spin=Alpha
Occup=0
     1   -7.542290979817e-03
     2   -1.363415015359e-02
     3   -2.571399734045e-02
     4    1.831102232528e-02
     5   -9.163697233847e-02
     6    6.303138806527e-02
     7   -4.841878890357e-02
     8    3.972233566542e-02
     9   -1.464916187208e-01
    10   -1.259461423227e-01
    11   -1.856371238646e-01
    12    9.481054110138e-02
    13   -3.432059404821e-01
    14   -5.205781191285e+00
    15   -8.747781925179e-01
    16    5.930208119799e-02
    17   -4.481228125481e-01
    18   -8.379986726112e-03
    19    4.961149077115e-03
    20   -1.097424472641e-02
    21    7.326264837768e-03
    22    9.334142188993e-03
    23   -7.541594010716e-03
    24   -1.299316797757e-02
    25   -1.211956141077e-02
    26    1.413779728623e-02
    27    8.804546813193e-02
    28    4.369102332287e-02
    29   -1.078312862057e-02
    30    2.275205065940e-02
    31    1.340108192326e-01
    32    3.184573749702e-01
    33   -1.900409804222e-01
    34   -3.172000334973e-02
    35    3.478723038212e-01
    36    8.199143870716e+00
    37   -1.593051923343e+00
    38   -1.001092996854e+00
    39    5.294639552329e-01
    40   -2.240076049689e-03
    41    1.115427084197e-02
    42    1.291352739969e-02
    43   -7.201969397261e-03
    44   -3.965935527158e-03
    45   -3.630511804212e-03
    46   -6.056678833942e-03
    47   -2.289467722044e-02
    48   -1.171432349456e-02
    49   -7.644075113850e-02
    50    3.039621311290e-02
    51   -4.504961300685e-02
    52   -1.831233881165e-02
    53   -1.272810442721e-01
    54   -9.049417254047e-02
    55    4.290763149255e-02
    56   -5.421048566078e-02
    57   -2.744190352547e-01
    58   -2.979127685379e+00
    59    2.867263931035e+00
    60   -1.604971414053e+00
    61   -3.012521028101e-01
    62    9.189126795898e-03
    63   -6.086003771688e-03
    64    1.094651742638e-02
    65    5.806978938856e-03
    66    5.184678437399e-04
    67   -1.403670813657e-02
    68   -2.461453208907e-02
    69   -3.291760716894e-02
    70    1.123493633091e-02
    71    8.249950050519e-02
    72    9.889098597887e-02
    73   -6.958105338473e-02
    74    1.198921793867e-02
    75    1.300593917294e-01
    76    2.234327375420e-01
    77   -5.493203188730e-03
    78    7.101204722658e-02
    79    3.128479066116e-01
    80   -1.751469098310e+00
    81    3.714844571527e-01
    82    7.208491011826e-01
    83    5.400233659856e-01
    84   -9.915266648441e-03
    85   -1.266797823766e-02
    86   -5.974136384480e-03
    87   -9.274693282020e-03
    88   -4.641637328718e-03
    89   -4.445606195814e-03
    90   -7.498897784605e-02
    91    3.497099734415e-02
    92    9.265628751478e-04
    93   -7.869536122682e-03
    94    7.637358913828e-02
    95   -1.352480946494e-03
    96   -7.176504973512e-02
    97    1.611876164898e-01
    98   -3.811536361986e-03
    99   -6.416683031571e-03
   100    2.635290549056e-03
   101   -1.082649581830e-03
   102    4.260225184897e-02
   103    2.042555498840e-02
   104    2.248518279629e-03
   105   -1.566473522985e-03
   106    6.350062841135e-02
   107    2.733028319658e-02
   108    5.020295691053e-02
   109   -5.104186162145e-03
   110    1.062750942543e-01
   111   -1.080816551610e+00
   112   -5.895787399681e-01
   113    8.846952499153e-03
   114    2.682394397588e-02
   115    1.104743754001e-02
   116    6.469271659924e-03
   117    9.418787798787e-04
   118   -1.697252934827e-03
   119    1.062336415424e-03
   120    3.687516041630e-03
   121    6.103224888305e-03
   122    6.090011028366e-03
   123   -1.480446653779e-02
   124   -4.762704927592e-03
   125   -2.017852763029e-02
   126    1.017622420264e-02
   127   -2.008348907368e-02
   128   -5.463662981056e-03
   129   -6.704112177456e-02
   130    1.492997368312e-02
   131   -5.264599710149e-02
   132   -1.355125090299e-02
   133    1.285523943162e-01
   134    3.439964385097e-02
   135    1.515408225889e-01
   136    9.329971013849e-03
   137    2.653504799632e-03
   138   -8.765057557765e-04
   139    3.496107281577e-03
   140   -1.867622703705e-03
   141   -1.781574073342e-03
   142   -7.871012274178e-05
   143   -2.496857483430e-04
   144    8.638152154561e-04
   145    1.817210645156e-02
   146   -1.565868291102e-02
   147    2.339053699940e-03
   148    1.492949852156e-03
   149    2.550958085800e-02
   150   -2.222097995694e-02
   151   -3.258857038449e-02
   152   -4.088229827910e-03
   153    4.635719506643e-02
   154   -3.321400925261e-02
   155    3.192227486569e-01
   156    8.547409789334e-03
   157   -1.217585565758e-01
   158   -1.340318536219e-02
   159    2.354749696896e-03
   160   -2.405223484835e-03
   161   -1.448225399726e-03
   162   -5.841506620677e-05
   163    1.161669752693e-03
   164   -1.334569841409e-02
   165   -2.324611734394e-02
   166   -1.809914683700e-02
   167   -1.710693624785e-02
   168   -5.137206145382e-02
   169    9.312298080831e-02
   170   -3.695298026998e-02
   171   -3.786489606629e-02
   172   -8.084359701748e-02
   173    3.778119351558e-02
   174   -1.113515436133e-01
   175   -1.134423816677e-01
   176   -1.927056210433e-01
   177   -5.421828187637e-01
   178   -1.056883761368e+00
   179    9.810793157907e-01
   180   -6.433467828222e-01
   181   -3.318505765925e-03
   182   -1.958190307081e-03
   183    1.312590545140e-02
   184    1.745636722976e-03
   185   -1.908391921338e-03
   186   -1.506527913161e-03
   187   -7.019942841236e-02
   188   -8.122095428472e-02
   189    9.544581970036e-03
   190    1.548800305782e-02
   191   -1.815410576910e-02
   192    1.908649101996e-02
   193    7.597352266640e-02
   194   -3.614754761367e-02
   195   -2.865479590091e-02
   196    3.008035724813e-02
   197    1.376221103133e-01
   198   -2.120537005635e-01
   199   -1.909250692362e-01
   200    1.646553554498e-01
   201    1.898192764114e-01
   202    2.073597331647e+00
   203   -2.213215139935e+00
   204   -2.659399652917e-01
   205    2.800952246765e-02
   206   -3.867331060494e-03
   207    7.524826568434e-03
   208   -1.510826376715e-02
   209   -2.297657024515e-03
   210    3.452815823855e-03
   211    3.111341543379e-02
   212    1.138024337458e-01
   213    2.066711230118e-01
   214   -1.039800033313e-03
   215   -3.359716185532e-03
   216    9.029415772390e-03
   217    1.177293386097e-02
   218   -2.456403248478e-02
   219   -2.739947063520e-02
   220    6.371046368947e-02
   221    8.581204150802e-02
   222   -1.324624055036e-03
   223   -4.082088592268e-04
   224    1.153012136456e-03
   225   -1.093043121406e-02
   226   -3.348789125241e-03
   227    9.585307789281e-03
   228    2.884101118259e-02
   229    8.802292729072e-03
   230   -2.568556048966e-02
   231    1.208240480996e-02
   232    4.382727304974e-03
   233   -4.950364106890e-03
   234   -2.854733556303e-02
   235   -1.017424344180e-02
   236    1.307816159498e-02
   237   -6.362543435783e-02
   238   -1.788411467761e-02
   239    6.067980640489e-02
   240   -8.325974996950e-02
   241   -4.568124376798e-02
   242    1.254814454011e-01
   243    2.457486245365e-02
   244    5.125654985321e-03
   245    8.792404320513e-03
   246   -4.841069928084e-03
   247   -3.644355905535e-03
   248    9.978890584846e-04
   249    4.904981589922e-04
   250    2.662113925742e-04
   251   -7.854112023879e-04
   252   -6.345938544984e-04
   253   -4.244652755647e-01
   254    5.609816140933e-01
   255    1.248863828407e-01
   256    9.107534247787e-03
   257   -5.496241367332e-02
   258   -1.094497924839e-02
   259   -1.961493437076e-02
   260    1.269627841631e-02
   261    1.036251914583e-02
Sym=X
Ene= 0.184771
Spin=Alpha
Occup=0
     1   -1.499089501592e-02
     2   -2.544752156367e-02
     3   -3.348809653838e-03
     4    3.225343224636e-02
     5    2.055885484773e-02
     6    8.161871905944e-02
     7   -1.728591675272e-02
     8    7.339207121105e-02
     9    3.291451451706e-02
    10    4.364107574627e-01
    11    4.057791525284e-02
    12    1.711064945659e-02
    13    7.461769823998e-02
    14    5.299713145134e+00
    15    1.524637104946e+00
    16   -6.616813945903e-01
    17    3.402644080814e-01
    18    1.204231441099e-02
    19   -1.000715637171e-02
    20    1.761738999036e-03
    21   -8.897649772083e-04
    22    5.174698904707e-03
    23    5.266254362410e-03
    24    8.779280762866e-03
    25    1.519960997855e-02
    26    2.364898599419e-02
    27   -6.939351409225e-02
    28   -2.869265453271e-02
    29    1.984828490788e-02
    30    4.825250365241e-02
    31   -1.147203971173e-01
    32   -2.328501005973e-01
    33    1.656323020214e-01
    34    1.366121589147e-01
    35   -2.125069306662e-01
    36   -6.009930080107e-01
    37    2.534755986447e+00
    38   -3.699325569552e-01
    39    5.173859003804e-01
    40    6.703555449222e-03
    41    1.806884488618e-03
    42    5.258182502097e-03
    43    1.661502145045e-02
    44   -1.124778016073e-02
    45   -1.560686913165e-02
    46   -2.644460058743e-02
    47    3.782244455938e-02
    48   -7.201645029145e-03
    49    2.718779777461e-02
    50    8.119235462446e-02
    51    6.355344069430e-02
    52   -1.224650438741e-02
    53    4.191093063291e-02
    54    4.931675434568e-01
    55    4.758172154395e-02
    56   -4.377907700612e-02
    57    5.712227197731e-02
    58    3.430043535392e+00
    59   -1.775269850178e+00
    60   -3.820483339924e+00
    61    3.789746945863e-01
    62    6.703000519874e-03
    63    5.988142168257e-03
    64   -4.291123767590e-03
    65   -1.510123534800e-02
    66    5.251440744429e-03
    67    4.955030505717e-03
    68    8.314807704391e-03
    69    2.676034569468e-03
    70   -7.541896283094e-03
    71    2.065148169418e-02
    72   -2.550314664281e-02
    73    1.388421759845e-02
    74   -2.873170687397e-03
    75    3.421867444165e-02
    76   -2.010139655230e-01
    77   -1.186462873068e-01
    78   -1.026339221811e-01
    79    4.642026553900e-02
    80   -4.962386063542e-01
    81   -4.044749282255e-01
    82    8.928497203736e-02
    83   -9.621291700607e-01
    84    5.905473001396e-03
    85    8.442432246286e-03
    86    4.425143300519e-03
    87   -7.703590470753e-03
    88   -1.967265059290e-04
    89   -2.209132048063e-02
    90   -1.224837653376e-01
    91   -1.822512473108e-01
    92   -1.532043130766e-02
    93   -7.355043258262e-02
    94   -2.192606802204e-01
    95   -1.643823021140e-04
    96   -1.428742141868e-02
    97   -9.404230982050e-02
    98    1.353315258668e-02
    99    2.242065184239e-02
   100    3.566790492703e-02
   101    2.295225754197e-03
   102   -3.507048784720e-02
   103   -7.150879538477e-02
   104    5.518840025874e-02
   105    3.323097068857e-03
   106   -5.062723483339e-02
   107   -1.893390114307e-01
   108    7.244818748315e-02
   109    4.981682244055e-02
   110   -9.441728122617e-02
   111   -4.327801879004e-01
   112    2.214735809550e-01
   113    1.248400406669e+00
   114    2.351600324668e-01
   115   -1.236162142610e-02
   116   -2.887351941829e-03
   117   -1.864646214692e-03
   118    3.360418851880e-03
   119   -4.320393442891e-03
   120   -4.678363345399e-03
   121   -7.904062847355e-03
   122   -9.444567995526e-03
   123    2.365206633006e-02
   124   -5.071239958186e-03
   125    2.877679030486e-02
   126   -1.256235777991e-02
   127    3.704087792316e-02
   128   -7.229574753923e-03
   129    5.691733552266e-02
   130   -4.274354596625e-02
   131    5.121144972744e-02
   132   -8.927546058740e-03
   133    1.004150128354e+00
   134   -1.237244547749e-01
   135    1.489522761662e-01
   136    1.129073925099e-02
   137   -1.632432925237e-03
   138    2.388109859220e-03
   139   -1.718557135129e-03
   140   -2.170458228976e-03
   141    2.559413966496e-03
   142   -2.814319370484e-03
   143   -4.747362358505e-03
   144   -7.983462753061e-03
   145   -1.145546452216e-02
   146   -1.023265786141e-02
   147    1.768726233853e-02
   148   -1.311461632943e-02
   149   -1.865282402762e-02
   150   -1.694424085844e-02
   151    1.856793652298e-02
   152   -7.831099706336e-03
   153   -1.111823727474e-02
   154   -5.683393912477e-03
   155   -5.264385854891e-01
   156    3.446186150672e-02
   157    3.583190362887e-02
   158   -1.032301149506e-01
   159   -1.515157560099e-03
   160    1.054525920360e-03
   161    2.658172513549e-03
   162   -8.748000754841e-04
   163   -8.895350987194e-04
   164   -1.136239771575e-02
   165   -1.965534304017e-02
   166    5.649457874372e-03
   167   -8.606000282982e-03
   168    1.444466537714e-02
   169    7.702896536033e-02
   170    4.343714244379e-03
   171   -2.023083513199e-02
   172    2.925477920844e-02
   173    2.032150318777e-01
   174    8.355506669083e-02
   175    6.646862549671e-02
   176    5.634773115353e-02
   177   -3.853882522701e+00
   178   -9.729478232966e-01
   179    7.624757659287e-01
   180    5.605993825330e-01
   181   -5.528756812381e-03
   182    2.272591266699e-03
   183    4.017071279376e-04
   184   -3.310856687585e-03
   185    1.383165870201e-03
   186   -2.308053629439e-03
   187   -3.336307241696e-02
   188    3.069816756122e-01
   189    6.042815407154e-03
   190    9.890669617438e-03
   191   -5.820085497790e-03
   192    1.777932463442e-02
   193   -5.154445596602e-03
   194   -2.340783747393e-02
   195   -1.947554989267e-02
   196    4.891496306727e-02
   197   -6.167703426258e-03
   198   -2.126021916909e-01
   199    4.972358424134e-02
   200   -1.563535151829e-01
   201   -1.052088164283e-02
   202   -4.909836591209e+00
   203   -1.370015426715e+00
   204   -2.757062543867e+00
   205   -6.082923445419e-01
   206   -1.224001042270e-02
   207   -3.213109426850e-04
   208    5.774932737876e-03
   209    3.196546838498e-03
   210    5.680741804181e-03
   211   -6.863058615510e-03
   212   -2.737535430816e-02
   213   -6.264028397112e-02
   214   -7.712187632826e-04
   215   -2.509992980882e-03
   216    6.913154644855e-03
   217    7.827596530729e-03
   218   -1.474801460470e-02
   219   -2.632919465095e-02
   220    7.179741741264e-02
   221   -1.289947058497e-01
   222    2.074998147766e-04
   223    3.473333636405e-04
   224   -1.421933344441e-03
   225    1.682570052710e-03
   226    2.860681105654e-03
   227   -1.170698418814e-02
   228   -3.966996532259e-03
   229   -7.607865517467e-03
   230    3.102447705232e-02
   231   -4.366664162839e-03
   232   -1.192601591987e-03
   233    1.438489052724e-02
   234    7.568801614364e-03
   235    3.093990270286e-03
   236   -3.540465858588e-02
   237   -9.499642282750e-03
   238    1.002835663835e-02
   239   -7.338566924574e-02
   240    8.549518701461e-02
   241    7.376625152536e-02
   242   -1.284611341784e-01
   243    4.150339895749e-06
   244   -1.473635037637e-03
   245    1.947425406102e-02
   246   -6.815303884852e-04
   247    1.099873258181e-02
   248    1.043759767653e-04
   249   -1.231019275122e-05
   250    2.076431088681e-03
   251    9.500565328211e-04
   252    1.701189629861e-03
   253    5.608478715440e-01
   254   -2.333782149441e-01
   255    5.367324606183e-01
   256    9.357757562642e-01
   257   -1.007858053057e-03
   258    6.980943035462e-04
   259   -5.389590241426e-02
   260    2.825358525673e-03
   261   -3.216545518652e-02
[5D]
