 Ground state dipole moment in X,Y,Z:    0.000000   -0.000000   -1.710503 a.u.

 Transition dipole moment between ground state (0) and excited states (a.u.)
     i     j         X             Y             Z        Diff.(eV)   Oscil.str
     0     1     0.0000000     0.0000000    -0.0000000     1.08160     0.00000
     0     2     0.0000000     0.0000000     0.5473713     2.82700     0.02075
     0     3     0.0000000    -0.1388218    -0.0000000     2.86810     0.00135
     0     4    -0.0335377     0.0000000    -0.0000000     3.14550     0.00009
     0     5     0.2468126     0.0000000    -0.0000000     3.68730     0.00550
     0     6    -0.0000000     0.0000000    -0.0000000     6.72600     0.00000
     0     7     0.0000000    -0.1229403     0.0000000     6.81960     0.00253
     0     8    -0.5931643     0.0000000    -0.0000000     7.11530     0.06133
     0     9     0.0000000    -0.0000000    -0.4459640     7.96450     0.03881
     0    10    -0.0000000    -0.0000000    -0.0000000     8.26580     0.00000
     0    11     0.0000000    -0.4405075     0.0000000     8.40600     0.03996
     0    12    -0.0000000    -0.0000000     0.0000000     8.54090     0.00000
     0    13     0.0000000     0.0000000    -1.5846449     8.61810     0.53019
     0    14    -0.4714968     0.0000000    -0.0000000     8.77450     0.04779
     0    15    -0.0000000     0.0000000    -0.3746101     8.90290     0.03061
     0    16     0.0000000     0.0715853     0.0000000     9.27550     0.00116
     0    17    -0.0000000     0.0000000    -0.5213049     9.38680     0.06250
     0    18     0.0000000    -0.2273996    -0.0000000     9.93980     0.01259
     0    19    -0.4526834     0.0000000    -0.0000000    10.20290     0.05122
     0    20    -0.0000000    -0.2254406     0.0000000    10.36120     0.01290
     0    21    -0.0000000    -0.0000000     0.0000000    10.40120     0.00000
     0    22     0.0000000    -0.0000000    -0.7820905    10.61390     0.15905
     0    23    -0.0527605     0.0000000     0.0000000    10.91700     0.00074
     0    24    -0.0000000    -0.1353383     0.0000000    11.39670     0.00511
     0    25     0.0000000    -0.0000000     1.0646066    11.48620     0.31894
     0    26     0.0483862    -0.0000000     0.0000000    11.89690     0.00068
     0    27     0.0000000     0.0000000     0.0000000    11.92800     0.00000
     0    28    -0.0000000    -0.6366580    -0.0000000    12.19760     0.12113
     0    29     0.0000000    -0.0000000     0.4084299    12.31350     0.05032
     0    30     0.0000000    -0.5015108     0.0000000    12.68600     0.07817
 
 Note: In below output the case of i=j corresponds to electronic contribution to dipole moment of excited state i
 Transition dipole moment between excited states (a.u.):
     i     j         X             Y             Z        Diff.(eV)   Oscil.str
     1     1     0.0000000    -0.0000000   -10.1776493     0.00000     0.00000
     1     2    -0.0000000    -0.0000000    -0.0000000     1.74540     0.00000
     1     3    -0.1898895    -0.0000000    -0.0000000     1.78650     0.00158
     1     4     0.0000000    -0.0142317    -0.0000000     2.06390     0.00001
     1     5    -0.0000000    -0.0216863     0.0000000     2.60570     0.00003
     1     6     0.0000000     0.0000000     0.4504555     5.64440     0.02806
     1     7    -0.4918253    -0.0000000     0.0000000     5.73800     0.03400
     1     8     0.0000000     0.0056055     0.0000000     6.03370     0.00000
     1     9     0.0000000     0.0000000     0.0000000     6.88290     0.00000
     1    10     0.0000000    -0.0000000     0.0051320     7.18420     0.00000
     1    11     0.0420441    -0.0000000    -0.0000000     7.32440     0.00032
     1    12     0.0000000     0.0000000     0.0971008     7.45930     0.00172
     1    13     0.0000000     0.0000000    -0.0000000     7.53650     0.00000
     1    14     0.0000000     0.0183321    -0.0000000     7.69290     0.00006
     1    15     0.0000000     0.0000000    -0.0000000     7.82130     0.00000
     1    16    -0.0262406    -0.0000000    -0.0000000     8.19390     0.00014
     1    17     0.0000000     0.0000000     0.0000000     8.30520     0.00000
     1    18    -0.4032325    -0.0000000     0.0000000     8.85820     0.03529
     1    19     0.0000000     0.0250748     0.0000000     9.12130     0.00014
     1    20    -0.0063058    -0.0000000    -0.0000000     9.27960     0.00001
     1    21     0.0000000     0.0000000    -0.0287182     9.31960     0.00019
     1    22    -0.0000000    -0.0000000    -0.0000000     9.53230     0.00000
     1    23     0.0000000     0.0115196     0.0000000     9.83540     0.00003
     1    24     0.3984560     0.0000000     0.0000000    10.31510     0.04012
     1    25     0.0000000     0.0000000     0.0000000    10.40460     0.00000
     1    26    -0.0000000    -0.0260299     0.0000000    10.81530     0.00018
     1    27     0.0000000     0.0000000    -0.2883635    10.84640     0.02210
     1    28    -0.0086383     0.0000000    -0.0000000    11.11600     0.00002
     1    29     0.0000000     0.0000000     0.0000000    11.23190     0.00000
     1    30    -0.0187606    -0.0000000    -0.0000000    11.60440     0.00010
     2     2     0.0000000    -0.0000000   -11.3213191     0.00000     0.00000
     2     3     0.0000000     0.0185638    -0.0000000     0.04110     0.00000
     2     4    -0.2506414    -0.0000000     0.0000000     0.31850     0.00049
     2     5     0.0302175     0.0000000     0.0000000     0.86030     0.00002
     2     6    -0.0000000     0.0000000    -0.0000000     3.89900     0.00000
     2     7     0.0000000     0.0336583     0.0000000     3.99260     0.00011
     2     8    -0.4530898    -0.0000000     0.0000000     4.28830     0.02157
     2     9     0.0000000    -0.0000000    -0.0532790     5.13750     0.00036
     2    10    -0.0000000     0.0000000     0.0000000     5.43880     0.00000
     2    11     0.0000000     0.0781117    -0.0000000     5.57900     0.00083
     2    12    -0.0000000     0.0000000    -0.0000000     5.71390     0.00000
     2    13    -0.0000000     0.0000000    -0.4248420     5.79110     0.02561
     2    14     0.0841284    -0.0000000    -0.0000000     5.94750     0.00103
     2    15     0.0000000     0.0000000     0.1449065     6.07590     0.00313
     2    16     0.0000000     0.0585491     0.0000000     6.44850     0.00054
     2    17    -0.0000000    -0.0000000    -0.3272316     6.55980     0.01721
     2    18     0.0000000     0.0290609     0.0000000     7.11280     0.00015
     2    19    -0.4175659    -0.0000000     0.0000000     7.37590     0.03151
     2    20     0.0000000     0.0805322     0.0000000     7.53420     0.00120
     2    21    -0.0000000    -0.0000000    -0.0000000     7.57420     0.00000
     2    22    -0.0000000     0.0000000    -0.0708005     7.78690     0.00096
     2    23    -0.0036768    -0.0000000     0.0000000     8.09000     0.00000
     2    24    -0.0000000    -0.0038488     0.0000000     8.56970     0.00000
     2    25    -0.0000000    -0.0000000     0.3814799     8.65920     0.03087
     2    26     0.3936295     0.0000000     0.0000000     9.06990     0.03443
     2    27     0.0000000    -0.0000000     0.0000000     9.10100     0.00000
     2    28    -0.0000000    -0.0446798     0.0000000     9.37060     0.00046
     2    29    -0.0000000    -0.0000000     0.1439718     9.48650     0.00482
     2    30    -0.0000000     0.2195850    -0.0000000     9.85900     0.01165
     3     3     0.0000000    -0.0000000   -11.1104409     0.00000     0.00000
     3     4     0.0000000     0.0000000    -0.0000000     0.27740     0.00000
     3     5     0.0000000     0.0000000     0.0000000     0.81920     0.00000
     3     6    -0.0051289    -0.0000000     0.0000000     3.85790     0.00000
     3     7    -0.0000000    -0.0000000    -0.7964525     3.95150     0.06141
     3     8    -0.0000000     0.0000000    -0.0000000     4.24720     0.00000
     3     9     0.0000000     0.2085712     0.0000000     5.09640     0.00543
     3    10     0.0004740    -0.0000000     0.0000000     5.39770     0.00000
     3    11    -0.0000000    -0.0000000     0.2977651     5.53790     0.01203
     3    12     0.0469106    -0.0000000     0.0000000     5.67280     0.00031
     3    13    -0.0000000    -0.3257794     0.0000000     5.75000     0.01495
     3    14     0.0000000     0.0000000    -0.0000000     5.90640     0.00000
     3    15     0.0000000    -0.0234461     0.0000000     6.03480     0.00008
     3    16    -0.0000000     0.0000000     0.4072102     6.40740     0.02603
     3    17    -0.0000000    -0.1942246     0.0000000     6.51870     0.00602
     3    18    -0.0000000     0.0000000    -0.0774569     7.07170     0.00104
     3    19     0.0000000     0.0000000    -0.0000000     7.33480     0.00000
     3    20    -0.0000000     0.0000000     0.0216168     7.49310     0.00009
     3    21    -0.0024518    -0.0000000     0.0000000     7.53310     0.00000
     3    22    -0.0000000     0.5160471    -0.0000000     7.74580     0.05054
     3    23     0.0000000    -0.0000000     0.0000000     8.04890     0.00000
     3    24     0.0000000     0.0000000    -0.7500479     8.52860     0.11755
     3    25     0.0000000    -0.2242947     0.0000000     8.61810     0.01062
     3    26     0.0000000     0.0000000    -0.0000000     9.02880     0.00000
     3    27    -0.4621345     0.0000000    -0.0000000     9.05990     0.04740
     3    28    -0.0000000    -0.0000000    -0.0155970     9.32950     0.00006
     3    29    -0.0000000    -0.0150489     0.0000000     9.44540     0.00005
     3    30    -0.0000000    -0.0000000     0.0445741     9.81790     0.00048
     4     4     0.0000000    -0.0000000   -11.9281450     0.00000     0.00000
     4     5    -0.0000000    -0.0000000     0.1467013     0.54180     0.00029
     4     6    -0.0000000     0.1193158    -0.0000000     3.58050     0.00125
     4     7     0.0000000    -0.0000000    -0.0000000     3.67410     0.00000
     4     8    -0.0000000    -0.0000000    -0.5899295     3.96980     0.03385
     4     9    -0.0080997     0.0000000    -0.0000000     4.81900     0.00001
     4    10     0.0000000     0.1916842     0.0000000     5.12030     0.00461
     4    11     0.0000000    -0.0000000     0.0000000     5.26050     0.00000
     4    12    -0.0000000    -0.0115972     0.0000000     5.39540     0.00002
     4    13    -0.0012208     0.0000000    -0.0000000     5.47260     0.00000
     4    14    -0.0000000    -0.0000000     0.2192633     5.62900     0.00663
     4    15     0.1617065    -0.0000000     0.0000000     5.75740     0.00369
     4    16     0.0000000    -0.0000000    -0.0000000     6.13000     0.00000
     4    17    -0.2588260    -0.0000000     0.0000000     6.24130     0.01024
     4    18     0.0000000     0.0000000     0.0000000     6.79430     0.00000
     4    19    -0.0000000     0.0000000     0.0149543     7.05740     0.00004
     4    20    -0.0000000     0.0000000     0.0000000     7.21570     0.00000
     4    21    -0.0000000     0.5053851    -0.0000000     7.25570     0.04540
     4    22    -0.0426045    -0.0000000    -0.0000000     7.46840     0.00033
     4    23     0.0000000     0.0000000     0.0724803     7.77150     0.00100
     4    24    -0.0000000    -0.0000000    -0.0000000     8.25120     0.00000
     4    25     0.2297641    -0.0000000    -0.0000000     8.34070     0.01079
     4    26     0.0000000     0.0000000    -0.5920976     8.75140     0.07517
     4    27    -0.0000000    -0.0084320     0.0000000     8.78250     0.00002
     4    28     0.0000000     0.0000000     0.0000000     9.05210     0.00000
     4    29    -0.1145601    -0.0000000     0.0000000     9.16800     0.00295
     4    30    -0.0000000    -0.0000000    -0.0000000     9.54050     0.00000
     5     5     0.0000000    -0.0000000   -11.9297292     0.00000     0.00000
     5     6    -0.0000000     0.1557264     0.0000000     3.03870     0.00181
     5     7     0.0000000    -0.0000000    -0.0000000     3.13230     0.00000
     5     8     0.0000000     0.0000000     0.5745827     3.42800     0.02773
     5     9    -0.0035186    -0.0000000     0.0000000     4.27720     0.00000
     5    10    -0.0000000    -0.1936369    -0.0000000     4.57850     0.00421
     5    11     0.0000000    -0.0000000    -0.0000000     4.71870     0.00000
     5    12     0.0000000     0.0112979    -0.0000000     4.85360     0.00002
     5    13     0.0742242    -0.0000000     0.0000000     4.93080     0.00067
     5    14     0.0000000     0.0000000    -0.2274823     5.08720     0.00645
     5    15     0.0681052     0.0000000    -0.0000000     5.21560     0.00059
     5    16     0.0000000    -0.0000000     0.0000000     5.58820     0.00000
     5    17    -0.3452795    -0.0000000    -0.0000000     5.69950     0.01665
     5    18     0.0000000     0.0000000    -0.0000000     6.25250     0.00000
     5    19     0.0000000    -0.0000000     0.1314714     6.51560     0.00276
     5    20    -0.0000000     0.0000000     0.0000000     6.67390     0.00000
     5    21     0.0000000    -0.4570478     0.0000000     6.71390     0.03436
     5    22     0.0522120    -0.0000000    -0.0000000     6.92660     0.00046
     5    23     0.0000000     0.0000000     0.1351998     7.22970     0.00324
     5    24    -0.0000000    -0.0000000     0.0000000     7.70940     0.00000
     5    25     0.0683089    -0.0000000    -0.0000000     7.79890     0.00089
     5    26    -0.0000000    -0.0000000     0.4885787     8.20960     0.04801
     5    27     0.0000000     0.0061178    -0.0000000     8.24070     0.00001
     5    28     0.0000000     0.0000000     0.0000000     8.51030     0.00000
     5    29    -0.3647661    -0.0000000     0.0000000     8.62620     0.02812
     5    30    -0.0000000    -0.0000000    -0.0000000     8.99870     0.00000
     6     6    -0.0000000    -0.0000000   -14.2491719     0.00000     0.00000
     6     7    -0.0181952     0.0000000    -0.0000000     0.09360     0.00000
     6     8    -0.0000000    -0.0443710     0.0000000     0.38930     0.00002
     6     9     0.0000000    -0.0000000    -0.0000000     1.23850     0.00000
     6    10    -0.0000000    -0.0000000     0.1097898     1.53980     0.00045
     6    11    -0.0038819     0.0000000    -0.0000000     1.68000     0.00000
     6    12    -0.0000000     0.0000000     0.0240828     1.81490     0.00003
     6    13     0.0000000    -0.0000000     0.0000000     1.89210     0.00000
     6    14    -0.0000000     0.0066433    -0.0000000     2.04850     0.00000
     6    15    -0.0000000    -0.0000000    -0.0000000     2.17690     0.00000
     6    16    -0.1654405    -0.0000000    -0.0000000     2.54950     0.00171
     6    17     0.0000000    -0.0000000    -0.0000000     2.66080     0.00000
     6    18    -0.0084629     0.0000000    -0.0000000     3.21380     0.00001
     6    19    -0.0000000    -0.0692148     0.0000000     3.47690     0.00041
     6    20    -0.0218007     0.0000000     0.0000000     3.63520     0.00004
     6    21    -0.0000000    -0.0000000     0.0842351     3.67520     0.00064
     6    22    -0.0000000     0.0000000    -0.0000000     3.88790     0.00000
     6    23    -0.0000000    -0.0516953     0.0000000     4.19100     0.00027
     6    24     0.0119763    -0.0000000    -0.0000000     4.67070     0.00002
     6    25    -0.0000000     0.0000000     0.0000000     4.76020     0.00000
     6    26     0.0000000     0.0578967     0.0000000     5.17090     0.00042
     6    27    -0.0000000     0.0000000    -0.0212152     5.20200     0.00006
     6    28    -0.4149509    -0.0000000     0.0000000     5.47160     0.02308
     6    29    -0.0000000     0.0000000     0.0000000     5.58750     0.00000
     6    30    -0.1275781    -0.0000000     0.0000000     5.96000     0.00238
     7     7     0.0000000     0.0000000    -7.7385020     0.00000     0.00000
     7     8     0.0000000    -0.0000000    -0.0000000     0.29570     0.00000
     7     9    -0.0000000    -2.7684505    -0.0000000     1.14490     0.21498
     7    10    -0.1186469     0.0000000    -0.0000000     1.44620     0.00050
     7    11     0.0000000     0.0000000    -2.3458161     1.58640     0.21387
     7    12    -2.7542256     0.0000000    -0.0000000     1.72130     0.31990
     7    13     0.0000000     0.3215570    -0.0000000     1.79850     0.00456
     7    14     0.0000000     0.0000000    -0.0000000     1.95490     0.00000
     7    15     0.0000000     0.0397659    -0.0000000     2.08330     0.00008
     7    16     0.0000000    -0.0000000    -0.0167181     2.45590     0.00002
     7    17    -0.0000000     0.0100462    -0.0000000     2.56720     0.00001
     7    18    -0.0000000    -0.0000000     0.1499336     3.12020     0.00172
     7    19     0.0000000    -0.0000000    -0.0000000     3.38330     0.00000
     7    20     0.0000000    -0.0000000    -0.0027895     3.54160     0.00000
     7    21    -0.0071770     0.0000000    -0.0000000     3.58160     0.00000
     7    22     0.0000000     0.2869593     0.0000000     3.79430     0.00765
     7    23     0.0000000     0.0000000     0.0000000     4.09740     0.00000
     7    24    -0.0000000    -0.0000000    -0.0362956     4.57710     0.00015
     7    25    -0.0000000    -0.1944094    -0.0000000     4.66660     0.00432
     7    26    -0.0000000    -0.0000000    -0.0000000     5.07730     0.00000
     7    27     0.2448901    -0.0000000     0.0000000     5.10840     0.00751
     7    28     0.0000000     0.0000000     0.4730302     5.37800     0.02948
     7    29    -0.0000000    -0.0252354    -0.0000000     5.49390     0.00009
     7    30     0.0000000     0.0000000     0.0634698     5.86640     0.00058
     8     8     0.0000000     0.0000000    -8.5035539     0.00000     0.00000
     8     9     0.1054052    -0.0000000     0.0000000     0.84920     0.00023
     8    10    -0.0000000    -2.7482389    -0.0000000     1.15050     0.21289
     8    11    -0.0000000     0.0000000     0.0000000     1.29070     0.00000
     8    12     0.0000000     0.1192980    -0.0000000     1.42560     0.00050
     8    13     1.1127607    -0.0000000     0.0000000     1.50280     0.04559
     8    14     0.0000000     0.0000000    -2.2265426     1.65920     0.20152
     8    15    -2.2808600     0.0000000    -0.0000000     1.78760     0.22784
     8    16    -0.0000000     0.0000000    -0.0000000     2.16020     0.00000
     8    17    -0.9382391     0.0000000    -0.0000000     2.27150     0.04899
     8    18    -0.0000000     0.0000000     0.0000000     2.82450     0.00000
     8    19    -0.0000000    -0.0000000     0.1714565     3.08760     0.00222
     8    20     0.0000000     0.0000000    -0.0000000     3.24590     0.00000
     8    21     0.0000000     0.3003998     0.0000000     3.28590     0.00726
     8    22     0.2206679    -0.0000000     0.0000000     3.49860     0.00417
     8    23     0.0000000    -0.0000000    -0.0197524     3.80170     0.00004
     8    24     0.0000000     0.0000000     0.0000000     4.28140     0.00000
     8    25    -0.0750274    -0.0000000     0.0000000     4.37090     0.00060
     8    26    -0.0000000    -0.0000000     0.0010242     4.78160     0.00000
     8    27     0.0000000     0.0018286    -0.0000000     4.81270     0.00000
     8    28    -0.0000000     0.0000000    -0.0000000     5.08230     0.00000
     8    29    -0.0102682    -0.0000000     0.0000000     5.19820     0.00001
     8    30     0.0000000    -0.0000000     0.0000000     5.57070     0.00000
     9     9    -0.0000000     0.0000000    -8.7520258     0.00000     0.00000
     9    10     0.0000000    -0.0000000    -0.0000000     0.30130     0.00000
     9    11    -0.0000000    -1.0014352    -0.0000000     0.44150     0.01085
     9    12     0.0000000    -0.0000000    -0.0000000     0.57640     0.00000
     9    13    -0.0000000     0.0000000    -0.8776764     0.65360     0.01233
     9    14     0.0186994    -0.0000000     0.0000000     0.81000     0.00001
     9    15     0.0000000     0.0000000    -0.0348336     0.93840     0.00003
     9    16    -0.0000000    -0.0458687     0.0000000     1.31100     0.00007
     9    17     0.0000000     0.0000000    -0.6211398     1.42230     0.01344
     9    18    -0.0000000     0.1993121     0.0000000     1.97530     0.00192
     9    19     0.0789386    -0.0000000     0.0000000     2.23840     0.00034
     9    20     0.0000000     0.0731058     0.0000000     2.39670     0.00031
     9    21     0.0000000    -0.0000000     0.0000000     2.43670     0.00000
     9    22    -0.0000000    -0.0000000     0.7706169     2.64940     0.03855
     9    23     0.0696514    -0.0000000     0.0000000     2.95250     0.00035
     9    24     0.0000000     0.5522131    -0.0000000     3.43220     0.02564
     9    25    -0.0000000     0.0000000    -0.0368598     3.52170     0.00012
     9    26    -0.0527165     0.0000000     0.0000000     3.93240     0.00027
     9    27    -0.0000000     0.0000000    -0.0000000     3.96350     0.00000
     9    28    -0.0000000    -0.0303046     0.0000000     4.23310     0.00010
     9    29     0.0000000     0.0000000     0.0280736     4.34900     0.00008
     9    30    -0.0000000     0.0732572    -0.0000000     4.72150     0.00062
    10    10    -0.0000000    -0.0000000    -9.4716117     0.00000     0.00000
    10    11    -0.0388649     0.0000000    -0.0000000     0.14020     0.00001
    10    12    -0.0000000     0.0000000     0.0209916     0.27510     0.00000
    10    13     0.0000000     0.0000000    -0.0000000     0.35230     0.00000
    10    14    -0.0000000    -1.0623571    -0.0000000     0.50870     0.01407
    10    15    -0.0000000    -0.0000000    -0.0000000     0.63710     0.00000
    10    16     0.0048840     0.0000000    -0.0000000     1.00970     0.00000
    10    17     0.0000000    -0.0000000    -0.0000000     1.12100     0.00000
    10    18    -0.0876153     0.0000000    -0.0000000     1.67400     0.00031
    10    19    -0.0000000     0.1966117     0.0000000     1.93710     0.00183
    10    20    -0.0570047     0.0000000    -0.0000000     2.09540     0.00017
    10    21    -0.0000000    -0.0000000     1.1145189     2.13540     0.06498
    10    22    -0.0000000     0.0000000    -0.0000000     2.34810     0.00000
    10    23    -0.0000000    -0.0052387     0.0000000     2.65120     0.00000
    10    24     0.0443715    -0.0000000    -0.0000000     3.13090     0.00015
    10    25     0.0000000     0.0000000     0.0000000     3.22040     0.00000
    10    26     0.0000000     0.5278200     0.0000000     3.63110     0.02478
    10    27    -0.0000000     0.0000000    -0.0915006     3.66220     0.00075
    10    28    -0.0049607     0.0000000    -0.0000000     3.93180     0.00000
    10    29    -0.0000000     0.0000000     0.0000000     4.04770     0.00000
    10    30     0.0008722     0.0000000    -0.0000000     4.42020     0.00000
    11    11     0.0000000     0.0000000    -9.7174148     0.00000     0.00000
    11    12    -0.8998343     0.0000000    -0.0000000     0.13490     0.00268
    11    13     0.0000000    -0.5172931     0.0000000     0.21210     0.00139
    11    14     0.0000000    -0.0000000    -0.0000000     0.36850     0.00000
    11    15     0.0000000    -0.0168664     0.0000000     0.49690     0.00000
    11    16     0.0000000    -0.0000000     0.1277881     0.86950     0.00035
    11    17     0.0000000    -0.3450251     0.0000000     0.98080     0.00286
    11    18     0.0000000    -0.0000000    -1.7260075     1.53380     0.11195
    11    19    -0.0000000    -0.0000000    -0.0000000     1.79690     0.00000
    11    20     0.0000000     0.0000000    -0.0161200     1.95520     0.00001
    11    21    -0.0207464     0.0000000     0.0000000     1.99520     0.00002
    11    22     0.0000000     1.1039427    -0.0000000     2.20790     0.06592
    11    23     0.0000000     0.0000000     0.0000000     2.51100     0.00000
    11    24    -0.0000000    -0.0000000    -2.0584282     2.99070     0.31046
    11    25    -0.0000000    -0.4812243     0.0000000     3.08020     0.01748
    11    26    -0.0000000    -0.0000000    -0.0000000     3.49090     0.00000
    11    27    -1.6747583     0.0000000     0.0000000     3.52200     0.24202
    11    28     0.0000000    -0.0000000    -0.0502784     3.79160     0.00023
    11    29     0.0000000    -0.0720295     0.0000000     3.90750     0.00050
    11    30     0.0000000     0.0000000    -0.0314182     4.28000     0.00010
    12    12    -0.0000000    -0.0000000    -8.8484655     0.00000     0.00000
    12    13     0.0000000    -0.0000000     0.0000000     0.07720     0.00000
    12    14     0.0000000     0.0382692     0.0000000     0.23360     0.00001
    12    15     0.0000000     0.0000000     0.0000000     0.36200     0.00000
    12    16    -0.1596210     0.0000000    -0.0000000     0.73460     0.00046
    12    17     0.0000000    -0.0000000     0.0000000     0.84590     0.00000
    12    18    -1.9892608     0.0000000    -0.0000000     1.39890     0.13562
    12    19     0.0000000    -0.0168965    -0.0000000     1.66200     0.00001
    12    20    -0.0538086     0.0000000    -0.0000000     1.82030     0.00013
    12    21    -0.0000000     0.0000000    -0.0568805     1.86030     0.00015
    12    22    -0.0000000     0.0000000    -0.0000000     2.07300     0.00000
    12    23     0.0000000    -0.0094172    -0.0000000     2.37610     0.00001
    12    24     1.0378158    -0.0000000    -0.0000000     2.85580     0.07536
    12    25     0.0000000    -0.0000000     0.0000000     2.94530     0.00000
    12    26    -0.0000000    -0.0222227    -0.0000000     3.35600     0.00004
    12    27    -0.0000000    -0.0000000    -1.5272912     3.38710     0.19357
    12    28    -0.0312873     0.0000000    -0.0000000     3.65670     0.00009
    12    29     0.0000000    -0.0000000     0.0000000     3.77260     0.00000
    12    30    -0.1099417     0.0000000    -0.0000000     4.14510     0.00123
    13    13    -0.0000000    -0.0000000   -10.4107170     0.00000     0.00000
    13    14     0.1347264    -0.0000000     0.0000000     0.15640     0.00007
    13    15     0.0000000     0.0000000     0.1857079     0.28480     0.00024
    13    16    -0.0000000     0.0139307     0.0000000     0.65740     0.00000
    13    17     0.0000000    -0.0000000    -1.5006525     0.76870     0.04241
    13    18     0.0000000    -0.5244003    -0.0000000     1.32170     0.00890
    13    19     0.8162373    -0.0000000     0.0000000     1.58480     0.02587
    13    20     0.0000000     0.9154953     0.0000000     1.74310     0.03579
    13    21     0.0000000    -0.0000000     0.0000000     1.78310     0.00000
    13    22    -0.0000000     0.0000000    -0.2348626     1.99580     0.00270
    13    23     0.7019483    -0.0000000     0.0000000     2.29890     0.02775
    13    24    -0.0000000     0.0543254    -0.0000000     2.77860     0.00020
    13    25    -0.0000000    -0.0000000     1.2848543     2.86810     0.11600
    13    26    -0.5548125     0.0000000     0.0000000     3.27880     0.02473
    13    27    -0.0000000     0.0000000     0.0000000     3.30990     0.00000
    13    28     0.0000000    -0.0751089     0.0000000     3.57950     0.00049
    13    29     0.0000000     0.0000000    -0.2023058     3.69540     0.00371
    13    30    -0.0000000     0.7654056    -0.0000000     4.06790     0.05839
    14    14     0.0000000     0.0000000   -10.6804608     0.00000     0.00000
    14    15    -0.8460252     0.0000000    -0.0000000     0.12840     0.00225
    14    16    -0.0000000     0.0000000    -0.0000000     0.50100     0.00000
    14    17    -0.3856331     0.0000000    -0.0000000     0.61230     0.00223
    14    18    -0.0000000     0.0000000     0.0000000     1.16530     0.00000
    14    19     0.0000000    -0.0000000    -1.6875989     1.42840     0.09967
    14    20    -0.0000000     0.0000000     0.0000000     1.58670     0.00000
    14    21     0.0000000     1.5381113    -0.0000000     1.62670     0.09428
    14    22    -0.2414138    -0.0000000     0.0000000     1.83940     0.00263
    14    23     0.0000000    -0.0000000    -0.0881338     2.14250     0.00041
    14    24     0.0000000    -0.0000000     0.0000000     2.62220     0.00000
    14    25     0.5831490    -0.0000000    -0.0000000     2.71170     0.02259
    14    26    -0.0000000    -0.0000000    -2.0055048     3.12240     0.30768
    14    27    -0.0000000    -0.0307538     0.0000000     3.15350     0.00007
    14    28    -0.0000000     0.0000000    -0.0000000     3.42310     0.00000
    14    29     0.6107770    -0.0000000    -0.0000000     3.53900     0.03234
    14    30     0.0000000    -0.0000000     0.0000000     3.91150     0.00000
    15    15    -0.0000000     0.0000000    -9.4304495     0.00000     0.00000
    15    16    -0.0000000    -0.0647685     0.0000000     0.37260     0.00004
    15    17    -0.0000000    -0.0000000    -0.3497277     0.48390     0.00145
    15    18     0.0000000    -0.0456362    -0.0000000     1.03690     0.00005
    15    19    -1.8111278     0.0000000    -0.0000000     1.30000     0.10447
    15    20     0.0000000     1.2603121     0.0000000     1.45830     0.05675
    15    21    -0.0000000     0.0000000    -0.0000000     1.49830     0.00000
    15    22    -0.0000000    -0.0000000     0.2963777     1.71100     0.00368
    15    23     1.0544599    -0.0000000     0.0000000     2.01410     0.05487
    15    24    -0.0000000     0.0189116    -0.0000000     2.49380     0.00002
    15    25    -0.0000000    -0.0000000     1.3017248     2.58330     0.10724
    15    26     0.8063201    -0.0000000    -0.0000000     2.99400     0.04769
    15    27    -0.0000000    -0.0000000     0.0000000     3.02510     0.00000
    15    28     0.0000000    -0.0016736     0.0000000     3.29470     0.00000
    15    29     0.0000000     0.0000000     0.4029544     3.41060     0.01357
    15    30    -0.0000000     0.1094281    -0.0000000     3.78310     0.00111
    16    16     0.0000000    -0.0000000   -15.1324190     0.00000     0.00000
    16    17     0.0000000     0.1365688    -0.0000000     0.11130     0.00005
    16    18     0.0000000     0.0000000     0.2967434     0.66430     0.00143
    16    19     0.0000000    -0.0000000    -0.0000000     0.92740     0.00000
    16    20     0.0000000     0.0000000    -0.3883726     1.08570     0.00401
    16    21     0.0110012     0.0000000    -0.0000000     1.12570     0.00000
    16    22     0.0000000     0.1532472     0.0000000     1.33840     0.00077
    16    23     0.0000000     0.0000000     0.0000000     1.64150     0.00000
    16    24    -0.0000000     0.0000000    -0.1094067     2.12120     0.00062
    16    25    -0.0000000    -0.0578573     0.0000000     2.21070     0.00018
    16    26    -0.0000000    -0.0000000    -0.0000000     2.62140     0.00000
    16    27    -0.0413220    -0.0000000     0.0000000     2.65250     0.00011
    16    28    -0.0000000    -0.0000000    -0.8806425     2.92210     0.05552
    16    29     0.0000000    -0.0120855    -0.0000000     3.03800     0.00001
    16    30    -0.0000000     0.0000000    -0.3797105     3.41050     0.01205
    17    17     0.0000000     0.0000000   -10.7739505     0.00000     0.00000
    17    18    -0.0000000    -0.3178973    -0.0000000     0.55300     0.00137
    17    19    -0.6124050     0.0000000    -0.0000000     0.81610     0.00750
    17    20    -0.0000000    -2.3377806    -0.0000000     0.97440     0.13047
    17    21    -0.0000000     0.0000000    -0.0000000     1.01440     0.00000
    17    22     0.0000000     0.0000000    -1.7275922     1.22710     0.08973
    17    23    -2.4927166     0.0000000    -0.0000000     1.53020     0.23294
    17    24     0.0000000     0.1109213    -0.0000000     2.00990     0.00061
    17    25     0.0000000     0.0000000    -0.5507692     2.09940     0.01560
    17    26     0.3039191    -0.0000000    -0.0000000     2.51010     0.00568
    17    27    -0.0000000     0.0000000     0.0000000     2.54120     0.00000
    17    28     0.0000000     0.1841143    -0.0000000     2.81080     0.00233
    17    29     0.0000000    -0.0000000    -0.0594655     2.92670     0.00025
    17    30     0.0000000     0.8583939     0.0000000     3.29920     0.05956
    18    18    -0.0000000     0.0000000    -8.0961996     0.00000     0.00000
    18    19     0.0000000     0.0000000    -0.0000000     0.26310     0.00000
    18    20     0.0000000     0.0000000     0.0194468     0.42140     0.00000
    18    21    -0.0073848    -0.0000000    -0.0000000     0.46140     0.00000
    18    22     0.0000000     1.1109776     0.0000000     0.67410     0.02038
    18    23     0.0000000    -0.0000000     0.0000000     0.97720     0.00000
    18    24    -0.0000000     0.0000000    -0.8164215     1.45690     0.02379
    18    25    -0.0000000    -0.6314126    -0.0000000     1.54640     0.01510
    18    26     0.0000000     0.0000000    -0.0000000     1.95710     0.00000
    18    27     0.0061425    -0.0000000    -0.0000000     1.98820     0.00000
    18    28    -0.0000000    -0.0000000     0.0512188     2.25780     0.00015
    18    29    -0.0000000    -0.0866332    -0.0000000     2.37370     0.00044
    18    30     0.0000000     0.0000000     0.1011028     2.74620     0.00069
    19    19    -0.0000000     0.0000000    -9.1162861     0.00000     0.00000
    19    20     0.0000000     0.0000000    -0.0000000     0.15830     0.00000
    19    21     0.0000000     1.4465944     0.0000000     0.19830     0.01017
    19    22     0.1556700    -0.0000000     0.0000000     0.41100     0.00024
    19    23     0.0000000     0.0000000    -0.0252658     0.71410     0.00001
    19    24     0.0000000    -0.0000000     0.0000000     1.19380     0.00000
    19    25     0.0230730     0.0000000     0.0000000     1.28330     0.00002
    19    26    -0.0000000     0.0000000    -0.7048645     1.69400     0.02062
    19    27     0.0000000    -0.0152633    -0.0000000     1.72510     0.00001
    19    28    -0.0000000     0.0000000    -0.0000000     1.99470     0.00000
    19    29     0.0655049     0.0000000     0.0000000     2.11060     0.00022
    19    30     0.0000000    -0.0000000     0.0000000     2.48310     0.00000
    20    20     0.0000000    -0.0000000   -10.0999939     0.00000     0.00000
    20    21     0.0025077     0.0000000    -0.0000000     0.04000     0.00000
    20    22    -0.0000000    -0.5645969    -0.0000000     0.25270     0.00197
    20    23    -0.0000000    -0.0000000    -0.0000000     0.55580     0.00000
    20    24    -0.0000000    -0.0000000    -0.0280160     1.03550     0.00002
    20    25     0.0000000    -0.7118092    -0.0000000     1.12500     0.01396
    20    26    -0.0000000     0.0000000     0.0000000     1.53570     0.00000
    20    27    -0.0060678    -0.0000000     0.0000000     1.56680     0.00000
    20    28    -0.0000000     0.0000000    -0.1916952     1.83640     0.00165
    20    29    -0.0000000     0.1391401     0.0000000     1.95230     0.00093
    20    30    -0.0000000    -0.0000000     1.0550486     2.32480     0.06340
    21    21    -0.0000000    -0.0000000   -10.6223799     0.00000     0.00000
    21    22     0.0000000    -0.0000000     0.0000000     0.21270     0.00000
    21    23     0.0000000     0.0542606     0.0000000     0.51580     0.00004
    21    24    -0.0029380    -0.0000000    -0.0000000     0.99550     0.00000
    21    25    -0.0000000    -0.0000000     0.0000000     1.08500     0.00000
    21    26    -0.0000000    -0.4805967     0.0000000     1.49570     0.00846
    21    27    -0.0000000     0.0000000    -0.0062574     1.52680     0.00000
    21    28     0.0215192    -0.0000000     0.0000000     1.79640     0.00002
    21    29    -0.0000000    -0.0000000     0.0000000     1.91230     0.00000
    21    30    -0.0519936     0.0000000    -0.0000000     2.28480     0.00015
    22    22     0.0000000    -0.0000000   -10.4024819     0.00000     0.00000
    22    23    -0.6151324     0.0000000    -0.0000000     0.30310     0.00281
    22    24    -0.0000000    -0.5008062     0.0000000     0.78280     0.00481
    22    25     0.0000000     0.0000000    -0.1260454     0.87230     0.00034
    22    26    -0.2127736     0.0000000     0.0000000     1.28300     0.00142
    22    27     0.0000000    -0.0000000    -0.0000000     1.31410     0.00000
    22    28    -0.0000000    -0.1855474     0.0000000     1.58370     0.00134
    22    29     0.0000000    -0.0000000    -0.8033508     1.69960     0.02687
    22    30     0.0000000     1.0831822    -0.0000000     2.07210     0.05956
    23    23    -0.0000000    -0.0000000   -10.3475296     0.00000     0.00000
    23    24    -0.0000000     0.0000000    -0.0000000     0.47970     0.00000
    23    25     0.0717918     0.0000000     0.0000000     0.56920     0.00007
    23    26     0.0000000     0.0000000    -0.1272532     0.97990     0.00039
    23    27    -0.0000000     0.0018440     0.0000000     1.01100     0.00000
    23    28     0.0000000    -0.0000000     0.0000000     1.28060     0.00000
    23    29    -1.9447794     0.0000000    -0.0000000     1.39650     0.12940
    23    30    -0.0000000     0.0000000    -0.0000000     1.76900     0.00000
    24    24     0.0000000    -0.0000000   -14.1585196     0.00000     0.00000
    24    25     0.0000000     0.3645420    -0.0000000     0.08950     0.00029
    24    26     0.0000000    -0.0000000    -0.0000000     0.50020     0.00000
    24    27    -0.7966448     0.0000000     0.0000000     0.53130     0.00826
    24    28     0.0000000     0.0000000    -0.0729180     0.80090     0.00010
    24    29     0.0000000     0.0334326     0.0000000     0.91680     0.00003
    24    30    -0.0000000     0.0000000    -0.0442064     1.28930     0.00006
    25    25    -0.0000000     0.0000000   -10.3542259     0.00000     0.00000
    25    26     0.3307508    -0.0000000     0.0000000     0.41070     0.00110
    25    27    -0.0000000     0.0000000     0.0000000     0.44180     0.00000
    25    28    -0.0000000    -0.4473161     0.0000000     0.71140     0.00349
    25    29     0.0000000    -0.0000000    -1.7324869     0.82730     0.06084
    25    30    -0.0000000     0.3495170    -0.0000000     1.19980     0.00359
    26    26     0.0000000    -0.0000000   -15.2174468     0.00000     0.00000
    26    27    -0.0000000    -0.0116419     0.0000000     0.03110     0.00000
    26    28    -0.0000000     0.0000000    -0.0000000     0.30070     0.00000
    26    29     0.3045261    -0.0000000     0.0000000     0.41660     0.00095
    26    30     0.0000000    -0.0000000     0.0000000     0.78910     0.00000
    27    27     0.0000000    -0.0000000   -12.7143199     0.00000     0.00000
    27    28    -0.0069170     0.0000000    -0.0000000     0.26960     0.00000
    27    29    -0.0000000     0.0000000     0.0000000     0.38550     0.00000
    27    30     0.0529833    -0.0000000     0.0000000     0.75800     0.00005
    28    28    -0.0000000     0.0000000   -11.2875808     0.00000     0.00000
    28    29    -0.0000000    -0.6184717    -0.0000000     0.11590     0.00109
    28    30    -0.0000000    -0.0000000     0.0957819     0.48840     0.00011
    29    29     0.0000000     0.0000000   -10.6227844     0.00000     0.00000
    29    30     0.0000000     1.4041949     0.0000000     0.37250     0.01799
    30    30    -0.0000000    -0.0000000   -11.2356185     0.00000     0.00000
