   1    1   0.10080    5.48750    10.00 100.00      0.00000   0.86590   0.00000 
   2    2   0.00000    5.54640    10.00 100.00     -0.00000  -0.00000   0.00000 
   3    3   0.02590    6.30770    10.00 100.00      0.00000  -0.40980   0.00000 
   4    4   0.02990    6.45050    10.00 100.00      0.00000  -0.00000  -0.43460 
   5    5   0.00000    7.66030    10.00 100.00      0.00000  -0.00000  -0.00000 
   6    6   0.14580    9.57690    10.00 100.00     -0.00000   0.78830  -0.00000 
   7    7   0.24650    9.85200    10.00 100.00     -0.00000   1.01050  -0.00000 
   8    8   0.00000   10.49490    10.00 100.00      0.00000   0.00000   0.01380 
   9    9   0.00000   10.81840    10.00 100.00      0.00000  -0.00000  -0.00000 
  10   10   0.03830   11.87840    10.00 100.00     -0.00000  -0.36260  -0.00000 
  11   11   0.25050   12.17540    10.00 100.00      0.00000  -0.00000  -0.91640 
  12   12   0.00210   14.09530    10.00 100.00      0.00000   0.00000  -0.07840 
  13   13   0.00690   14.12030    10.00 100.00     -0.14080   0.00000   0.00000 
  14   14   0.01320   14.58400    10.00 100.00      0.00000   0.19200  -0.00000 
  15   15   0.04650   14.87330    10.00 100.00     -0.00000  -0.35730  -0.00000 
  16   16   0.07300   14.92260    10.00 100.00      0.00000   0.00000  -0.44690 
  17   17   0.02830   15.44000    10.00 100.00     -0.00000   0.00000   0.27350 
  18   18   0.11260   15.55030    10.00 100.00     -0.54350  -0.00000  -0.00000 
  19   19   0.06800   16.15980    10.00 100.00      0.00000   0.00000  -0.41440 
  20   20   0.00300   16.18370    10.00 100.00     -0.00000  -0.08700  -0.00000 
  21   21   0.09090   16.19700    10.00 100.00      0.47870  -0.00000  -0.00000 
  22   22   0.01040   16.31240    10.00 100.00      0.16110  -0.00000  -0.00000 
  23   23   0.07150   16.94110    10.00 100.00      0.00000   0.00000   0.41510 
  24   24   0.00000   17.15640    10.00 100.00     -0.00000  -0.00000   0.00000 
  25   25   0.00200   17.23450    10.00 100.00     -0.06900   0.00000  -0.00000 
  26   26   0.00000   17.37280    10.00 100.00      0.00000  -0.00000  -0.00000 
  27   27   0.05190   17.38070    10.00 100.00     -0.00000  -0.34930   0.00000 
  28   28   0.00270   17.38840    10.00 100.00     -0.00000   0.00000   0.07910 
  29   29   0.08720   17.97740    10.00 100.00     -0.44500  -0.00000  -0.00000 
  30   30   0.05040   18.12010    10.00 100.00     -0.00000  -0.00000   0.33690 
state state   Osc.      E(eV)      dum   dum        TrDx      TrDy       TrDz 
