   1    1   0.00000    5.56600    10.00 100.00      0.00000  -0.00000  -0.00000 
   2    2   0.09220    5.73590    10.00 100.00      0.00000   0.80980  -0.00000 
   3    3   0.02360    6.53520    10.00 100.00      0.00000  -0.38360   0.00000 
   4    4   0.03730    6.67320    10.00 100.00     -0.00000  -0.00000  -0.47770 
   5    5   0.00000    7.59630    10.00 100.00     -0.00000  -0.00000  -0.00000 
   6    6   0.22720    9.79300    10.00 100.00     -0.00000   0.97300   0.00000 
   7    7   0.12720   10.03050    10.00 100.00     -0.00000   0.71940  -0.00000 
   8    8   0.00000   10.86750    10.00 100.00      0.00000   0.00000  -0.00720 
   9    9   0.00000   11.08240    10.00 100.00     -0.00000  -0.00000   0.00000 
  10   10   0.23130   12.15210    10.00 100.00      0.00000  -0.00000  -0.88140 
  11   11   0.03870   12.25320    10.00 100.00     -0.00000  -0.35900   0.00000 
  12   12   0.00520   13.62140    10.00 100.00     -0.12520   0.00000  -0.00000 
  13   13   0.00010   13.85450    10.00 100.00     -0.00000  -0.00000  -0.02010 
  14   14   0.04020   14.58460    10.00 100.00     -0.00000  -0.33550   0.00000 
  15   15   0.09930   14.59280    10.00 100.00      0.00000  -0.00000  -0.52710 
  16   16   0.02280   14.83720    10.00 100.00      0.00000   0.25020  -0.00000 
  17   17   0.05540   15.19910    10.00 100.00     -0.38570   0.00000  -0.00000 
  18   18   0.00390   15.54690    10.00 100.00     -0.10100  -0.00000   0.00000 
  19   19   0.07110   15.57350    10.00 100.00      0.00000  -0.00000   0.43160 
  20   20   0.15350   15.76870    10.00 100.00     -0.63030   0.00000   0.00000 
  21   21   0.00990   15.84270    10.00 100.00     -0.00000   0.00000   0.16000 
  22   22   0.00000   16.08190    10.00 100.00      0.00000  -0.00000   0.00000 
  23   23   0.00000   16.16940    10.00 100.00     -0.00000  -0.00000   0.00000 
  24   24   0.01650   16.17300    10.00 100.00     -0.20380  -0.00000   0.00000 
  25   25   0.00530   16.35800    10.00 100.00     -0.00000  -0.11500   0.00000 
  26   26   0.10830   16.39230    10.00 100.00      0.00000  -0.00000  -0.51940 
  27   27   0.05900   16.46930    10.00 100.00     -0.00000  -0.38230   0.00000 
  28   28   0.01810   17.08320    10.00 100.00      0.00000  -0.00000   0.20810 
  29   29   0.03180   17.29480    10.00 100.00      0.00000   0.00000   0.27400 
  30   30   0.00530   17.39040    10.00 100.00     -0.00000  -0.11190   0.00000 
state state   Osc.      E(eV)      dum   dum        TrDx      TrDy       TrDz 
