   1    1   0.00000    2.05910    10.00 100.00      0.00000   0.00000  -0.00000 
   2    2   0.08080    5.27190    10.00 100.00      0.00000   0.00000   0.79100 
   3    3   0.00140    5.55630    10.00 100.00      0.10280  -0.00000  -0.00000 
   4    4   0.01600    6.26810    10.00 100.00     -0.00000  -0.32260   0.00000 
   5    5   0.00260    7.06660    10.00 100.00      0.00000  -0.12180   0.00000 
   6    6   0.00180    7.51600    10.00 100.00     -0.09910  -0.00000   0.00000 
   7    7   0.00000    7.58590    10.00 100.00      0.00000  -0.00000  -0.00000 
   8    8   0.02090    8.04890    10.00 100.00      0.00000   0.00000  -0.32550 
   9    9   0.10240    8.25640    10.00 100.00     -0.71150  -0.00000  -0.00000 
  10   10   0.00000    8.60430    10.00 100.00      0.00000  -0.00000   0.00000 
  11   11   0.01210    9.14440    10.00 100.00      0.00000  -0.23270  -0.00000 
  12   12   0.00000    9.16640    10.00 100.00     -0.00000   0.00000  -0.00000 
  13   13   0.00500    9.78880    10.00 100.00      0.00000   0.00000   0.14430 
  14   14   0.11980   10.24740    10.00 100.00     -0.00000  -0.00000  -0.69080 
  15   15   0.03520   10.28990    10.00 100.00      0.00000  -0.37360   0.00000 
  16   16   0.00350   10.33730    10.00 100.00     -0.11720  -0.00000   0.00000 
  17   17   0.02440   10.76280    10.00 100.00     -0.00000  -0.00000  -0.30400 
  18   18   0.04220   11.33390    10.00 100.00     -0.38990  -0.00000   0.00000 
  19   19   0.32530   11.48540    10.00 100.00     -0.00000   0.00000  -1.07520 
  20   20   0.02950   11.50340    10.00 100.00      0.00000  -0.32360  -0.00000 
  21   21   0.00030   11.64140    10.00 100.00     -0.00000  -0.03420  -0.00000 
  22   22   0.00000   11.71230    10.00 100.00     -0.00000  -0.00000   0.00000 
  23   23   0.04180   11.84190    10.00 100.00     -0.00000   0.37950   0.00000 
  24   24   0.00500   12.05770    10.00 100.00     -0.13030   0.00000  -0.00000 
  25   25   0.00000   12.23900    10.00 100.00     -0.00000   0.00000   0.00000 
  26   26   0.10550   12.47660    10.00 100.00     -0.00000  -0.58760   0.00000 
  27   27   0.00560   12.93070    10.00 100.00      0.13340  -0.00000  -0.00000 
  28   28   0.17580   13.18100    10.00 100.00     -0.00000   0.00000  -0.73780 
  29   29   0.15890   13.23090    10.00 100.00      0.00000  -0.00000   0.70020 
  30   30   0.01470   13.49410    10.00 100.00     -0.00000   0.00000   0.21080 
state state   Osc.      E(eV)      dum   dum        TrDx      TrDy       TrDz 
