0.5	0.0
0.50475	0.0
0.5095	0.0
0.51425	0.0
0.519	0.0
0.52375	0.0
0.5285	0.0
0.53325	0.0
0.538	0.0
0.54275	0.0
0.5475	0.0
0.55225	0.0
0.5569999999999999	0.0
0.56175	0.0
0.5665	0.0
0.57125	0.0
0.576	0.0
0.58075	0.0
0.5855	0.0
0.5902499999999999	0.0
0.595	0.0
0.59975	0.0
0.6045	0.0
0.60925	0.0
0.614	0.0
0.61875	0.0
0.6234999999999999	0.0
0.62825	0.0
0.633	0.0
0.63775	0.0
0.6425	0.0
0.64725	0.0
0.652	0.0
0.65675	0.0
0.6615	0.0
0.66625	0.0
0.671	0.0
0.67575	0.0
0.6805	0.0
0.68525	0.0
0.69	0.0
0.69475	0.0
0.6995	0.0
0.70425	0.0
0.709	0.0
0.71375	0.0
0.7185	0.0
0.72325	0.0
0.728	0.0
0.73275	0.0
0.7375	0.0
0.74225	0.0
0.747	0.0
0.7517499999999999	0.0
0.7565	0.0
0.76125	0.0
0.766	0.0
0.77075	0.0
0.7755	0.0
0.78025	0.0
0.7849999999999999	0.0
0.78975	0.0
0.7945	0.0
0.79925	0.0
0.804	0.0
0.80875	0.0
0.8135	0.0
0.8182499999999999	0.0
0.823	0.0
0.82775	0.0
0.8325	0.0
0.83725	0.0
0.842	0.0
0.84675	0.0
0.8514999999999999	0.0
0.85625	0.0
0.861	0.0
0.86575	0.0
0.8705	0.0
0.87525	0.0
0.88	0.0
0.8847499999999999	0.0
0.8895	0.0
0.89425	0.0
0.899	0.0
0.90375	0.0
0.9085	0.0
0.91325	0.0
0.9179999999999999	0.0
0.92275	0.0
0.9275	0.0
0.93225	0.0
0.937	0.0
0.94175	0.0
0.9465	0.0
0.9512499999999999	0.0
0.956	0.0
0.96075	0.0
0.9655	0.0
0.9702500000000001	0.0
0.975	0.0
0.97975	0.0
0.9844999999999999	0.0
0.98925	0.0
0.994	0.0
0.99875	0.0
1.0034999999999998	0.0
1.0082499999999999	0.0
1.013	0.0
1.01775	0.0
1.0225	0.0
1.02725	0.0
1.032	0.0
1.03675	0.0
1.0415	0.0
1.0462500000000001	0.0
1.051	0.0
1.05575	0.0
1.0605	0.0
1.06525	0.0
1.0699999999999998	0.0
1.0747499999999999	0.0
1.0795	0.0
1.08425	0.0
1.089	0.0
1.09375	0.0
1.0985	0.0
1.10325	0.0
1.108	0.0
1.1127500000000001	0.0
1.1175	0.0
1.12225	0.0
1.127	0.0
1.13175	0.0
1.1364999999999998	0.0
1.1412499999999999	0.0
1.146	0.0
1.15075	0.0
1.1555	0.0
1.16025	0.0
1.165	0.0
1.16975	0.0
1.1745	0.0
1.1792500000000001	0.0
1.184	0.0
1.18875	0.0
1.1935	0.0
1.19825	0.0
1.2029999999999998	0.0
1.2077499999999999	0.0
1.2125	0.0
1.21725	0.0
1.222	0.0
1.22675	0.0
1.2315	0.0
1.23625	0.0
1.241	0.0
1.2457500000000001	0.0
1.2505	0.0
1.25525	0.0
1.26	0.0
1.2647499999999998	0.0
1.2694999999999999	0.0
1.2742499999999999	0.0
1.279	0.0
1.28375	0.0
1.2885	0.0
1.29325	0.0
1.298	0.0
1.30275	0.0
1.3075	0.0
1.3122500000000001	0.0
1.317	0.0
1.32175	0.0
1.3265	0.0
1.3312499999999998	0.0
1.3359999999999999	0.0
1.3407499999999999	0.0
1.3455	0.0
1.35025	0.0
1.355	0.0
1.35975	0.0
1.3645	0.0
1.36925	0.0
1.374	0.0
1.3787500000000001	0.0
1.3835	0.0
1.38825	0.0
1.393	0.0
1.3977499999999998	0.0
1.4024999999999999	0.0
1.40725	0.0
1.412	0.0
1.41675	0.0
1.4215	0.0
1.42625	0.0
1.431	0.0
1.43575	0.0
1.4405000000000001	0.0
1.44525	0.0
1.45	0.0
1.45475	0.0
1.4595	0.0
1.4642499999999998	0.0
1.4689999999999999	0.0
1.47375	0.0
1.4785	0.0
1.48325	0.0
1.488	0.0
1.49275	0.0
1.4975	0.0
1.50225	0.0
1.507	0.0
1.51175	0.0
1.5165	0.0
1.52125	0.0
1.526	0.0
1.53075	0.0
1.5354999999999999	0.0
1.54025	0.0
1.545	0.0
1.54975	0.0
1.5545	0.0
1.55925	0.0
1.564	0.0
1.5687499999999999	0.0
1.5735	0.0
1.57825	0.0
1.583	0.0
1.58775	0.0
1.5925	0.0
1.59725	0.0
1.6019999999999999	0.0
1.60675	0.0
1.6115	0.0
1.61625	0.0
1.621	0.0
1.62575	0.0
1.6305	0.0
1.6352499999999999	0.0
1.64	0.0
1.64475	0.0
1.6495	0.0
1.65425	0.0
1.659	0.0
1.66375	0.0
1.6684999999999999	0.0
1.67325	0.0
1.678	0.0
1.68275	0.0
1.6875	0.0
1.69225	0.0
1.697	0.0
1.7017499999999999	0.0
1.7065	0.0
1.71125	0.0
1.716	0.0
1.72075	0.0
1.7255	0.0
1.73025	0.0
1.7349999999999999	0.0
1.73975	0.0
1.7445	0.0
1.74925	0.0
1.754	0.0
1.75875	0.0
1.7635	0.0
1.7682499999999999	0.0
1.773	0.0
1.77775	0.0
1.7825	0.0
1.78725	0.0
1.792	0.0
1.79675	0.0
1.8014999999999999	0.0
1.80625	0.0
1.811	0.0
1.81575	0.0
1.8205	0.0
1.82525	0.0
1.83	0.0
1.8347499999999999	0.0
1.8395	0.0
1.84425	0.0
1.849	0.0
1.85375	0.0
1.8585	0.0
1.86325	0.0
1.8679999999999999	0.0
1.87275	0.0
1.8775	0.0
1.88225	0.0
1.887	0.0
1.89175	0.0
1.8965	0.0
1.9012499999999999	0.0
1.906	0.0
1.91075	0.0
1.9155	0.0
1.92025	0.0
1.925	0.0
1.9297499999999999	0.0
1.9344999999999999	0.0
1.93925	0.0
1.944	0.0
1.94875	0.0
1.9535	0.0
1.95825	0.0
1.9629999999999999	0.0
1.9677499999999999	0.0
1.9725	0.0
1.97725	0.0
1.982	0.0
1.98675	0.0
1.9915	0.0
1.9962499999999999	0.0
2.001	0.0
2.00575	0.0
2.0105	0.0
2.01525	0.0
2.02	0.0
2.02475	0.0
2.0294999999999996	0.0
2.03425	0.0
2.0389999999999997	0.0
2.04375	0.0
2.0484999999999998	0.0
2.0532500000000002	0.0
2.058	0.0
2.06275	0.0
2.0675	0.0
2.07225	0.0
2.077	0.0
2.08175	0.0
2.0865	0.0
2.09125	0.0
2.096	0.0
2.1007499999999997	0.0
2.1055	0.0
2.1102499999999997	0.0
2.115	0.0
2.11975	0.0
2.1245000000000003	0.0
2.12925	0.0
2.134	0.0
2.13875	5e-324
2.1435	4.3e-322
2.14825	7.4036e-320
2.153	1.2507524e-317
2.15775	2.07518453e-315
2.1624999999999996	3.38145095875e-313
2.16725	5.4114101178e-311
2.1719999999999997	8.50508757897915e-309
2.17675	1.3128288600871967e-306
2.1814999999999998	1.9902078055354203e-304
2.1862500000000002	2.9631232740241794e-302
2.191	4.3327337169197164e-300
2.19575	6.2220752974629586e-298
2.2005	8.775452317913428e-296
2.20525	1.2155273739373835e-293
2.21	1.653563819410772e-291
2.21475	2.2092159156231605e-289
2.2195	2.898787300457824e-287
2.22425	3.735558322280115e-285
2.229	4.727762779488303e-283
2.2337499999999997	5.876473983163004e-281
2.2385	7.173629502711619e-279
2.2432499999999997	8.60046737176896e-277
2.248	1.0126658087867067e-274
2.25275	1.1710386410046961e-272
2.2575000000000003	1.329956049740308e-270
2.26225	1.4834207085135206e-268
2.267	1.624996276513873e-266
2.27175	1.7482413476055278e-264
2.2765	1.84718923707829e-262
2.28125	1.9168246070776836e-260
2.286	1.9535041901405363e-258
2.29075	1.9552725480010017e-256
2.2954999999999997	1.9220347845287735e-254
2.30025	1.8555649825441277e-252
2.3049999999999997	1.759349320617719e-250
2.30975	1.6382831774754121e-248
2.3145	1.4982588459425654e-246
2.3192500000000003	1.3456921340956821e-244
2.324	1.187040568695333e-242
2.32875	1.02836288586614e-240
2.3335	8.749600249582246e-239
2.33825	7.311239543462543e-237
2.343	6.000049034357812e-235
2.34775	4.835925153067561e-233
2.3525	3.827941799610236e-231
2.3572499999999996	2.975857056189979e-229
2.362	2.27205997426778e-227
2.3667499999999997	1.7036818643422565e-225
2.3715	1.2546372985312347e-223
2.3762499999999998	9.074210985866223e-222
2.3810000000000002	6.445558227467718e-220
2.38575	4.496485360842159e-218
2.3905	3.080681610772859e-216
2.39525	2.072914708706485e-214
2.4	1.3698626820340992e-212
2.40475	8.890652196142447e-211
2.4095	5.66697362898883e-209
2.41425	3.547559980581262e-207
2.419	2.1810684071494364e-205
2.42375	1.3169515919432225e-203
2.4284999999999997	7.809645503806744e-202
2.43325	4.548349349425856e-200
2.4379999999999997	2.601580645303407e-198
2.44275	1.461442577698339e-196
2.4475	8.062824439139704e-195
2.4522500000000003	4.3687142150076576e-193
2.457	2.324775673456468e-191
2.46175	1.214980908938747e-189
2.4665	6.236182840154831e-188
2.47125	3.143613972923003e-186
2.476	1.5563259743385563e-184
2.48075	7.567159802993158e-183
2.4855	3.613484780578624e-181
2.4902499999999996	1.6946520405052623e-179
2.495	7.805412013095642e-178
2.4997499999999997	3.530791811289409e-176
2.5045	1.5685897526121807e-174
2.5092499999999998	6.84396249448115e-173
2.514	2.9326946905133255e-171
2.51875	1.2342043407824947e-169
2.5235	5.101152073512108e-168
2.52825	2.0706679264194557e-166
2.533	8.254934411250536e-165
2.53775	3.2320478512697187e-163
2.5425	1.2428047990709349e-161
2.54725	4.6934159600649065e-160
2.552	1.7407490011678682e-158
2.55675	6.340802819108642e-157
2.5615	2.2683670288333477e-155
2.56625	7.969725966366902e-154
2.5709999999999997	2.750011031380937e-152
2.5757499999999998	9.319368138376585e-151
2.5805	3.1016978158486986e-149
2.58525	1.0138494858557084e-147
2.59	3.2546813167839203e-146
2.59475	1.0261348584849829e-144
2.5995	3.17732321534455e-143
2.60425	9.662273699439573e-142
2.609	2.885747043955968e-140
2.61375	8.464438777036113e-139
2.6185	2.4383669395705182e-137
2.62325	6.898599604789214e-136
2.628	1.9168308995445452e-134
2.63275	5.230794382881885e-133
2.6374999999999997	1.401885295287781e-131
2.6422499999999998	3.689931437338472e-130
2.647	9.53861011141311e-129
2.65175	2.4216584084983995e-127
2.6565	6.038118792490596e-126
2.66125	1.4786024028862266e-124
2.666	3.5560032309932155e-123
2.67075	8.399121636181865e-122
2.6755	1.948348220637406e-120
2.68025	4.438745778765316e-119
2.685	9.93150235608466e-118
2.68975	2.1823812022607987e-116
2.6945	4.709851987156024e-115
2.69925	9.982628069838066e-114
2.7039999999999997	2.077990255538777e-112
2.7087499999999998	4.248181930384556e-111
2.7135	8.529502338732968e-110
2.71825	1.681919719707812e-108
2.723	3.257225431466489e-107
2.72775	6.195143293708671e-106
2.7325	1.1572198637952631e-104
2.73725	2.1229579303111182e-103
2.742	3.824968658465257e-102
2.74675	6.768233893138208e-101
2.7515	1.176207164672135e-99
2.75625	2.007489429666468e-98
2.761	3.3649893844942725e-97
2.76575	5.539558006828077e-96
2.7704999999999997	8.956276956802032e-95
2.7752499999999998	1.4221352458151883e-93
2.78	2.2177636946939857e-92
2.78475	3.3966486367952586e-91
2.7895	5.109130113082683e-90
2.79425	7.547520241351279e-89
2.799	1.0950213693529966e-87
2.80375	1.5602776488779867e-86
2.8085	2.183444536610758e-85
2.81325	3.0008440511709435e-84
2.818	4.0504723603101654e-83
2.82275	5.36943889104877e-82
2.8275	6.990578546111684e-81
2.83225	8.938369835272405e-80
2.8369999999999997	1.1224435406668622e-78
2.8417499999999998	1.384304639927798e-77
2.8465	1.676717235848135e-76
2.85125	1.9945685524960353e-75
2.856	2.330231618098436e-74
2.86075	2.673684748295876e-73
2.8655	3.012883168399719e-72
2.87025	3.3343821190856474e-71
2.875	3.6241772519619914e-70
2.87975	3.868694859584234e-69
2.8845	4.055837135779213e-68
2.88925	4.175971469697792e-67
2.894	4.2227514822519e-66
2.89875	4.193672461894975e-65
2.9034999999999997	4.090293547997714e-64
2.90825	3.918099232792841e-63
2.913	3.68601730348873e-62
2.91775	3.4056521915327854e-61
2.9225	3.0903253221889053e-60
2.92725	2.754032702096692e-59
2.932	2.410432475074319e-58
2.93675	2.071962215871201e-57
2.9415	1.7491605649000385e-56
2.94625	1.4502354211385182e-55
2.951	1.1808869511747854e-54
2.95575	9.443633489648295e-54
2.9605	7.417044902038568e-53
2.9652499999999997	5.721154517090573e-52
2.9699999999999998	4.334085066719025e-51
2.97475	3.2245726753121795e-50
2.9795	2.356176892542396e-49
2.98425	1.6908481242185818e-48
2.989	1.1916872483925384e-47
2.99375	8.248613772949353e-47
2.9985	5.607388290184644e-46
3.00325	3.7437020422609346e-45
3.008	2.454725346229338e-44
3.01275	1.5807584867128627e-43
3.0175	9.997447263247931e-43
3.02225	6.209744139556558e-42
3.027	3.788081160356876e-41
3.0317499999999997	2.269477225305739e-40
3.0364999999999998	1.3353446385524143e-39
3.04125	7.71652717289958e-39
3.046	4.379367562154553e-38
3.05075	2.4409668938099746e-37
3.0555	1.3362058408948314e-36
3.06025	7.183660957487712e-36
3.065	3.792968821940456e-35
3.06975	1.966861155113313e-34
3.0745	1.0016802668595362e-33
3.07925	5.0100898886919315e-33
3.084	2.461063968097083e-32
3.08875	1.187302195453676e-31
3.0935	5.625493461898377e-31
3.0982499999999997	2.6177065656649972e-30
3.1029999999999998	1.1963060109674219e-29
3.10775	5.369385579848694e-29
3.1125	2.3668344608584224e-28
3.11725	1.024642015919721e-27
3.122	4.356497020751785e-27
3.12675	1.8191297107772586e-26
3.1315	7.460207328339961e-26
3.13625	3.004686128670112e-25
3.141	1.188524973055231e-24
3.14575	4.61719796420988e-24
3.1505	1.761609582890099e-23
3.15525	6.600879692217178e-23
3.16	2.4291534783862456e-22
3.1647499999999997	8.779485737175391e-22
3.1694999999999998	3.1163353396942467e-21
3.17425	1.0863762841963471e-20
3.179	3.719438246467207e-20
3.18375	1.250648922831576e-19
3.1885	4.130041911043321e-19
3.19325	1.339474619230055e-18
3.198	4.2665368750294836e-18
3.20275	1.3346810759404513e-17
3.2075	4.1005346550770266e-17
3.21225	1.2372699211744325e-16
3.217	3.666480741172776e-16
3.22175	1.0670759843922313e-15
3.2265	3.05001705649677e-15
3.2312499999999997	8.561900468825716e-15
3.2359999999999998	2.3604731586695872e-14
3.24075	6.39129616091561e-14
3.2455	1.6995729215954092e-13
3.25025	4.438657637828149e-13
3.255	1.1384775688038895e-12
3.25975	2.8678622853254136e-12
3.2645	7.095011304497528e-12
3.26925	1.7238873207667818e-11
3.274	4.1136339512934936e-11
3.27875	9.640585187923799e-11
3.2835	2.2189225005083704e-10
3.28825	5.015818998883592e-10
3.293	1.113531643022012e-09
3.2977499999999997	2.427863433056149e-09
3.3024999999999998	5.198845724728826e-09
3.30725	1.0933283020560296e-08
3.312	2.2581627313700472e-08
3.31675	4.580584142112839e-08
3.3215	9.1253069014569e-08
3.32625	1.7853981417248428e-07
3.331	3.4307072626508246e-07
3.33575	6.474306120235916e-07
3.3405	1.1999517479589236e-06
3.34525	2.184214671691538e-06
3.35	3.9047015235934065e-06
3.35475	6.855534936654299e-06
3.3594999999999997	1.1821044153680775e-05
3.3642499999999997	2.001848998967399e-05
3.3689999999999998	3.329413801654902e-05
3.37375	5.438325782648028e-05
3.3785	8.724160563363545e-05
3.38325	0.00013744946825371346
3.388	0.00021267843836351617
3.39275	0.00032319515827542757
3.3975	0.0004823554767944434
3.40225	0.000707018156031803
3.407	0.0010177823227960432
3.41175	0.0014389318492268371
3.4165	0.001997958815136578
3.42125	0.0027245439790381707
3.4259999999999997	0.003648901148158561
3.4307499999999997	0.004799448747121956
3.4354999999999998	0.006199856006164316
3.44025	0.007865617666311744
3.445	0.009800428086017264
3.44975	0.011992735206112954
3.4545	0.014412934995616715
3.45925	0.017011695310625484
3.464	0.01971985639543364
3.46875	0.02245023466615746
3.4735	0.0251014613854097
3.47825	0.027563737963368248
3.483	0.029726118406101017
3.48775	0.03148467964265063
3.4924999999999997	0.03275075669382018
3.4972499999999997	0.0334583394685999
3.502	0.03356977360391853
3.50675	0.03307908028338178
3.5115	0.032012487689387976
3.51625	0.030426108344995085
3.521	0.028401048598534824
3.52575	0.026036543409770706
3.5305	0.023441924555986753
3.53525	0.020728323850777365
3.54	0.01800097758985972
3.54475	0.015352849115946645
3.5495	0.012860055917455156
3.55425	0.010579319098814145
3.5589999999999997	0.00854739080158015
3.5637499999999998	0.006782196838644637
3.5685	0.005285282478363118
3.57325	0.0040450789448459
3.578	0.0030405124399002434
3.58275	0.002244541047183807
3.5875	0.001627306293244636
3.59225	0.001158702757649375
3.597	0.0008102811984096372
3.60175	0.0005564939760513
3.6065	0.0003753584161667084
3.61125	0.0002486525016283518
3.616	0.00016177093383831862
3.62075	0.00010336395937694523
3.6254999999999997	6.486325898141785e-05
3.6302499999999998	3.997508344828868e-05
3.635	2.4195855233687585e-05
3.63975	1.43831351658321e-05
3.6445	8.397057683068453e-06
3.64925	4.814616737412883e-06
3.654	2.711174058923462e-06
3.65875	1.4993897600523506e-06
3.6635	8.143943109963561e-07
3.66825	4.3443505964200353e-07
3.673	2.2762231772179937e-07
3.67775	1.1717480803792886e-07
3.6825	5.933951650013748e-08
3.68725	2.972729805944635e-08
3.6919999999999997	1.5077882046797022e-08
3.6967499999999998	8.439969365235783e-09
3.7015	6.460316642546812e-09
3.70625	7.973895191858943e-09
3.711	1.3431275741433177e-08
3.71575	2.493934030645025e-08
3.7205	4.686839923391621e-08
3.72525	8.712467979376852e-08
3.73	1.5932511952302732e-07
3.73475	2.8625614573981754e-07
3.7395	5.051551580784708e-07
3.74425	8.755170805095614e-07
3.749	1.4902787380105194e-06
3.7537499999999997	2.4913335480754074e-06
3.7584999999999997	4.0903209446791715e-06
3.7632499999999998	6.595442955870971e-06
3.768	1.0444595571263365e-05
3.77275	1.624427726198114e-05
3.7775	2.4812487699712757e-05
3.78225	3.722214838912719e-05
3.787	5.483954735173597e-05
3.79175	7.9350141072152e-05
3.7965	0.00011276209206117727
3.80125	0.0001573766697381905
3.806	0.0002157146754960889
3.81075	0.0002903899455589147
3.8155	0.0003839251739241611
3.8202499999999997	0.0004985119193287498
3.8249999999999997	0.0006357254011916705
3.8297499999999998	0.0007962146868287736
3.8345	0.0009793987129609444
3.83925	0.0011832064382325202
3.844	0.001403903316556564
3.84875	0.0016360444854284363
3.8535	0.0018725865317988691
3.85825	0.002105174449588911
3.863	0.0023245997483763103
3.86775	0.002521402192251868
3.8725	0.002686564876770185
3.87725	0.002812234202973865
3.882	0.002892386327508061
3.8867499999999997	0.0029233622854798946
3.8914999999999997	0.0029042059227721174
3.8962499999999998	0.0028367607906369372
3.901	0.002725511164518194
3.90575	0.00257718395698498
3.9105	0.0024001576060023095
3.91525	0.002203746554679706
3.92	0.001997442453517112
3.92475	0.0017901942518278955
3.9295	0.0015897993965932559
3.93425	0.0014024596530852137
3.939	0.0012325310303216693
3.94375	0.001082471857285135
3.9485	0.0009529699123681084
3.9532499999999997	0.0008432115553054218
3.9579999999999997	0.0007512447880715731
3.9627499999999998	0.0006743845657123445
3.9675	0.0006096118539941038
3.97225	0.0005539264186811385
3.977	0.000504625191685635
3.98175	0.0004594912429649526
3.9865	0.00041689103534864373
3.99125	0.0003757882951097128
3.996	0.0003356905506095626
4.00075	0.0002965487691447099
4.0055	0.0002586316430131625
4.01025	0.0002223944166594046
4.015000000000001	0.0001883584475863059
4.01975	0.00015701281762599262
4.0245	0.00012874411067034737
4.029249999999999	0.00010379567852638046
4.034	8.225385906857135e-05
4.03875	6.405598481343529e-05
4.0435	4.901368751474534e-05
4.0482499999999995	3.684483328256884e-05
4.053	2.720814782993699e-05
4.05775	1.973588407730356e-05
4.0625	1.406141731504286e-05
4.06725	9.840150624056988e-06
4.072	6.763380228919845e-06
4.0767500000000005	4.565701117285057e-06
4.0815	3.0271023998872887e-06
4.08625	1.971145123188879e-06
4.090999999999999	1.260604808868975e-06
4.09575	7.917827352042857e-07
4.1005	4.884253926981419e-07
4.10525	2.9590645547718767e-07
4.109999999999999	1.760653186919821e-07
4.11475	1.0288587758267311e-07
4.1195	5.904727389396055e-08
4.12425	3.3281719626129626e-08
4.129	1.8423547337297732e-08
4.13375	1.0016181280131484e-08
4.1385000000000005	5.348012351138196e-09
4.14325	2.804425086517005e-09
4.148	1.4442967629497773e-09
4.152749999999999	7.305166838712492e-10
4.1575	3.62881571167751e-10
4.16225	1.7703565263796965e-10
4.167	8.482377387193752e-11
4.171749999999999	3.991493839925479e-11
4.1765	1.8446515674848042e-11
4.18125	8.37248213480068e-12
4.186	3.7321158065364536e-12
4.1907499999999995	1.633868075599176e-12
4.1955	7.024895275098676e-13
4.2002500000000005	2.966359008174841e-13
4.205	1.2301796993743486e-13
4.20975	5.010422951188982e-14
4.214499999999999	2.0042006870378636e-14
4.21925	7.873521382259024e-15
4.224	3.037790372707564e-15
4.22875	1.1510854832505648e-15
4.233499999999999	4.283692989083888e-16
4.23825	1.5656334197489391e-16
4.243	5.619825280128601e-17
4.24775	1.981146214178552e-17
4.2524999999999995	6.8591646649919524e-18
4.25725	2.332313433099633e-18
4.2620000000000005	7.788675013264513e-19
4.26675	2.554472531951607e-19
4.2715	8.228105959892307e-20
4.27625	2.602912081217179e-20
4.281	8.086863397953482e-21
4.28575	2.4675257872643548e-21
4.2905	7.394422847272623e-22
4.295249999999999	2.176245641033849e-22
4.3	6.290331313480637e-23
4.30475	1.7857266323492521e-23
4.3095	4.981277068734957e-24
4.3142499999999995	1.3752028002539626e-24
4.319	4.154057779951256e-25
4.32375	2.906613247443708e-25
4.3285	7.80631238563645e-25
4.33325	2.898280080600165e-24
4.338	1.0872756874808868e-23
4.3427500000000006	4.01361690165773e-23
4.3475	1.4552876343227952e-22
4.35225	5.1823465691942075e-22
4.356999999999999	1.8124469273131737e-21
4.36175	6.225369656389844e-21
4.3665	2.100032309247491e-20
4.37125	6.957413139891036e-20
4.3759999999999994	2.263761107670113e-19
4.38075	7.233931302139883e-19
4.3855	2.270278574405192e-18
4.39025	6.997532199480007e-18
4.395	2.1182228333540988e-17
4.39975	6.297372298872842e-17
4.4045000000000005	1.8386881547657322e-16
4.40925	5.272514365510821e-16
4.414	1.484870057388341e-15
4.418749999999999	4.106956589277664e-15
4.4235	1.1156109275993763e-14
4.42825	2.976229324571845e-14
4.433	7.797960085488563e-14
4.437749999999999	2.0065805992541972e-13
4.4425	5.070995142911742e-13
4.44725	1.258608802542138e-12
4.452	3.0679573627562304e-12
4.4567499999999995	7.344612020727706e-12
4.4615	1.7268291975139825e-11
4.4662500000000005	3.9874099827921425e-11
4.471	9.042601350387256e-11
4.47575	2.0139879275506703e-10
4.480499999999999	4.4053592010993554e-10
4.48525	9.463826558055582e-10
4.49	1.996701775484237e-09
4.49475	4.137334363949589e-09
4.499499999999999	8.419552731083474e-09
4.50425	1.682745379371472e-08
4.509	3.303001544539146e-08
4.51375	6.367370652899803e-08
4.5184999999999995	1.2055145895222674e-07
4.52325	2.2415363942267351e-07
4.528	4.0933615241375363e-07
4.53275	7.341340981973848e-07
4.5375	1.293098696190879e-06
4.54225	2.236912189472937e-06
4.547	3.8003813920975133e-06
4.55175	6.341126461850514e-06
4.5565	1.0391222174080683e-05
4.56125	1.672352528835737e-05
4.566	2.643321671143549e-05
4.57075	4.1032992081658885e-05
4.5755	6.255720561984304e-05
4.5802499999999995	9.366610910548277e-05
4.585	0.00013773636067090448
4.5897499999999996	0.00019891874565240567
4.5945	0.0002821394431665349
4.59925	0.0003930183991847765
4.604	0.0005376788388144877
4.60875	0.0007224270370011377
4.6135	0.0009532921625124276
4.61825	0.001235432546764545
4.623	0.0015724362198488492
4.62775	0.0019655677778500956
4.6325	0.0024130370697859416
4.63725	0.0029093833428542972
4.6419999999999995	0.0034450766334637698
4.64675	0.004006432318043311
4.6514999999999995	0.004575912576253559
4.65625	0.005132850454672682
4.661	0.005654581768766736
4.66575	0.006117913757160031
4.6705	0.006500805868950795
4.67525	0.006784096676526642
4.68	0.006953089888536952
4.68475	0.006998817099957868
4.6895	0.006918826325168605
4.69425	0.006717399826349275
4.699	0.006405174306162629
4.70375	0.005998210345921743
4.7085	0.005516624386545626
4.7132499999999995	0.004982945335574269
4.718	0.00442038213862669
4.72275	0.0038511859855420295
4.7275	0.003295263548266565
4.73225	0.002769152035749053
4.737	0.0022854116220309174
4.74175	0.001852435294911578
4.7465	0.0014746285816847843
4.75125	0.0011528776821455686
4.756	0.0008852069221676145
4.76075	0.0006675247231646806
4.7655	0.000494368617420431
4.77025	0.00035957990806953933
4.7749999999999995	0.00025686262991376384
4.77975	0.00018020524080815948
4.7844999999999995	0.00012416377099544094
4.78925	8.402013126422998e-05
4.794	5.583837896506482e-05
4.79875	3.644544292618438e-05
4.8035	2.3362248977262128e-05
4.80825	1.4707777390198e-05
4.813	9.093696016620258e-06
4.81775	5.521979648869179e-06
4.8225	3.2931397073136872e-06
4.82725	1.9287968756408446e-06
4.832	1.1094910848116098e-06
4.83675	6.267900944680857e-07
4.8415	3.477614328920612e-07
4.8462499999999995	1.8949671836162738e-07
4.851	1.0141050719280397e-07
4.85575	5.329975353325972e-08
4.8605	2.7512397108036818e-08
4.86525	1.394738041858206e-08
4.87	6.9441300599875434e-09
4.87475	3.395502313857193e-09
4.8795	1.630614123948026e-09
4.88425	7.690584589074034e-10
4.889	3.562283600439757e-10
4.89375	1.6205357428133721e-10
4.8985	7.240185973444858e-11
4.90325	3.1768873383350625e-11
4.9079999999999995	1.3690360691094373e-11
4.91275	5.794139559757313e-12
4.9174999999999995	2.4083743732999967e-12
4.92225	9.831505529023633e-13
4.927	3.941640782953777e-13
4.93175	1.5520118840737797e-13
4.9365	6.001696456356083e-14
4.94125	2.279365630440829e-14
4.946	8.501879570425156e-15
4.95075	3.1144179005939596e-15
4.9555	1.1204689073688241e-15
4.96025	3.9589837279648157e-16
4.965	1.3738161218852696e-16
4.9697499999999994	4.682033157588895e-17
4.9745	1.5671167264134675e-17
4.9792499999999995	5.151446473942508e-18
4.984	1.6630986915932415e-18
4.98875	5.273122210635649e-19
4.9935	1.642020731907597e-19
4.99825	5.0216960236167706e-20
5.003	1.5082842250171105e-20
5.00775	4.449148915524188e-21
5.0125	1.2889369681406089e-21
5.01725	3.6673081394159358e-22
5.022	1.024764587973238e-22
5.02675	2.81230099849422e-23
5.0315	7.579847660782164e-24
5.03625	2.0064120995791666e-24
5.0409999999999995	5.216038443627021e-25
5.04575	1.3317491052099265e-25
5.0504999999999995	3.3393737450249904e-26
5.05525	8.223725916736655e-27
5.06	1.9889928019029493e-27
5.06475	4.724531836934207e-28
5.0695	1.1021617448885599e-28
5.07425	2.5251830796740896e-29
5.079	5.682002139061e-30
5.08375	1.2556566463016538e-30
5.0885	2.725218893798799e-31
5.09325	5.808886184635282e-32
5.098	1.2160329082491521e-32
5.1027499999999995	2.5001080198403725e-33
5.1075	5.0481610672470085e-34
5.1122499999999995	1.0010796142352094e-34
5.117	1.9496875419997839e-35
5.12175	3.72925774494077e-36
5.1265	7.0055263128733745e-37
5.13125	1.2924689589851673e-37
5.136	2.3418574671056596e-38
5.14075	4.1673673139059413e-39
5.1455	7.283231053920642e-40
5.15025	1.2501075527778735e-40
5.155	2.1073256578147718e-41
5.15975	3.488806762266418e-42
5.1645	5.672613060547574e-43
5.16925	9.058376971706033e-44
5.1739999999999995	1.4206222243667098e-44
5.17875	2.1881032109313752e-45
5.1834999999999996	3.3099237332173458e-46
5.18825	4.917327740593526e-47
5.193	7.174659713187201e-48
5.19775	1.0280978360787659e-48
5.2025	1.446866851930582e-49
5.20725	1.9997866898070154e-50
5.212	2.7145619955616447e-51
5.21675	3.618902147839981e-52
5.2215	4.738216498480061e-53
5.22625	6.09275823751259e-54
5.231	7.694386097805062e-55
5.2357499999999995	9.543221174040063e-56
5.2405	1.162457243176515e-56
5.2452499999999995	1.390656823929353e-57
5.25	1.633894230175292e-58
5.25475	1.88533657006864e-59
5.2595	2.1365586981825044e-60
5.26425	2.3779446989249828e-61
5.269	2.5992596012001485e-62
5.27375	2.7903491425372793e-63
5.2785	2.9419035025491477e-64
5.28325	3.0462060999820036e-65
5.288	3.097783970625786e-66
5.29275	3.0938835085245224e-67
5.2975	3.034714022864553e-68
5.30225	2.923429129456187e-69
5.3069999999999995	2.7658482791424832e-70
5.31175	2.569952644956543e-71
5.3165	2.3452161339451416e-72
5.32125	2.1018494731481426e-73
5.326	1.8500409086559582e-74
5.33075	1.599270910775719e-75
5.3355	1.3577622465366265e-76
5.34025	1.1321042063397112e-77
5.345	9.270647411829512e-79
5.34975	7.45580787785852e-80
5.3545	5.888983502746541e-81
5.35925	4.5682193753869435e-82
5.364	3.4802829173780544e-83
5.3687499999999995	2.6040129086510723e-84
5.3735	1.9135186541967814e-85
5.3782499999999995	1.380966846916306e-86
5.383	9.788018675216282e-88
5.38775	6.813453725152644e-89
5.3925	4.658014291115776e-90
5.39725	3.127485517120875e-91
5.402	2.0622949694324466e-92
5.40675	1.3355718050232677e-93
5.4115	8.494634292885105e-95
5.41625	5.306193894259767e-96
5.421	3.255236369869514e-97
5.42575	1.961295027727199e-98
5.430499999999999	1.1605512137068594e-99
5.43525	6.744452144868484e-101
5.4399999999999995	3.849373298603506e-102
5.44475	2.1577164177788686e-103
5.4495	1.1878447629137052e-104
5.45425	6.4222320424489455e-106
5.459	3.4101484376009896e-107
5.46375	1.7783676863426754e-108
5.4685	9.108163501151258e-110
5.47325	4.581430073048843e-111
5.478	2.263248759814145e-112
5.48275	1.0980560382034975e-113
5.4875	5.232120077000505e-115
5.49225	2.4484536386351533e-116
5.497	1.1252967181829758e-117
5.5017499999999995	5.079292277157682e-119
5.5065	2.2516471822116836e-120
5.5112499999999995	9.80298778613101e-122
5.516	4.1915781438900055e-123
5.52075	1.760182331865631e-124
5.5255	7.25936665423712e-126
5.53025	2.9403619332382385e-127
5.535	1.1696713048462608e-128
5.53975	4.569701837303916e-130
5.5445	1.75336719791122e-131
5.54925	6.60722163707608e-133
5.554	2.4452645837263977e-134
5.55875	8.88779082272497e-136
5.5634999999999994	3.1726544716797512e-137
5.56825	1.1122763745936815e-138
5.5729999999999995	3.82969011209875e-140
5.57775	1.2950172068856875e-141
5.5825	4.300791898656769e-143
5.58725	1.4027565446390928e-144
5.592	4.4934215400762e-146
5.59675	1.4136210602163277e-147
5.6015	4.36767017491705e-149
5.60625	1.3253410455416028e-150
5.611	3.949721243544844e-152
5.61575	1.1560223432820289e-153
5.6205	3.3229743956457075e-155
5.62525	9.380991585193634e-157
5.63	2.6009468794506116e-158
5.6347499999999995	7.082314415422814e-160
5.6395	1.8939997108821792e-161
5.6442499999999995	4.97445605076376e-163
5.649	1.2831347675768169e-164
5.65375	3.2505730604330156e-166
5.6585	8.08739351457611e-168
5.66325	1.976142250921195e-169
5.668	4.742297733026534e-171
5.67275	1.1176875518418882e-172
5.6775	2.5870986903265947e-174
5.68225	5.8812083178107396e-176
5.687	1.3130495465938144e-177
5.69175	2.8790993398163798e-179
5.6964999999999995	6.20002114169431e-181
5.70125	1.3112656226681112e-182
5.7059999999999995	2.723636622728677e-184
5.71075	5.556081907564916e-186
5.7155	1.1131382294560591e-187
5.72025	2.190234128155695e-189
5.725	4.232461048105265e-191
5.72975	8.032604470700173e-193
5.7345	1.4972033146101647e-194
5.73925	2.740729420699536e-196
5.744	4.9273399714402476e-198
5.74875	8.700012556036706e-200
5.7535	1.5086490203986707e-201
5.75825	2.569316082836511e-203
5.763	4.297420392033012e-205
5.7677499999999995	7.059259221317948e-207
5.7725	1.1388627910802025e-208
5.7772499999999996	1.8044492245779932e-210
5.782	2.8079763538164493e-212
5.78675	4.919176069694915e-214
5.7915	4.1267960313516844e-213
5.79625	2.654946719556079e-211
5.801	1.6801096229252524e-209
5.80575	1.044192497411353e-207
5.8105	6.37359556958234e-206
5.81525	3.820757028464882e-204
5.82	2.2494447140170098e-202
5.82475	1.3006552890909362e-200
5.8294999999999995	7.386013269509789e-199
5.83425	4.11925749317624e-197
5.8389999999999995	2.2562581178431214e-195
5.84375	1.2137230725478975e-193
5.8485	6.412264354891568e-192
5.85325	3.327087431456621e-190
5.858	1.6954226996560585e-188
5.86275	8.485017804861928e-187
5.8675	4.17050366332194e-185
5.87225	2.0131922072812803e-183
5.877	9.54427532270343e-182
5.88175	4.443873233780041e-180
5.8865	2.032082562678173e-178
5.891249999999999	9.12603271339653e-177
5.896	4.02516490874507e-175
5.9007499999999995	1.7435978270877684e-173
5.9055	7.417711616750502e-172
5.91025	3.099235338850852e-170
5.915	1.271745326923791e-168
5.91975	5.125151764623003e-167
5.9245	2.0284966479943566e-165
5.92925	7.885020799067353e-164
5.934	3.010179381673977e-162
5.93875	1.1286074032839574e-160
5.9435	4.1557976908712923e-159
5.94825	1.5028889271202517e-157
5.953	5.337776146477467e-156
5.95775	1.8618934024680223e-154
5.9624999999999995	6.378378014155532e-153
5.96725	2.1459849889592886e-151
5.9719999999999995	7.090944562599486e-150
5.97675	2.3011370499284314e-148
5.9815	7.334016191035748e-147
5.98625	2.2956317806777966e-145
5.991	7.057056218499954e-144
5.99575	2.130619563578011e-142
6.0005	6.31755786269049e-141
6.00525	1.8397276297657596e-139
6.01	5.2616119825880125e-138
6.01475	1.4779001376546957e-136
6.0195	4.076921467743663e-135
6.024249999999999	1.1045378093606724e-133
6.029	2.938933858453093e-132
6.0337499999999995	7.679978820510213e-131
6.0385	1.9710208439306166e-129
6.04325	4.968020695719763e-128
6.048	1.2298058660402248e-126
6.05275	2.9898590070127827e-125
6.0575	7.1388103045231225e-124
6.06225	1.6740250773710652e-122
6.067	3.8553078435026006e-121
6.07175	8.72001332900594e-120
6.0765	1.937029434997264e-118
6.08125	4.225871397590472e-117
6.086	9.054350808424544e-116
6.09075	1.9052823417924947e-114
6.0954999999999995	3.937516188533667e-113
6.10025	7.991832019331354e-112
6.1049999999999995	1.5930570393529623e-110
6.10975	3.118726494142802e-109
6.1145	5.996312221686148e-108
6.11925	1.1322756583266394e-106
6.124	2.0998152644801244e-105
6.12875	3.824467640243654e-104
6.1335	6.8410360234174335e-103
6.13825	1.2018042864330402e-101
6.143	2.0735122458996482e-100
6.14775	3.513503941975832e-99
6.1525	5.8470293018049884e-98
6.1572499999999994	9.556328714362175e-97
6.162	1.5339382403773868e-95
6.1667499999999995	2.418163453710283e-94
6.1715	3.743901522941824e-93
6.17625	5.69277691091938e-92
6.181	8.501291300367852e-91
6.18575	1.2468281963877702e-89
6.1905	1.7959296355104257e-88
6.19525	2.5405807526516707e-87
6.2	3.5296990229089975e-86
6.20475	4.816186882135944e-85
6.2095	6.454015005956834e-84
6.21425	8.494104424219262e-83
6.218999999999999	1.0979086464894308e-81
6.22375	1.3937208576715362e-80
6.2284999999999995	1.7375862781608807e-79
6.23325	2.12754101702164e-78
6.2379999999999995	2.558412036363581e-77
6.24275	3.021509904245809e-76
6.2475	3.504600667455128e-75
6.25225	3.992216094007488e-74
6.257	4.4663271122576456e-73
6.26175	4.907360901793951e-72
6.2665	5.295493679642553e-71
6.27125	5.6121063738484466e-70
6.276	5.841257060595876e-69
6.28075	5.97100903544639e-68
6.2855	5.994460769875706e-67
6.2902499999999995	5.910354098676612e-66
6.295	5.723186048460466e-65
6.2997499999999995	5.442810474538516e-64
6.3045	5.083578617351868e-63
6.30925	4.663122894959089e-62
6.314	4.2009272714038715e-61
6.31875	3.716844987671237e-60
6.3235	3.229718862067707e-59
6.32825	2.756233298916548e-58
6.333	2.3100863570767116e-57
6.33775	1.9015223740751198e-56
6.3425	1.5372186650327629e-55
6.34725	1.2204804941464129e-54
6.351999999999999	9.516714073436005e-54
6.35675	7.287929860019583e-53
6.3614999999999995	5.481284344205581e-52
6.36625	4.048754690006137e-51
6.3709999999999996	2.9371192583538906e-50
6.37575	2.0925829494256695e-49
6.3805	1.4642147191989286e-48
6.38525	1.0062081692051906e-47
6.39	6.790971286208585e-47
6.39475	4.501289381317573e-46
6.3995	2.930238420556719e-45
6.40425	1.87339763415087e-44
6.409	1.1762996317590908e-43
6.41375	7.253822751208807e-43
6.4185	4.393158800798558e-42
6.4232499999999995	2.613050779986834e-41
6.428	1.526440152846561e-40
6.4327499999999995	8.75734981771432e-40
6.4375	4.934311916866658e-39
6.44225	2.730495626708172e-38
6.447	1.4839434654623161e-37
6.45175	7.92052940746883e-37
6.4565	4.1519493837426565e-36
6.46125	2.1375233847047125e-35
6.466	1.080763535854024e-34
6.47075	5.36675138373928e-34
6.4755	2.617298492272054e-33
6.48025	1.2535914391194922e-32
6.484999999999999	5.896845712798761e-32
6.48975	2.724234551178083e-31
6.4944999999999995	1.2360334193899725e-30
6.49925	5.5077841795556964e-30
6.504	2.4103749203605478e-29
6.50875	1.0359845297203764e-28
6.5135	4.373034715602983e-28
6.51825	1.812898812507278e-27
6.523	7.381169670778886e-27
6.52775	2.9514660855024126e-26
6.5325	1.159074604546357e-25
6.53725	4.470395717183944e-25
6.542	1.6933297199754127e-24
6.54675	6.299383925718931e-24
6.5515	2.3015245382129494e-23
6.5562499999999995	8.25836599101956e-23
6.561	2.9102723068984206e-22
6.5657499999999995	1.0072426621859977e-21
6.5705	3.423699049740732e-21
6.57525	1.1429258014296807e-20
6.58	3.747153432522883e-20
6.58475	1.2065516006882087e-19
6.5895	3.8154986887255664e-19
6.59425	1.1849982301988975e-18
6.599	3.614473786385044e-18
6.60375	1.0827630872526949e-17
6.6085	3.185537988953334e-17
6.61325	9.204349905140101e-17
6.617999999999999	2.6119474567022603e-16
6.62275	7.279419318572295e-16
6.6274999999999995	1.9924618846735103e-15
6.63225	5.356045923997422e-15
6.637	1.4140330054533636e-14
6.64175	3.666365737263706e-14
6.6465	9.336261543511192e-14
6.65125	2.3349157663755755e-13
6.656	5.734960230960476e-13
6.66075	1.3834089726707917e-12
6.6655	3.2774173636742294e-12
6.67025	7.625597828202791e-12
6.675	1.742517018160799e-11
6.679749999999999	3.910579724430663e-11
6.6845	8.619185840222295e-11
6.6892499999999995	1.865745186560057e-10
6.694	3.966426395812951e-10
6.6987499999999995	8.281470399657425e-10
6.7035	1.6981517336872788e-09
6.70825	3.419845737751392e-09
6.713	6.763905393272066e-09
6.71775	1.3138612897611452e-08
6.7225	2.506469905690851e-08
6.72725	4.69609048629603e-08
6.732	8.641147194496075e-08
6.73675	1.5615911324355744e-07
6.7415	2.771559777107302e-07
6.74625	4.831056873650659e-07
6.7509999999999994	8.27029565044811e-07
6.75575	1.3904676997034167e-06
6.7604999999999995	2.2959464732805515e-06
6.76525	3.7232619977108844e-06
6.77	5.9298870472945725e-06
6.77475	9.275348344572136e-06
6.7795	1.4248692742733147e-05
6.78425	2.149714563494047e-05
6.789	3.1852796015611146e-05
6.79375	4.635272885048931e-05
6.7985	6.624666772789742e-05
6.80325	9.298518367647705e-05
6.808	0.00012818123554302646
6.812749999999999	0.00017353861945819716
6.8175	0.00023074314492811052
6.8222499999999995	0.00030131618597493623
6.827	0.00038643557470968926
6.8317499999999995	0.00048673516452522615
6.8365	0.0006021009758146972
6.84125	0.0007314875241502885
6.846	0.0008727814362962257
6.85075	0.0010227395765379683
6.8555	0.0011770247854024957
6.86025	0.0013303537524755737
6.865	0.001476759095282799
6.86975	0.0016099528392441225
6.8745	0.0017237633350626303
6.87925	0.0018126047264220122
6.8839999999999995	0.0018719298165106694
6.88875	0.0018986154047462883
6.8934999999999995	0.0018912346810353268
6.89825	0.0018501836162135386
6.903	0.001777645767157248
6.90775	0.001677399850047533
6.9125	0.0015544936819896805
6.91725	0.0014148236384257517
6.922	0.0012646683149428364
6.92675	0.0011102274299375403
6.9315	0.000957212260968508
6.93625	0.0008105233621715147
6.941	0.0006740371075807289
6.945749999999999	0.000550507271598032
6.9505	0.00044157380073384675
6.9552499999999995	0.00034786002267162637
6.96	0.0002691328611134296
6.9647499999999996	0.00020449840279410466
6.9695	0.00015260687422084815
6.97425	0.00011184569130987466
6.979	8.05054726347823e-05
6.98375	5.691051745877825e-05
6.9885	3.951123908192073e-05
6.99325	2.6940754173559652e-05
6.998	1.8040967881345417e-05
7.00275	1.1865086321355226e-05
7.007499999999999	7.663778701256252e-06
7.01225	4.861563845949406e-06
7.0169999999999995	3.0287959525618385e-06
7.02175	1.8532116577658725e-06
7.0264999999999995	1.1136302397248052e-06
7.03125	6.572309272279271e-07
7.036	3.809394521044278e-07
7.04075	2.1684773910231426e-07
7.0455	1.2123131855050746e-07
7.05025	6.656343775461215e-08
7.055	3.589365159764691e-08
7.05975	1.9009054991464147e-08
7.0645	9.886996848266258e-09
7.06925	5.050440383579911e-09
7.074	2.5336993900437992e-09
7.078749999999999	1.2483659360188928e-09
7.0835	6.040734088793916e-10
7.0882499999999995	2.870770821518435e-10
7.093	1.3398876598570006e-10
7.09775	6.141857478199995e-11
7.1025	2.765001677552973e-11
7.10725	1.2225716814117133e-11
7.112	5.3108397217136e-12
7.11675	2.270947557448892e-12
7.1215	9.68233628824044e-13
7.12625	4.4528930288106044e-13
7.131	3.068859150722007e-13
7.13575	4.586395915693438e-13
7.140499999999999	1.0563523654899978e-12
7.14525	2.64977100177701e-12
7.1499999999999995	6.638474674958356e-12
7.15475	1.6375533135202302e-11
7.1594999999999995	3.9687099413663854e-11
7.16425	9.446894331383053e-11
7.169	2.208479898031791e-10
7.17375	5.070600362114699e-10
7.1785	1.14336892139181e-09
7.18325	2.532062260868685e-09
7.188	5.507105088594008e-09
7.19275	1.1763412661954238e-08
7.1975	2.4677677564852944e-08
7.20225	5.084359178859191e-08
7.207	1.0287957121832937e-07
7.211749999999999	2.0444808756020417e-07
7.2165	3.9902301331032106e-07
7.2212499999999995	7.648456836016478e-07
7.226	1.4398282184284374e-06
7.23075	2.6620029115400294e-06
7.2355	4.83356269472692e-06
7.24025	8.619601153537648e-06
7.245	1.509621143073832e-05
7.24975	2.5966281051684606e-05
7.2545	4.386443318599312e-05
7.25925	7.27740047418899e-05
7.264	0.00011857715120127284
7.26875	0.0001897521626762208
7.273499999999999	0.00029821771700077666
7.27825	0.0004603001670386387
7.2829999999999995	0.0006977660074739266
7.28775	0.0010388180066377187
7.2924999999999995	0.0015189032596691322
7.29725	0.002181130967556479
7.302	0.003076056854505312
7.30675	0.00426057247362137
7.3115	0.005795655207800303
7.31625	0.007742801203560863
7.321	0.010159086581689897
7.32575	0.013090981195235414
7.3305	0.016567261259929272
7.33525	0.02059160636457954
7.34	0.02513568462608007
7.3447499999999994	0.030133681556199186
7.3495	0.03547926831380978
7.3542499999999995	0.041025898365262055
7.359	0.04659105336070423
7.36375	0.051964642465995574
7.3685	0.05692123867863732
7.37325	0.06123528249354072
7.378	0.06469788649417726
7.38275	0.06713352420142413
7.3875	0.06841475616253752
7.39225	0.06847327579263351
7.397	0.0673059427232236
7.40175	0.06497506199945334
7.406499999999999	0.06160287458131994
7.41125	0.05736093718060206
7.4159999999999995	0.05245567539123977
7.42075	0.04711180161600594
7.4254999999999995	0.04155544396464177
7.43025	0.03599872548848799
7.435	0.030627200971262505
7.43975	0.025591071848341085
7.4445	0.021000548044328486
7.44925	0.016925198293336243
7.454	0.013396701698176873
7.45875	0.010414129967438717
7.4635	0.00795076805532057
7.468249999999999	0.00596150839062549
7.473	0.004389996960561687
7.4777499999999995	0.0031749234910013555
7.4825	0.0022550869584842754
7.4872499999999995	0.0015730926691910905
7.492	0.0010777209012363409
7.49675	0.0007251357028716427
7.5015	0.00047917401220930135
7.50625	0.0003109769562310896
7.511	0.00019820935363905532
7.51575	0.00012407408088564877
7.5205	7.627794298358582e-05
7.52525	4.605511418309828e-05
7.53	2.730975088555307e-05
7.53475	1.590444792337988e-05
7.539499999999999	9.096628166579673e-06
7.54425	5.109792586746449e-06
7.5489999999999995	2.8189481353370874e-06
7.55375	1.5273264883765122e-06
7.5584999999999996	8.127138606655465e-07
7.56325	4.247216837721158e-07
7.568	2.1798779886120681e-07
7.57275	1.0988057483532582e-07
7.5775	5.439646078772068e-08
7.58225	2.6447300502429324e-08
7.587	1.2628536979238493e-08
7.59175	5.922236073490378e-09
7.5965	2.7275917927508e-09
7.601249999999999	1.2337694698769073e-09
7.606	5.480871853669605e-10
7.6107499999999995	2.391257039654267e-10
7.6155	1.0246224319847354e-10
7.6202499999999995	4.311838066215593e-11
7.625	1.7820587172180907e-11
7.62975	7.23340132554025e-12
7.6345	2.883527501815124e-12
7.63925	1.1289289729051293e-12
7.644	4.340803480239209e-13
7.64875	1.6392100757593435e-13
7.6535	6.079391189886836e-14
7.65825	2.2143514427406882e-14
7.663	7.92125503052328e-15
7.66775	2.782931069662245e-15
7.672499999999999	9.602230382277456e-16
7.67725	3.2539076233991587e-16
7.6819999999999995	1.0829907782386435e-16
7.68675	3.542180321381813e-17
7.6915	1.1450741554846529e-17
7.69625	3.8734504702080914e-18
7.701	2.0500043430440966e-18
7.70575	3.3212041697126486e-18
7.7105	9.394552644275267e-18
7.71525	2.845843122925427e-17
7.72	8.541403976485925e-17
7.72475	2.5198647267471516e-16
7.7295	7.301658997857315e-16
7.734249999999999	2.0779267900036757e-15
7.739	5.807647489066581e-15
7.7437499999999995	1.5941576554673696e-14
7.7485	4.297573152818963e-14
7.7532499999999995	1.1378270957911714e-13
7.758	2.958627230379492e-13
7.76275	7.555534848818652e-13
7.7675	1.8949648588966504e-12
7.77225	4.667647951876569e-12
7.777	1.1291613637881849e-11
7.78175	2.6827173066660924e-11
7.7865	6.259718407360842e-11
7.79125	1.4344838645724344e-10
7.795999999999999	3.228475706184101e-10
7.80075	7.136090720392814e-10
7.805499999999999	1.5491168823884843e-09
7.81025	3.302699007539002e-09
7.8149999999999995	6.91535993612414e-09
7.81975	1.422071942061533e-08
7.8245	2.8720323707308294e-08
7.82925	5.6966308564442964e-08
7.834	1.1097056825106785e-07
7.83875	2.1230417100421624e-07
7.8435	3.9890568689894594e-07
7.84825	7.361103321176743e-07
7.853	1.334063751764868e-06
7.85775	2.3744948883557974e-06
7.8625	4.1507528867416355e-06
7.867249999999999	7.1259620120831285e-06
7.872	1.2014926313333849e-05
7.8767499999999995	1.9895722050426057e-05
7.8815	3.235633201064848e-05
7.8862499999999995	5.1679683554294674e-05
7.891	8.10664943885361e-05
7.89575	0.0001248889242527782
7.9005	0.00018895893877171973
7.90525	0.00028078373207854644
7.91	0.0004097674223898018
7.91475	0.0005873052703080352
7.9195	0.0008267065012122204
7.92425	0.0011428777883848093
7.928999999999999	0.0015517052031547873
7.93375	0.0020690911591163623
7.9384999999999994	0.0027096364031152496
7.94325	0.003485004924606716
7.9479999999999995	0.0044020681179280235
7.95275	0.005460986533889866
7.9575	0.006653442948454097
7.96225	0.007961277343713399
7.967	0.009355781152397704
7.97175	0.010797876099081052
7.9765	0.012239329024209263
7.98125	0.013625042465767854
7.986	0.014896323794345728
7.99075	0.01599489257628635
7.9955	0.016867259872244793
8.00025	0.017469027527234234
8.004999999999999	0.017768628477817437
8.00975	0.017750069959572744
8.0145	0.01741434788106532
8.01925	0.016779358282296576
8.024000000000001	0.015878316832695194
8.028749999999999	0.014756880628405435
8.0335	0.013469319336014581
8.03825	0.012074182040150254
8.043	0.010629939036531534
8.04775	0.009191043316568438
8.0525	0.0078047650990303455
8.05725	0.006509023580247618
8.062	0.0053312965155734365
8.066749999999999	0.004288553331473146
8.0715	0.00338804973792682
8.07625	0.0026287526531020814
8.081	0.0020031370111163196
8.08575	0.0014991067898317667
8.090499999999999	0.0011018322294893807
8.09525	0.0007953519620797802
8.1	0.0005638508331464274
8.10475	0.0003925817266375684
8.1095	0.00026844598922897995
8.11425	0.0001802788351169116
8.119	0.00011890320232729093
8.123750000000001	7.701996979994452e-05
8.128499999999999	4.899752253294352e-05
8.13325	3.061299941645395e-05
8.138	1.878445631838795e-05
8.14275	1.1320154671934814e-05
8.1475	6.699880807276996e-06
8.152249999999999	3.8944199100509354e-06
8.157	2.2232047506143177e-06
8.16175	1.2464565132388874e-06
8.1665	6.863344293417378e-07
8.17125	3.7115509284338126e-07
8.176	1.9712243147384808e-07
8.18075	1.0282001322624504e-07
8.185500000000001	5.267205320968234e-08
8.190249999999999	2.649987498048116e-08
8.195	1.3093880913883555e-08
8.19975	6.354098357250817e-09
8.2045	3.028310930992873e-09
8.20925	1.4174507579869164e-09
8.213999999999999	6.515931139566398e-10
8.21875	2.9417516633175027e-10
8.2235	1.3043577708711277e-10
8.22825	5.680020669835526e-11
8.233	2.429261243808203e-11
8.23775	1.0205374109576527e-11
8.2425	4.215215390541976e-12
8.247250000000001	1.7226932655098605e-12
8.251999999999999	7.262606390817977e-13
8.25675	3.930944219897765e-13
8.2615	4.382059234651098e-13
8.26625	9.070989405117882e-13
8.271	2.21720641810661e-12
8.275749999999999	5.491712512467015e-12
8.2805	1.3421558457321024e-11
8.28525	3.2237165630817734e-11
8.29	7.605280347680095e-11
8.29475	1.7621421451760193e-10
8.2995	4.009854001836433e-10
8.30425	8.961429699112799e-10
8.309000000000001	1.966921594420366e-09
8.313749999999999	4.239921169575021e-09
8.3185	8.976137585576723e-09
8.32325	1.866303214889353e-08
8.328	3.8109731779359566e-08
8.33275	7.642766032559593e-08
8.337499999999999	1.5053109539925447e-07
8.34225	2.911808863971632e-07
8.347	5.531723832886746e-07
8.35175	1.0320936383863282e-06
8.3565	1.8912053891413556e-06
8.36125	3.403449233459303e-06
8.366	6.015349171182854e-06
8.370750000000001	1.04415119818289e-05
8.375499999999999	1.7800283743439872e-05
8.38025	2.980241402598559e-05
8.385	4.900461110240324e-05
8.38975	7.913770195468691e-05
8.3945	0.0001255136349655096
8.399249999999999	0.00019550567317721846
8.404	0.00029908098746871147
8.40875	0.00044934429495803376
8.413499999999999	0.0006630261277721026
8.41825	0.0009608222207247488
8.423	0.001367465626292464
8.42775	0.0019113964849036985
8.432500000000001	0.002623893068274645
8.437249999999999	0.0035375490154523404
8.442	0.004684031256887056
8.44675	0.006091133071392563
8.4515	0.007779243670155387
8.45625	0.009757479497163477
8.460999999999999	0.012019846021475716
8.46575	0.014541899727494702
8.4705	0.017278433733263723
8.475249999999999	0.020162695080800125
8.48	0.02310754341152167
8.48475	0.026008778582723196
8.4895	0.02875061386471849
8.494250000000001	0.03121298264966821
8.498999999999999	0.033280083295907294
8.50375	0.03484933721594042
8.5085	0.03583980398171978
8.51325	0.0361990950113124
8.518	0.03590796434112166
8.52275	0.034982016628587666
8.5275	0.033470321434319876
8.53225	0.03145110503671543
8.536999999999999	0.029025046186004086
8.54175	0.026306975149535616
8.5465	0.02341692657638943
8.55125	0.020471509086799254
8.556	0.017576435604578486
8.56075	0.014820837338297432
8.5655	0.012273704382611016
8.57025	0.009982505578986452
8.575	0.007973783667298872
8.57975	0.0062553313668568256
8.5845	0.0048194466512730795
8.58925	0.0036467418270865774
8.594	0.0027100284116268387
8.598749999999999	0.0019778969204647143
8.6035	0.001417733002583347
8.60825	0.0009980360499105207
8.613	0.0006900157323329677
8.61775	0.0004685249699048761
8.6225	0.00031244060834369544
8.62725	0.0002046271203603234
8.632	0.00013161939649551296
8.63675	8.314527656352076e-05
8.6415	5.158414706256668e-05
8.64625	3.143083438342402e-05
8.651	1.880860349400664e-05
8.65575	1.1053967328878168e-05
8.660499999999999	6.3802954037564784e-06
8.66525	3.61679906258208e-06
8.67	2.013580333214441e-06
8.67475	1.1009675650986352e-06
8.679499999999999	5.912090496635526e-07
8.68425	3.1179461219628317e-07
8.689	1.6149427236410506e-07
8.69375	8.214982192469356e-08
8.6985	4.104092242268431e-08
8.70325	2.013671320886912e-08
8.708	9.703335348780924e-09
8.71275	4.592133251576387e-09
8.7175	2.1343660634406583e-09
8.722249999999999	9.742811877932486e-10
8.727	4.3677795595974717e-10
8.73175	1.923083277582182e-10
8.7365	8.315654958219602e-11
8.741249999999999	3.5314726967325326e-11
8.746	1.472911056570317e-11
8.75075	6.033376519646308e-12
8.7555	2.427295517850449e-12
8.76025	9.593547436417113e-13
8.765	3.732684741434592e-13
8.76975	1.4521288778673013e-13
8.7745	6.288817146978736e-14
8.77925	4.7271207520371005e-14
8.783999999999999	8.417096243016338e-14
8.78875	2.129383506347903e-13
8.7935	5.647827559873065e-13
8.79825	1.4843783095984598e-12
8.802999999999999	3.836000277986214e-12
8.80775	9.737408029021806e-12
8.8125	2.4276268408423245e-11
8.81725	5.944116674281671e-11
8.822	1.429417484978637e-10
8.82675	3.3759628386956954e-10
8.8315	7.830754852217933e-10
8.83625	1.7839294847194774e-09
8.841	3.991357039313383e-09
8.84575	8.770677629981857e-09
8.8505	1.892850516406725e-08
8.85525	4.012094078485212e-08
8.86	8.352156994329592e-08
8.864749999999999	1.7076552197669735e-07
8.8695	3.4290760069503095e-07
8.87425	6.762868456898162e-07
8.879	1.3099760709402228e-06
8.88375	2.492161845367674e-06
8.8885	4.656629016337835e-06
8.89325	8.54578237574506e-06
8.898	1.5403496771917034e-05
8.90275	2.726948224920687e-05
8.9075	4.7416293435566753e-05
8.91225	8.097945118477206e-05
8.917	0.00013583831983515063
8.92175	0.0002238072383182
8.926499999999999	0.0003621886538376362
8.93125	0.0005757175022319459
8.936	0.0008988834841237906
8.94075	0.0013785508777273295
8.9455	0.00207670250295519
8.95025	0.0030730185656695427
8.955	0.00446687229353635
8.95975	0.006378200601347054
8.9645	0.008946615734442847
8.96925	0.012328095283240808
8.974	0.016688657004767075
8.97875	0.022194619842821055
8.9835	0.02899938743997226
8.988249999999999	0.03722715627699274
8.993	0.04695450883282601
8.99775	0.0581914331057309
9.0025	0.07086381774652208
9.007249999999999	0.08479979811889353
9.012	0.09972237055886778
9.01675	0.11525037745182877
9.0215	0.13090927363378044
9.02625	0.14615206074731416
9.031	0.1603895356037115
9.03575	0.173027713645005
9.0405	0.18350916234870648
9.04525	0.1913542091026676
9.049999999999999	0.19619772575977687
9.05475	0.19781751151019494
9.0595	0.19615117344665237
9.06425	0.19129972013194183
9.068999999999999	0.18351764132136247
9.07375	0.17319081059186753
9.0785	0.16080488504826862
9.08325	0.14690780190171818
9.088	0.13207037735532837
9.09275	0.11684888216497841
9.0975	0.10175287047408339
9.10225	0.08722060988359874
9.107	0.07360337183402857
9.111749999999999	0.06115876398109627
9.1165	0.05005236399037212
9.12125	0.04036624293929093
9.126	0.032112586471093565
9.130749999999999	0.025250520652328873
9.1355	0.019704373904443302
9.14025	0.015381878591052181
9.145	0.01219115075772861
9.14975	0.010055607198389055
9.1545	0.008926228397450244
9.15925	0.008790724103453672
9.164	0.009679205521372353
9.16875	0.011665943277087549
9.1735	0.014866745730002138
9.17825	0.019431494558603362
9.183	0.025531492369349387
9.18775	0.03334156581071073
9.192499999999999	0.04301735383092948
9.19725	0.05466887809279696
9.202	0.06833227390616213
9.20675	0.08394233787163677
9.2115	0.10130916752788852
9.21625	0.12010246036553099
9.221	0.139846857392164
9.22575	0.15993097156988403
9.2305	0.17963143705165172
9.23525	0.19815156465185868
9.24	0.2146722131737912
9.24475	0.2284105853044898
9.2495	0.23868116019945138
9.254249999999999	0.24495217748134
9.259	0.24689118572734536
9.26375	0.24439421229655495
9.2685	0.23759498274830554
9.273249999999999	0.22685304603697126
9.278	0.2127222693086134
9.28275	0.1959035420381115
9.2875	0.1771873063464545
9.29225	0.1573924548479359
9.297	0.13730811257413664
9.30175	0.11764391550620629
9.3065	0.09899282736404441
9.31125	0.08180860195847982
9.315999999999999	0.06639803060132705
9.32075	0.05292640673167316
9.3255	0.04143340321157106
9.33025	0.03185589325194708
9.334999999999999	0.02405414657270911
9.33975	0.01783820305306008
9.3445	0.012991917019489383
9.34925	0.009293008993551212
9.354	0.0065283053784284005
9.35875	0.004504074341447612
9.3635	0.003051909304846675
9.36825	0.0020309474257125806
9.373	0.001327353879785762
9.377749999999999	0.000851992458558783
9.3825	0.0005370883871758725
9.38725	0.00033251922412212156
9.392	0.0002021849101237147
9.396749999999999	0.00012073736813394101
9.4015	7.081017289482543e-05
9.40625	4.0785950651540605e-05
9.411	2.3072067237228553e-05
9.41575	1.2818092831512654e-05
9.4205	6.993930316970452e-06
9.42525	3.7478325092093023e-06
9.43	1.972422879904413e-06
9.43475	1.0194850790139512e-06
9.439499999999999	5.175147123076773e-07
9.44425	2.5800344932661805e-07
9.449	1.2632500039632586e-07
9.45375	6.074549689665955e-08
9.458499999999999	2.8687972386455625e-08
9.46325	1.3305971964228097e-08
9.468	6.061140321933311e-09
9.47275	2.7115839683650547e-09
9.4775	1.1913867375317664e-09
9.48225	5.140950822643839e-10
9.487	2.178688406432993e-10
9.49175	9.067922085246469e-11
9.4965	3.7066486538086186e-11
9.50125	1.488044947348204e-11
9.506	5.8669402882031e-12
9.51075	2.271790751106084e-12
9.5155	8.639457104761864e-13
9.520249999999999	3.226782745555597e-13
9.525	1.183722604772474e-13
9.52975	4.2677755130321943e-14
9.5345	1.5204911855803913e-14
9.53925	5.599635218918549e-15
9.544	2.843324819808909e-15
9.54875	3.652173352870819e-15
9.5535	8.876378365992611e-15
9.55825	2.4298007866187626e-14
9.563	6.647826818272542e-14
9.56775	1.789954993874657e-13
9.5725	4.734443913557763e-13
9.57725	1.2298971807923571e-12
9.581999999999999	3.13784153673294e-12
9.58675	7.862385872102214e-12
9.5915	1.9348116976107248e-11
9.59625	4.6761027028810675e-11
9.600999999999999	1.109916640806773e-10
9.60575	2.587364820970262e-10
9.6105	5.92360321024376e-10
9.61525	1.3319110906487223e-09
9.62	2.9412063523758283e-09
9.62475	6.3787670168199755e-09
9.6295	1.3586543048152216e-08
9.63425	2.8421185094919743e-08
9.639	5.838971849271927e-08
9.643749999999999	1.1781255224817623e-07
9.6485	2.334574471063896e-07
9.65325	4.5434409121070346e-07
9.658	8.684064115285742e-07
9.662749999999999	1.630129634698191e-06
9.6675	3.00526136871374e-06
9.67225	5.4413083754672914e-06
9.677	9.675767289176133e-06
9.68175	1.689773420356914e-05
9.6865	2.8982278069783133e-05
9.69125	4.8819974475998085e-05
9.696	8.076506774412401e-05
9.70075	0.0001312231805789956
9.705499999999999	0.00020939125641533543
9.71025	0.00032814629889131954
9.715	0.0005050535898429687
9.71975	0.0007634285530947859
9.724499999999999	0.001133340269592528
9.72925	0.0016523925421138305
9.734	0.0023660674263015218
9.73875	0.003327376857750923
9.7435	0.00459555376467371
9.74825	0.006233539211105416
9.753	0.00830409912332687
9.75775	0.010864539871188912
9.7625	0.013960183796475756
9.76725	0.01761699855997471
9.772	0.021834019113189093
9.77675	0.026576417524268203
9.7815	0.03177021651964091
9.786249999999999	0.03729966195706499
9.791	0.043008134164505184
9.79575	0.048703177076105005
9.8005	0.054165775904983345
9.80525	0.05916346896079327
9.81	0.0634663143736304
9.81475	0.06686424048327984
9.8195	0.06918398055974884
9.82425	0.07030369922957688
9.829	0.07016359391345565
9.83375	0.06877118786030845
9.8385	0.06620066330128904
9.84325	0.06258631781293267
9.847999999999999	0.05811094852149953
9.85275	0.05299056415960421
9.8575	0.04745720513020403
9.86225	0.041741767801629324
9.866999999999999	0.036058579963806126
9.87175	0.030593103254055422
9.8765	0.025493622198974508
9.88125	0.02086721115401168
9.886	0.016779740129949556
9.89075	0.013259260092664735
9.8955	0.010301841010259624
9.90025	0.007878833188910233
9.905	0.005944567580846957
9.909749999999999	0.0044436671474515745
9.9145	0.0033173629576473624
9.91925	0.0025084500778303313
9.924	0.001964742410409693
9.928749999999999	0.001641068084595753
9.9335	0.0014999769004182964
9.93825	0.0015114092468849713
9.943	0.0016516101657873495
9.94775	0.0019015746223536591
9.9525	0.0022452921626021525
9.95725	0.0026680298268680932
9.962	0.0031548564720055012
9.96675	0.0036895710227893602
9.971499999999999	0.004254150868494203
9.97625	0.004828783395173688
9.981	0.005392483452412382
9.98575	0.005924234723904946
9.990499999999999	0.006404528565641234
9.99525	0.006817117160910498
