-1.043838871882911690e-01
-1.521000000000000000e-03
2.369999999999999874e-04
1.562880000000000102e-01
1.610299999999999926e-02
2.259999999999999910e-04
-3.311999999999999840e-03
-4.519999999999999821e-04
-9.779999999999999197e-04
-1.437650000000000039e-01
4.962389999999999857e-01
-2.718729999999999758e-01
2.239999999999999966e-04
1.236600000000000026e-02
3.089000000000000166e-03
-3.021309999999999829e-01
-3.788999999999999833e-03
-3.063000000000000184e-03
1.286339999999999983e-01
1.036999999999999944e-03
2.664989999999999859e-01
-4.169999999999999987e-04
3.544160000000000088e-01
1.771000000000000005e-03
-2.279039999999999955e-01
-1.196720000000000006e-01
1.920000000000000049e-04
5.237300000000000288e-01
-2.540999999999999856e-03
7.899999999999999579e-05
-9.699999999999999963e-05
-3.056999999999999822e-03
1.172460000000000030e-01
3.391099999999999670e-02
-8.170000000000000179e-04
-2.100000000000000087e-04
2.566000000000000138e-03
2.089999999999999844e-03
2.154639999999999889e-01
-2.360999999999999904e-02
-1.720000000000000066e-04
2.051489999999999980e-01
-3.794000000000000063e-03
2.620000000000000258e-04
-4.454549999999999899e-01
-2.400000000000000061e-04
1.925560000000000049e-01
-1.649000000000000075e-03
-1.920000000000000049e-04
1.157519999999999938e-01
1.815999999999999906e-03
-4.243419999999999970e-01
-9.529999999999999626e-04
7.600000000000000418e-05
-1.063840000000000063e-01
-1.157860000000000000e-01
-9.849999999999999815e-04
-1.505999999999999960e-03
-1.028130000000000016e-01
1.383020000000000083e-01
3.514799999999999869e-02
2.629999999999999959e-04
-2.255599999999999966e-02
-2.229999999999999994e-04
-5.273889999999999967e-01
1.723600000000000132e-02
9.500000000000000523e-05
-1.242999999999999964e-03
-7.348899999999999877e-02
-2.107600000000000098e-02
7.460000000000000268e-04
2.760619999999999741e-01
9.560000000000000355e-04
-4.798199999999999688e-02
-2.889999999999999774e-04
-9.139999999999999904e-04
6.698099999999999887e-02
3.315350000000000241e-01
-1.260000000000000052e-03
-3.339999999999999870e-04
-9.699999999999999963e-05
4.110799999999999871e-02
-1.890000000000000133e-04
1.802269999999999983e-01
-1.590999999999999966e-03
9.470000000000000336e-04
-4.272799999999999931e-01
2.582099999999999951e-01
2.719999999999999979e-04
7.659999999999999708e-04
3.653730000000000033e-01
3.233179999999999943e-01
3.969000000000000306e-03
-1.982599999999999918e-01
-1.163919999999999955e-01
-9.129999999999999661e-04
-7.320000000000000118e-04
-6.920000000000000153e-04
2.776190000000000047e-01
-2.089000000000000145e-03
-5.790180000000000327e-01
