3.725403648301133686e+00
-2.371322729064164261e-02
3.186836309787915988e-03
5.522299809284510197e-02
-2.099162422110172673e-03
-2.472590102467563458e-02
-6.661070642945293718e-02
-5.411728461260268026e-03
-7.736659827909869898e-03
-1.431446124516338458e-01
1.380633300743910885e+00
7.398409109699115582e-01
-2.247213903126523554e-02
3.313857827954193314e-02
7.895105559366906445e-02
-4.829557825675116489e-01
1.415402104815997875e-02
-3.327756185746786471e-02
-3.401114333776086296e-01
1.412322441242278535e-03
-9.373841995381905212e-01
-9.681057443090206743e-03
-7.149827113841747961e-01
2.722589080091290456e-02
-4.773629052498200576e-01
4.768778067290875278e-01
1.058556546723399966e-02
3.711461239486640862e-01
-5.199397538533581109e-01
1.215584565361268500e-02
6.244482675671759846e-03
-5.302087601629817265e-02
3.490204867051120985e-01
8.398145485480142114e-02
-1.452726301263445978e-02
-2.884965911379704963e-03
5.455032662037757885e-02
4.199712096592531085e-02
1.615330627410475461e-03
-2.990470933421651711e-01
-3.526448499537202658e-02
2.683495156867400921e-01
1.782618191193046861e-02
1.311867937039781253e-02
9.824478512855426837e-01
-1.636984600032603474e-02
-7.312339282610506030e-01
-4.220307390267873104e-02
1.663300843913325180e-02
1.456446924078354410e+00
-1.044084520972694656e-02
-4.440585739709769775e-01
-3.549310147130360638e-02
8.435907511536454989e-03
5.860760174645665566e-02
-3.209545482064376509e-01
-2.639963447422942824e-02
1.677690841560914616e-03
5.678582097023034958e-01
-4.825788904690684333e-01
-1.807551828365334123e-01
5.599728937795651895e-02
2.262515778854536364e-01
1.334451451379994186e-02
2.905892875615124771e-01
-3.759492360739342953e-02
-1.246630039067230661e-02
-7.971656233476041159e-03
1.025920332944676439e+00
6.152986186683538916e-01
9.969736535345967085e-03
-4.615897069936141239e-01
-4.000043910409653569e-02
-2.001803683580400395e-01
8.359932603371362028e-03
-2.222397768910357521e-02
-2.171613868611240172e-01
-1.741920202525998329e-01
1.407767678196681325e-02
-2.534456688275174910e-02
2.249054265334324634e-02
7.994692066201790626e-01
-3.267158250307961032e-02
8.727327506534962587e-02
7.885500674221558939e-03
-2.131730213843628652e-02
-4.917094024642276739e-01
1.582789032996326783e-01
-6.539332046332851749e-03
-3.271472593742906498e-03
-1.456688660476395669e-01
-5.010161209981210950e-01
-1.070284431105465901e-03
-1.828571549726600576e-01
-2.867110096189872115e-01
1.426325639843821491e-02
-1.591348921708674036e-02
1.126388770460941963e-02
2.984350326419717980e-01
8.898627155402580660e-04
-5.580572950686998324e-01
