1.568827864634160996e+01
3.467135901628509709e-02
6.294542375447911668e-03
6.950266949435003339e-01
8.472391654570456121e-02
5.080830648275799777e-02
8.895806216068333216e-02
1.180841498422964542e-02
1.359915120032268061e-02
2.831170862526450338e-01
7.172356172989883483e+00
2.757890148509686057e+00
2.971155500032765170e-02
8.246686182918514518e-01
4.724403848014425977e-02
4.854804484672448073e-02
4.268756285858660959e+00
1.023475828767424156e+00
1.052844062316066476e-01
2.128613009577825371e-02
3.827688767141436799e+00
1.471255425068183562e-02
2.264955842287203591e+00
4.224100533090440618e-02
2.040223101617205881e+00
2.977562613365446698e+00
1.390875286047629777e-02
1.777496397484604307e+00
1.068988451416347729e+01
1.452744858769554059e-01
1.288828728837298349e-02
1.368505480124637019e+00
5.357054184809276198e-02
2.119641749151669752e-01
2.323400724794536659e-02
1.910545329059716926e-02
5.770648146865107325e-02
9.286054554828994390e-02
2.305551405595283487e+00
2.409168576327991307e+00
6.057751256112015731e-02
4.884994461796984822e-02
1.282605132173938678e+00
1.551936622887511129e-02
2.919352723041540587e-01
1.834833622304339260e-02
5.910923707762885670e-02
2.660100119862170764e+00
2.198524413022307986e-02
2.671205431140086795e+00
2.024687513272553988e-02
5.377082926449540390e-02
9.995473198098197010e-01
1.284724070150961885e-02
5.336494829636927451e-01
1.777103870315416057e+00
5.283361680379774356e-02
2.123958289506770736e-02
1.575078695335417001e+00
5.104738948499414342e+00
1.585120569610798946e-01
3.959419148323201076e-01
1.055815582367138239e+00
2.774234447582410792e-02
2.279799278176317459e-02
7.085383818781568754e-01
1.745246300154135871e-02
2.191380677608502359e-02
5.378836729091703850e-01
1.374797213800904139e+00
2.529728040643058548e-02
8.013276165993675759e-01
4.604263689264000842e-02
6.016335367356988595e-01
4.774937789616215400e-02
2.033312466611781125e-02
7.952389585765657909e-01
3.203843046411528062e-01
5.466441544526678790e-03
2.444423101268188361e-02
4.063393840228147341e-02
1.886775354274618843e+00
4.187670036950891933e-02
1.221668241687300149e+00
2.572111968654172687e-02
2.210622399738563712e-02
9.646219996746494552e-01
1.614099861758918619e+00
6.818012504186375840e-03
6.907373528867436462e-03
1.749741077276781187e+00
1.014850019900066291e+00
3.567768096858844103e-03
8.654056754802884610e-01
5.721839501252224958e-01
2.595517651515894669e-02
1.457552119643542796e-02
2.668785210693044516e-02
1.044151058789390296e+00
2.465083661604835011e-03
2.724571656545646606e-02
