0.5	0.0
0.50475	0.0
0.5095	0.0
0.51425	0.0
0.519	0.0
0.52375	0.0
0.5285	0.0
0.53325	0.0
0.538	0.0
0.54275	0.0
0.5475	0.0
0.55225	0.0
0.5569999999999999	0.0
0.56175	0.0
0.5665	0.0
0.57125	0.0
0.576	0.0
0.58075	0.0
0.5855	0.0
0.5902499999999999	0.0
0.595	0.0
0.59975	0.0
0.6045	0.0
0.60925	0.0
0.614	0.0
0.61875	0.0
0.6234999999999999	0.0
0.62825	0.0
0.633	0.0
0.63775	0.0
0.6425	0.0
0.64725	0.0
0.652	0.0
0.65675	0.0
0.6615	0.0
0.66625	0.0
0.671	0.0
0.67575	0.0
0.6805	0.0
0.68525	0.0
0.69	0.0
0.69475	0.0
0.6995	0.0
0.70425	0.0
0.709	0.0
0.71375	0.0
0.7185	0.0
0.72325	0.0
0.728	0.0
0.73275	0.0
0.7375	0.0
0.74225	0.0
0.747	0.0
0.7517499999999999	0.0
0.7565	0.0
0.76125	0.0
0.766	0.0
0.77075	0.0
0.7755	0.0
0.78025	0.0
0.7849999999999999	0.0
0.78975	0.0
0.7945	0.0
0.79925	0.0
0.804	0.0
0.80875	0.0
0.8135	0.0
0.8182499999999999	0.0
0.823	0.0
0.82775	0.0
0.8325	0.0
0.83725	0.0
0.842	0.0
0.84675	0.0
0.8514999999999999	0.0
0.85625	0.0
0.861	0.0
0.86575	0.0
0.8705	0.0
0.87525	0.0
0.88	0.0
0.8847499999999999	0.0
0.8895	0.0
0.89425	0.0
0.899	0.0
0.90375	0.0
0.9085	0.0
0.91325	0.0
0.9179999999999999	0.0
0.92275	0.0
0.9275	0.0
0.93225	0.0
0.937	0.0
0.94175	0.0
0.9465	0.0
0.9512499999999999	0.0
0.956	0.0
0.96075	0.0
0.9655	0.0
0.9702500000000001	0.0
0.975	0.0
0.97975	0.0
0.9844999999999999	0.0
0.98925	0.0
0.994	0.0
0.99875	0.0
1.0034999999999998	0.0
1.0082499999999999	0.0
1.013	0.0
1.01775	0.0
1.0225	0.0
1.02725	0.0
1.032	0.0
1.03675	0.0
1.0415	0.0
1.0462500000000001	0.0
1.051	0.0
1.05575	0.0
1.0605	0.0
1.06525	0.0
1.0699999999999998	0.0
1.0747499999999999	0.0
1.0795	0.0
1.08425	0.0
1.089	0.0
1.09375	0.0
1.0985	0.0
1.10325	0.0
1.108	0.0
1.1127500000000001	0.0
1.1175	0.0
1.12225	0.0
1.127	0.0
1.13175	0.0
1.1364999999999998	0.0
1.1412499999999999	0.0
1.146	0.0
1.15075	0.0
1.1555	0.0
1.16025	0.0
1.165	0.0
1.16975	0.0
1.1745	0.0
1.1792500000000001	0.0
1.184	0.0
1.18875	0.0
1.1935	0.0
1.19825	0.0
1.2029999999999998	0.0
1.2077499999999999	0.0
1.2125	0.0
1.21725	0.0
1.222	0.0
1.22675	0.0
1.2315	0.0
1.23625	0.0
1.241	0.0
1.2457500000000001	0.0
1.2505	0.0
1.25525	0.0
1.26	0.0
1.2647499999999998	0.0
1.2694999999999999	0.0
1.2742499999999999	0.0
1.279	0.0
1.28375	0.0
1.2885	0.0
1.29325	0.0
1.298	0.0
1.30275	0.0
1.3075	0.0
1.3122500000000001	0.0
1.317	0.0
1.32175	0.0
1.3265	0.0
1.3312499999999998	0.0
1.3359999999999999	0.0
1.3407499999999999	0.0
1.3455	0.0
1.35025	0.0
1.355	0.0
1.35975	0.0
1.3645	0.0
1.36925	0.0
1.374	0.0
1.3787500000000001	0.0
1.3835	0.0
1.38825	0.0
1.393	0.0
1.3977499999999998	0.0
1.4024999999999999	0.0
1.40725	0.0
1.412	0.0
1.41675	0.0
1.4215	0.0
1.42625	0.0
1.431	0.0
1.43575	0.0
1.4405000000000001	0.0
1.44525	0.0
1.45	0.0
1.45475	0.0
1.4595	0.0
1.4642499999999998	0.0
1.4689999999999999	0.0
1.47375	0.0
1.4785	0.0
1.48325	0.0
1.488	0.0
1.49275	0.0
1.4975	0.0
1.50225	0.0
1.507	0.0
1.51175	0.0
1.5165	0.0
1.52125	0.0
1.526	0.0
1.53075	0.0
1.5354999999999999	0.0
1.54025	0.0
1.545	0.0
1.54975	0.0
1.5545	0.0
1.55925	0.0
1.564	0.0
1.5687499999999999	0.0
1.5735	0.0
1.57825	0.0
1.583	0.0
1.58775	0.0
1.5925	0.0
1.59725	0.0
1.6019999999999999	0.0
1.60675	0.0
1.6115	0.0
1.61625	0.0
1.621	0.0
1.62575	0.0
1.6305	0.0
1.6352499999999999	0.0
1.64	0.0
1.64475	0.0
1.6495	0.0
1.65425	0.0
1.659	0.0
1.66375	0.0
1.6684999999999999	0.0
1.67325	0.0
1.678	0.0
1.68275	0.0
1.6875	0.0
1.69225	0.0
1.697	0.0
1.7017499999999999	0.0
1.7065	0.0
1.71125	0.0
1.716	0.0
1.72075	0.0
1.7255	0.0
1.73025	0.0
1.7349999999999999	0.0
1.73975	0.0
1.7445	0.0
1.74925	0.0
1.754	0.0
1.75875	0.0
1.7635	0.0
1.7682499999999999	0.0
1.773	0.0
1.77775	0.0
1.7825	0.0
1.78725	0.0
1.792	0.0
1.79675	0.0
1.8014999999999999	0.0
1.80625	0.0
1.811	0.0
1.81575	0.0
1.8205	0.0
1.82525	0.0
1.83	0.0
1.8347499999999999	0.0
1.8395	0.0
1.84425	0.0
1.849	0.0
1.85375	0.0
1.8585	0.0
1.86325	0.0
1.8679999999999999	0.0
1.87275	0.0
1.8775	0.0
1.88225	0.0
1.887	0.0
1.89175	0.0
1.8965	0.0
1.9012499999999999	0.0
1.906	0.0
1.91075	0.0
1.9155	0.0
1.92025	0.0
1.925	0.0
1.9297499999999999	0.0
1.9344999999999999	0.0
1.93925	0.0
1.944	0.0
1.94875	0.0
1.9535	0.0
1.95825	0.0
1.9629999999999999	0.0
1.9677499999999999	0.0
1.9725	0.0
1.97725	0.0
1.982	0.0
1.98675	0.0
1.9915	0.0
1.9962499999999999	0.0
2.001	0.0
2.00575	0.0
2.0105	0.0
2.01525	0.0
2.02	0.0
2.02475	0.0
2.0294999999999996	0.0
2.03425	0.0
2.0389999999999997	0.0
2.04375	0.0
2.0484999999999998	0.0
2.0532500000000002	0.0
2.058	0.0
2.06275	0.0
2.0675	0.0
2.07225	0.0
2.077	0.0
2.08175	0.0
2.0865	0.0
2.09125	0.0
2.096	0.0
2.1007499999999997	0.0
2.1055	0.0
2.1102499999999997	0.0
2.115	0.0
2.11975	0.0
2.1245000000000003	0.0
2.12925	0.0
2.134	0.0
2.13875	0.0
2.1435	0.0
2.14825	0.0
2.153	0.0
2.15775	0.0
2.1624999999999996	0.0
2.16725	0.0
2.1719999999999997	0.0
2.17675	0.0
2.1814999999999998	0.0
2.1862500000000002	0.0
2.191	0.0
2.19575	0.0
2.2005	0.0
2.20525	0.0
2.21	0.0
2.21475	0.0
2.2195	0.0
2.22425	0.0
2.229	0.0
2.2337499999999997	0.0
2.2385	0.0
2.2432499999999997	0.0
2.248	0.0
2.25275	0.0
2.2575000000000003	0.0
2.26225	0.0
2.267	0.0
2.27175	0.0
2.2765	0.0
2.28125	0.0
2.286	0.0
2.29075	0.0
2.2954999999999997	0.0
2.30025	0.0
2.3049999999999997	0.0
2.30975	0.0
2.3145	0.0
2.3192500000000003	0.0
2.324	0.0
2.32875	0.0
2.3335	0.0
2.33825	0.0
2.343	0.0
2.34775	0.0
2.3525	0.0
2.3572499999999996	0.0
2.362	0.0
2.3667499999999997	0.0
2.3715	0.0
2.3762499999999998	0.0
2.3810000000000002	0.0
2.38575	0.0
2.3905	0.0
2.39525	0.0
2.4	0.0
2.40475	0.0
2.4095	0.0
2.41425	0.0
2.419	0.0
2.42375	0.0
2.4284999999999997	0.0
2.43325	0.0
2.4379999999999997	0.0
2.44275	0.0
2.4475	0.0
2.4522500000000003	0.0
2.457	0.0
2.46175	0.0
2.4665	0.0
2.47125	0.0
2.476	0.0
2.48075	0.0
2.4855	0.0
2.4902499999999996	0.0
2.495	0.0
2.4997499999999997	0.0
2.5045	0.0
2.5092499999999998	0.0
2.514	0.0
2.51875	0.0
2.5235	0.0
2.52825	0.0
2.533	0.0
2.53775	0.0
2.5425	0.0
2.54725	0.0
2.552	0.0
2.55675	0.0
2.5615	0.0
2.56625	0.0
2.5709999999999997	0.0
2.5757499999999998	0.0
2.5805	0.0
2.58525	0.0
2.59	0.0
2.59475	0.0
2.5995	0.0
2.60425	0.0
2.609	0.0
2.61375	0.0
2.6185	0.0
2.62325	0.0
2.628	0.0
2.63275	0.0
2.6374999999999997	0.0
2.6422499999999998	0.0
2.647	0.0
2.65175	0.0
2.6565	0.0
2.66125	0.0
2.666	0.0
2.67075	0.0
2.6755	0.0
2.68025	0.0
2.685	0.0
2.68975	0.0
2.6945	0.0
2.69925	0.0
2.7039999999999997	0.0
2.7087499999999998	0.0
2.7135	0.0
2.71825	0.0
2.723	0.0
2.72775	0.0
2.7325	0.0
2.73725	0.0
2.742	0.0
2.74675	0.0
2.7515	0.0
2.75625	0.0
2.761	0.0
2.76575	0.0
2.7704999999999997	0.0
2.7752499999999998	0.0
2.78	0.0
2.78475	0.0
2.7895	0.0
2.79425	0.0
2.799	0.0
2.80375	0.0
2.8085	0.0
2.81325	0.0
2.818	0.0
2.82275	0.0
2.8275	0.0
2.83225	0.0
2.8369999999999997	0.0
2.8417499999999998	0.0
2.8465	0.0
2.85125	0.0
2.856	0.0
2.86075	0.0
2.8655	0.0
2.87025	0.0
2.875	0.0
2.87975	0.0
2.8845	0.0
2.88925	0.0
2.894	0.0
2.89875	0.0
2.9034999999999997	0.0
2.90825	0.0
2.913	0.0
2.91775	0.0
2.9225	0.0
2.92725	0.0
2.932	0.0
2.93675	0.0
2.9415	0.0
2.94625	0.0
2.951	0.0
2.95575	0.0
2.9605	0.0
2.9652499999999997	0.0
2.9699999999999998	0.0
2.97475	0.0
2.9795	0.0
2.98425	0.0
2.989	0.0
2.99375	0.0
2.9985	0.0
3.00325	0.0
3.008	0.0
3.01275	0.0
3.0175	0.0
3.02225	0.0
3.027	0.0
3.0317499999999997	0.0
3.0364999999999998	0.0
3.04125	0.0
3.046	0.0
3.05075	0.0
3.0555	0.0
3.06025	0.0
3.065	0.0
3.06975	0.0
3.0745	0.0
3.07925	0.0
3.084	0.0
3.08875	0.0
3.0935	0.0
3.0982499999999997	0.0
3.1029999999999998	0.0
3.10775	0.0
3.1125	0.0
3.11725	0.0
3.122	0.0
3.12675	0.0
3.1315	0.0
3.13625	0.0
3.141	0.0
3.14575	0.0
3.1505	0.0
3.15525	0.0
3.16	0.0
3.1647499999999997	0.0
3.1694999999999998	0.0
3.17425	0.0
3.179	0.0
3.18375	0.0
3.1885	0.0
3.19325	0.0
3.198	0.0
3.20275	0.0
3.2075	0.0
3.21225	0.0
3.217	0.0
3.22175	0.0
3.2265	0.0
3.2312499999999997	0.0
3.2359999999999998	0.0
3.24075	0.0
3.2455	0.0
3.25025	0.0
3.255	0.0
3.25975	0.0
3.2645	0.0
3.26925	0.0
3.274	0.0
3.27875	0.0
3.2835	0.0
3.28825	0.0
3.293	0.0
3.2977499999999997	0.0
3.3024999999999998	0.0
3.30725	0.0
3.312	0.0
3.31675	0.0
3.3215	0.0
3.32625	0.0
3.331	0.0
3.33575	0.0
3.3405	0.0
3.34525	0.0
3.35	0.0
3.35475	0.0
3.3594999999999997	0.0
3.3642499999999997	0.0
3.3689999999999998	0.0
3.37375	0.0
3.3785	0.0
3.38325	0.0
3.388	0.0
3.39275	0.0
3.3975	0.0
3.40225	0.0
3.407	0.0
3.41175	0.0
3.4165	0.0
3.42125	0.0
3.4259999999999997	0.0
3.4307499999999997	0.0
3.4354999999999998	0.0
3.44025	0.0
3.445	0.0
3.44975	0.0
3.4545	0.0
3.45925	0.0
3.464	0.0
3.46875	0.0
3.4735	0.0
3.47825	0.0
3.483	0.0
3.48775	0.0
3.4924999999999997	0.0
3.4972499999999997	0.0
3.502	0.0
3.50675	0.0
3.5115	0.0
3.51625	0.0
3.521	0.0
3.52575	0.0
3.5305	0.0
3.53525	0.0
3.54	0.0
3.54475	0.0
3.5495	0.0
3.55425	0.0
3.5589999999999997	0.0
3.5637499999999998	2.5e-323
3.5685	4.125e-321
3.57325	7.05837e-319
3.578	1.18609075e-316
3.58275	1.9574598367e-314
3.5875	3.17269836477e-312
3.59225	5.0503990450647e-310
3.597	7.895571818406556e-308
3.60175	1.212278678557589e-305
3.6065	1.8280258389625387e-303
3.61125	2.7072176824435194e-301
3.616	3.937540288328545e-299
3.62075	5.624550591575476e-297
3.6254999999999997	7.890629088635697e-295
3.6302499999999998	1.0871673858398858e-292
3.635	1.471099968864371e-290
3.63975	1.955009813506301e-288
3.6445	2.551624020230833e-286
3.64925	3.2707353625631136e-284
3.654	4.117514296343712e-282
3.65875	5.090797352953239e-280
3.6635	6.181551447082622e-278
3.66825	7.371742407543428e-276
3.673	8.633836077048413e-274
3.67775	9.931124607971439e-272
3.6825	1.1218997415879348e-269
3.68725	1.2447170814111207e-267
3.6919999999999997	1.3562764958926603e-265
3.6967499999999998	1.4513989555843575e-263
3.7015	1.5254092005293675e-261
3.70625	1.574515358904714e-259
3.711	1.5961306080635451e-257
3.71575	1.5890989290758882e-255
3.7205	1.5537975369109577e-253
3.72525	1.4921033552550422e-251
3.73	1.4072276825870599e-249
3.73475	1.3034393182395399e-247
3.7395	1.1857093633857908e-245
3.74425	1.0593187664802261e-243
3.749	9.294714780067815e-242
3.7537499999999997	8.009519320918943e-240
3.7584999999999997	6.778565920428521e-238
3.7632499999999998	5.634173011395777e-236
3.768	4.599212951897041e-234
3.77275	3.687209745393986e-232
3.7775	2.9031745754818e-230
3.78225	2.2449643323611644e-228
3.787	1.704930670576689e-226
3.79175	1.271642359542531e-224
3.7965	9.315029476942129e-223
3.80125	6.701383398826581e-221
3.806	4.7348440785157266e-219
3.81075	3.285548504813206e-217
3.8155	2.2390875173674894e-215
3.8202499999999997	1.498632819129147e-213
3.8249999999999997	9.851001701267255e-212
3.8297499999999998	6.359552158773022e-210
3.8345	4.032121940927676e-208
3.83925	2.5107401436132565e-206
3.844	1.5354329626427748e-204
3.84875	9.221911237226537e-203
3.8535	5.439663066470473e-201
3.85825	3.151258625396081e-199
3.863	1.7929041775403454e-197
3.86775	1.0018232247317596e-195
3.8725	5.497764041557891e-194
3.87725	2.963071163526194e-192
3.882	1.5684080118291537e-190
3.8867499999999997	8.15336729301169e-189
3.8914999999999997	4.1627079862393753e-187
3.8962499999999998	2.0872567306456294e-185
3.901	1.0278666582498938e-183
3.90575	4.971170650597069e-182
3.9105	2.361247709424792e-180
3.91525	1.1015023093146088e-178
3.92	5.046499783430914e-177
3.92475	2.2706808144665798e-175
3.9295	1.0034203549158793e-173
3.93425	4.354825000051086e-172
3.939	1.8561774522160975e-170
3.94375	7.770147495038564e-169
3.9485	3.194478851782055e-167
3.9532499999999997	1.289827869344033e-165
3.9579999999999997	5.1147508158309135e-164
3.9627499999999998	1.9919488793800137e-162
3.9675	7.61891067069245e-161
3.97225	2.8619929473393847e-159
3.977	1.055857286615991e-157
3.98175	3.825629151891503e-156
3.9865	1.3613239950062939e-154
3.99125	4.7575253991081937e-153
3.996	1.6329079976549376e-151
4.00075	5.504315274362074e-150
4.0055	1.8222412398718928e-148
4.01025	5.924741758220198e-147
4.015000000000001	1.8918816483995587e-145
4.01975	5.933070215703764e-144
4.0245	1.8273679191927138e-142
4.029249999999999	5.527560301189446e-141
4.034	1.6421089437098755e-139
4.03875	4.79105800074125e-138
4.0435	1.3728461656716262e-136
4.0482499999999995	3.863432299093041e-135
4.053	1.0677896871948282e-133
4.05775	2.8984053488619644e-132
4.0625	7.726690339761009e-131
4.06725	2.0229673670115926e-129
4.072	5.201699161680047e-128
4.0767500000000005	1.3135982770441771e-126
4.0815	3.25792358421939e-125
4.08625	7.935607908710413e-124
4.090999999999999	1.89836839184574e-122
4.09575	4.460070990757299e-121
4.1005	1.0291152959024582e-119
4.10525	2.3321005944939252e-118
4.109999999999999	5.190288644485107e-117
4.11475	1.134479692533615e-115
4.1195	2.4353586425508817e-114
4.12425	5.134404866333916e-113
4.129	1.0631101897160737e-111
4.13375	2.1618593469397656e-110
4.1385000000000005	4.317551966384591e-109
4.14325	8.468542993362551e-108
4.148	1.6313261748174945e-106
4.152749999999999	3.086269855555421e-105
4.1575	5.734399873030029e-104
4.16225	1.0464127813392688e-102
4.167	1.8753359622430057e-101
4.171749999999999	3.300776455165371e-100
4.1765	5.7057682524076994e-99
4.18125	9.686639299728185e-98
4.186	1.6150765553818962e-96
4.1907499999999995	2.644685792558088e-95
4.1955	4.253202260497928e-94
4.2002500000000005	6.717674776677757e-93
4.205	1.0420364184979195e-91
4.20975	1.5874783284158988e-90
4.214499999999999	2.3751645215185027e-89
4.21925	3.490121726683263e-88
4.224	5.036727276775101e-87
4.22875	7.13866959904519e-86
4.233499999999999	9.936812898786857e-85
4.23825	1.3584320759611337e-83
4.243	1.823852562364354e-82
4.24775	2.4049303998164696e-81
4.2524999999999995	3.114413557153867e-80
4.25725	3.961056479215846e-79
4.2620000000000005	4.947738900145372e-78
4.26675	6.069647867092887e-77
4.2715	7.31275803215013e-76
4.27625	8.652864354600995e-75
4.281	1.0055405115771599e-73
4.28575	1.147625616189506e-72
4.2905	1.2863580820147682e-71
4.295249999999999	1.4160693080248421e-70
4.3	1.5309750919801944e-69
4.30475	1.6255963847172135e-68
4.3095	1.6951897160412388e-67
4.3142499999999995	1.7361405387156783e-66
4.319	1.7462741750077965e-65
4.32375	1.7250471482957846e-64
4.3285	1.6735954722025956e-63
4.33325	1.5946339260825208e-62
4.338	1.4922187457572899e-61
4.3427500000000006	1.3714025982718887e-60
4.3475	1.2378226608121723e-59
4.35225	1.0972684064181902e-58
4.356999999999999	9.5527476436667e-58
4.36175	8.167792949004475e-57
4.3665	6.8587049320677305e-56
4.37125	5.656405079771969e-55
4.3759999999999994	4.5814175204154495e-54
4.38075	3.644351226092585e-53
4.3855	2.8470924100825397e-52
4.39025	2.184458940792613e-51
4.395	1.6460658055696654e-50
4.39975	1.2181800559440078e-49
4.4045000000000005	8.853943805917158e-49
4.40925	6.32008649858635e-48
4.414	4.430678805521825e-47
4.418749999999999	3.050552459753426e-46
4.4235	2.0627553045039628e-45
4.42825	1.369865448953483e-44
4.433	8.934476191710336e-44
4.437749999999999	5.722967299746038e-43
4.4425	3.6002645777678655e-42
4.44725	2.2243778167495077e-41
4.452	1.3497199825438417e-40
4.4567499999999995	8.043402181576276e-40
4.4615	4.707570971062285e-39
4.4662500000000005	2.70591999791753e-38
4.471	1.5275450001287664e-37
4.47575	8.469037548886627e-37
4.480499999999999	4.611424348630063e-36
4.48525	2.466022886769603e-35
4.49	1.295150095937133e-34
4.49475	6.680424895480295e-34
4.499499999999999	3.384145711054935e-33
4.50425	1.6836623763993017e-32
4.509	8.22662961611846e-32
4.51375	3.947752042119604e-31
4.5184999999999995	1.860538981330358e-30
4.52325	8.611695495012916e-30
4.528	3.9147095108107086e-29
4.53275	1.7477181707201852e-28
4.5375	7.663095655381213e-28
4.54225	3.299879463770962e-27
4.547	1.3955740676911237e-26
4.55175	5.796538034166579e-26
4.5565	2.364533511315511e-25
4.56125	9.472906301067773e-25
4.566	3.7271939663116035e-24
4.57075	1.440262760770682e-23
4.5755	5.465909714413712e-23
4.5802499999999995	2.0372492207249852e-22
4.585	7.457389922879375e-22
4.5897499999999996	2.6809611913503003e-21
4.5945	9.465753434991709e-21
4.59925	3.2823193477324175e-20
4.604	1.1178086404815038e-19
4.60875	3.7386522956287028e-19
4.6135	1.2280715637900408e-18
4.61825	3.961806486590629e-18
4.623	1.2552314924821637e-17
4.62775	3.9058483692120735e-17
4.6325	1.1936250279936416e-16
4.63725	3.5824607289239245e-16
4.6419999999999995	1.0559806125064333e-15
4.64675	3.056971823265716e-15
4.6514999999999995	8.691363450369246e-15
4.65625	2.4268636210138677e-14
4.661	6.655241453806401e-14
4.66575	1.7924342993877397e-13
4.6705	4.741149608591321e-13
4.67525	1.2316436113542503e-12
4.68	3.1422985259583934e-12
4.68475	7.873553983942751e-12
4.6895	1.9375600082592664e-11
4.69425	4.6827448938233075e-11
4.699	1.1114932269335268e-10
4.70375	2.591040055088008e-10
4.7085	5.932017419348438e-10
4.7132499999999995	1.333803009811555e-09
4.718	2.945384202308603e-09
4.72275	6.3878277654225025e-09
4.7275	1.3605842114981975e-08
4.73225	2.8461556096475022e-08
4.737	5.847265843376784e-08
4.74175	1.1797989962354404e-07
4.7465	2.3378906279830205e-07
4.75125	4.549894663402641e-07
4.756	8.696399433632366e-07
4.76075	1.6324451597476665e-06
4.7655	3.009530205885208e-06
4.77025	5.449037506682443e-06
4.7749999999999995	9.689511276802803e-06
4.77975	1.6921736666928192e-05
4.7844999999999995	2.902344607840211e-05
4.78925	4.888932103065145e-05
4.794	8.087979085171498e-05
4.79875	0.00013140957714232934
4.8035	0.00020968868717730578
4.80825	0.0003286124157931503
4.813	0.0005057709955103487
4.81775	0.0007645129686531852
4.8225	0.0011349501279300052
4.82725	0.001654739690610879
4.832	0.0023694283175312884
4.83675	0.003332103245330995
4.8415	0.004602081539901935
4.8462499999999995	0.006242393670195684
4.851	0.008315894718629912
4.85575	0.010879972456122364
4.8605	0.013980013602722118
4.86525	0.017642022704944416
4.87	0.02186503334313015
4.87475	0.026614168113095724
4.8795	0.03181534465800816
4.88425	0.03735264440784961
4.889	0.04306922521006649
4.89375	0.04877235760347723
4.8985	0.054242715657914053
4.90325	0.05924750739325905
4.9079999999999995	0.06355646413794905
4.91275	0.0669592154769295
4.9174999999999995	0.06928224786514312
4.92225	0.07040355153403827
4.927	0.07026323645955287
4.93175	0.0688688319927221
4.9365	0.06629461749562969
4.94125	0.06267506679741264
4.946	0.05819321166162506
4.95075	0.053065325427652243
4.9555	0.04752370835666627
4.96025	0.0417994720813516
4.965	0.03610707067806027
4.9697499999999994	0.030631953918578852
4.9745	0.02552220122916685
4.9792499999999995	0.020884425918276675
4.984	0.016783708937153252
4.98875	0.013246901947607326
4.9935	0.010268374242658437
4.99825	0.007817178703197657
5.003	0.005844661671350681
5.00775	0.004291703368889842
5.0125	0.0030950024874092895
5.01725	0.002192064315864088
5.022	0.0015247778234067928
5.02675	0.0010416476204966178
5.0315	0.0006988694720774068
5.03625	0.00046050282559659077
5.0409999999999995	0.00029800909287083885
5.04575	0.00018940337993194296
5.0504999999999995	0.00011822435402147571
5.05525	7.247484116874272e-05
5.06	4.363439825413411e-05
5.06475	2.5800801324483494e-05
5.0695	1.4983174804549544e-05
5.07425	8.545852356371685e-06
5.079	4.787848474558313e-06
5.08375	2.6360295661411815e-06
5.0885	1.4284993411707117e-06
5.09325	7.663597771938867e-07
5.098	4.152968251900565e-07
5.1027499999999995	2.422606416925888e-07
5.1075	1.7617971479831881e-07
5.1122499999999995	1.8481530272376082e-07
5.117	2.6240423723232423e-07
5.12175	4.2466760943919237e-07
5.1265	7.091580957758594e-07
5.13125	1.1798735991630894e-06
5.136	1.935660572940367e-06
5.14075	3.122222159849672e-06
5.1455	4.947562436526379e-06
5.15025	7.700447605757212e-06
5.155	1.1770951909220777e-05
5.15975	1.7671398268329124e-05
5.1645	2.6055054045528815e-05
5.16925	3.77289077112994e-05
5.1739999999999995	5.365590531989499e-05
5.17875	7.494140344061398e-05
5.1834999999999996	0.00010279857766750767
5.18825	0.00013848839285140593
5.193	0.00018323170797118562
5.19775	0.0002380942290353617
5.2025	0.00030384919693460114
5.20725	0.00038082749958460776
5.212	0.00046876965899940237
5.21675	0.0005666979895944759
5.2215	0.0006728292048261927
5.22625	0.0007845470270305144
5.231	0.0008984504125960752
5.2357499999999995	0.0010104858316359589
5.2405	0.0011161622476837897
5.2452499999999995	0.0012108362500248817
5.25	0.0012900438842858683
5.25475	0.001349846978303787
5.2595	0.0013871568720357499
5.26425	0.0013999986000007
5.269	0.0013876840918125403
5.27375	0.0013508732519418982
5.2785	0.0012915153729031136
5.28325	0.0012126781205919574
5.288	0.0011182849719038254
5.29275	0.001012792367784141
5.2975	0.000900843472051642
5.30225	0.0007869356789039604
5.3069999999999995	0.0006751342200360142
5.31175	0.0005688555387019096
5.3165	0.00047073321715130034
5.32125	0.0003825680383943718
5.326	0.0003053539255847555
5.33075	0.00023936426562882657
5.3355	0.000184279110949859
5.34025	0.00013933296713052417
5.345	0.00010346480593497887
5.34975	7.545575934769207e-05
5.3545	5.4044701820248e-05
5.35925	3.801673720821858e-05
5.364	2.6263798697824806e-05
5.3687499999999995	1.781973436923268e-05
5.3735	1.1874241991675647e-05
5.3782499999999995	7.770904101605166e-06
5.383	4.9945709654234005e-06
5.38775	3.1527229739533467e-06
5.3925	1.954494350237656e-06
5.39725	1.1899919181186381e-06
5.402	7.115650177455891e-07
5.40675	4.1787477010417024e-07
5.4115	2.410120168234446e-07
5.41625	1.3651872634902593e-07
5.421	7.594632149213e-08
5.42575	4.149370772204923e-08
5.430499999999999	2.2264796405584027e-08
5.43525	1.173319254180021e-08
5.4399999999999995	6.072599666886596e-09
5.44475	3.086697640273747e-09
5.4495	1.5409002053710822e-09
5.45425	7.554677346853712e-10
5.459	3.6376282426215336e-10
5.46375	1.720210879343565e-10
5.4685	7.989250739289263e-11
5.47325	3.6441093259249645e-11
5.478	1.632441881431129e-11
5.48275	7.1819940947018174e-12
5.4875	3.1032255593765742e-12
5.49225	1.316869163611525e-12
5.497	5.488237504585488e-13
5.5017499999999995	2.2463847957704157e-13
5.5065	9.030179627692959e-14
5.5112499999999995	3.5650827292447235e-14
5.516	1.3823048118933287e-14
5.52075	5.2637955426631756e-15
5.5255	1.968589611230686e-15
5.53025	7.230566953234929e-16
5.535	2.608257805187443e-16
5.53975	9.24038003242845e-17
5.5445	3.2150809107972104e-17
5.54925	1.09868589934075e-17
5.554	3.68902041309677e-18
5.55875	1.2222139207584395e-18
5.5634999999999994	4.171044198618149e-19
5.56825	2.0420155597802272e-19
5.5729999999999995	2.982329817185966e-19
5.57775	8.45583664904663e-19
5.5825	2.6367438180557096e-18
5.58725	8.169615882139529e-18
5.592	2.488757775543875e-17
5.59675	7.446822567205087e-17
5.6015	2.1883903504818318e-16
5.60625	6.315968894127457e-16
5.611	1.7902603723649805e-15
5.61575	4.983717346838758e-15
5.6205	1.3625473165332826e-14
5.62525	3.658564929193246e-14
5.63	9.647858510117321e-14
5.6347499999999995	2.498688218788192e-13
5.6395	6.35556547423531e-13
5.6442499999999995	1.587659292821535e-12
5.649	3.89512506797679e-12
5.65375	9.385263897213796e-12
5.6585	2.220918159388895e-11
5.66325	5.161543670439217e-11
5.668	1.178114881178952e-10
5.67275	2.6409286131041724e-10
5.6775	5.814155820549416e-10
5.68225	1.2571226641646269e-09
5.687	2.66949818673071e-09
5.69175	5.567273905933621e-09
5.6964999999999995	1.1402931936018234e-08
5.70125	2.2937784057207018e-08
5.7059999999999995	4.531556219029224e-08
5.71075	8.792335857369863e-08
5.7155	1.675414041549088e-07
5.72025	3.1354582125748317e-07
5.725	5.762897138634399e-07
5.72975	1.040259530648241e-06
5.7345	1.8441809155766284e-06
5.73925	3.210896657599702e-06
5.744	5.490477514613288e-06
5.74875	9.220508894913536e-06
5.7535	1.5207598902429425e-05
5.75825	2.463357206684825e-05
5.763	3.9188182351553547e-05
5.7677499999999995	6.122712012885089e-05
5.7725	9.394929583441518e-05
5.7772499999999996	0.00014158075071228567
5.782	0.00020954431212540146
5.78675	0.0003045850110820877
5.7915	0.00043481264220002734
5.79625	0.000609616597408243
5.801	0.000839406614348559
5.80575	0.0011351388199033652
5.8105	0.0015076014613602117
5.81525	0.001966459960205163
5.82	0.0025190956088693155
5.82475	0.0031693133377852264
5.8294999999999995	0.00391603613337651
5.83425	0.004752139566763548
5.8389999999999995	0.005663601242087255
5.84375	0.006629139134093819
5.8485	0.007620484510552722
5.85325	0.008603378300293667
5.858	0.009539298514093573
5.86275	0.010387830240054517
5.8675	0.01110949281883104
5.87225	0.011668757274666488
5.877	0.012036936352624282
5.88175	0.012194620986159737
5.8865	0.012133375384683651
5.891249999999999	0.011856484720955462
5.896	0.01137866319073052
5.9007499999999995	0.010724758549989936
5.9055	0.009927611860880146
5.91025	0.009025328944864986
5.915	0.008058278529342265
5.91975	0.00706614416767145
5.9245	0.006085323884568046
5.92925	0.005146901853145813
5.934	0.004275324268270846
5.93875	0.003487813207577151
5.9435	0.0027944629787415454
5.94825	0.00219889497863422
5.953	0.0016993060328337054
5.95775	0.0012897326537485772
5.9624999999999995	0.00096136603939623
5.96725	0.0007037831131084504
5.9719999999999995	0.0005059992720860703
5.97675	0.0003572908767082138
5.9815	0.0002477735516177736
5.98625	0.00016875200830041319
5.991	0.00011287660497925131
5.99575	7.415149503755666e-05
6.0005	4.78406277165356e-05
6.00525	3.0313411268787207e-05
6.01	1.886399786697809e-05
6.01475	1.1529053384817547e-05
6.0195	6.920134672065284e-06
6.024249999999999	4.079401272540614e-06
6.029	2.3617791939002006e-06
6.0337499999999995	1.3428983564476754e-06
6.0385	7.499079830250213e-07
6.04325	4.112764062330638e-07
6.048	2.2152390561826588e-07
6.05275	1.1718401882577943e-07
6.0575	6.088035287063365e-08
6.06225	3.106325190321102e-08
6.067	1.5566022744529734e-08
6.07175	7.660716442286802e-09
6.0765	3.7027304601897115e-09
6.08125	1.7576637451163874e-09
6.086	8.194273877331958e-10
6.09075	3.7518558192390887e-10
6.0954999999999995	1.687107632571981e-10
6.10025	7.45075743008613e-11
6.1049999999999995	3.231610745308164e-11
6.10975	1.3765710981863285e-11
6.1145	5.7588959943268784e-12
6.11925	2.366142018986188e-12
6.124	9.547801147813671e-13
6.12875	3.783788974058357e-13
6.1335	1.4726903257618863e-13
6.13825	5.629333067604491e-14
6.143	2.1133111326564167e-14
6.14775	7.791676649052383e-15
6.1525	2.8213657258676187e-15
6.1572499999999994	1.003341638534746e-15
6.162	3.504283791998577e-16
6.1667499999999995	1.202017218230999e-16
6.1715	4.04932926432377e-17
6.17625	1.3397275248949215e-17
6.181	4.353222374678506e-18
6.18575	1.3892045909831065e-18
6.1905	4.353941120522323e-19
6.19525	1.3401699571899128e-19
6.2	4.0513353087347477e-20
6.20475	1.2028112588689691e-20
6.2095	3.50717764973905e-21
6.21425	1.0043359989901183e-21
6.218999999999999	2.824628124606829e-22
6.22375	7.801974257621118e-23
6.2284999999999995	2.1164535023631162e-23
6.23325	5.638634377903956e-24
6.2379999999999995	1.4753671950613012e-24
6.24275	3.7912925289169538e-25
6.2475	9.568314729169894e-26
6.25225	2.371617212544853e-26
6.257	5.773174967949927e-27
6.26175	1.380212100807183e-27
6.2665	3.240693261744837e-28
6.27125	7.472931582278445e-29
6.276	1.6924080045980214e-29
6.28075	3.764264395864207e-30
6.2855	8.222732342282622e-31
6.2902499999999995	1.7640592678463812e-31
6.295	3.7168169692096497e-32
6.2997499999999995	7.691130190394456e-33
6.3045	1.5630401541750794e-33
6.30925	3.119687493779439e-34
6.314	6.115233343125378e-35
6.31875	1.1772696807320678e-35
6.3235	2.225870378650272e-36
6.32825	4.1331842450100955e-37
6.333	7.537557620467904e-38
6.33775	1.350011629058657e-38
6.3425	2.3746814437060383e-39
6.34725	4.102363998376168e-40
6.351999999999999	6.960236721745846e-41
6.35675	1.1597778585305986e-41
6.3614999999999995	1.8979580135144498e-42
6.36625	3.050418125346707e-43
6.3709999999999996	4.814964943292415e-44
6.37575	7.464279113616008e-45
6.3805	1.1364323725097427e-45
6.38525	1.6992618493166383e-46
6.39	2.495387539207327e-47
6.39475	3.598957198694074e-48
6.3995	5.097724325514591e-49
6.40425	7.091481836611112e-50
6.409	9.68854650776811e-51
6.41375	1.2999936962966047e-51
6.4185	1.713108417668298e-52
6.4232499999999995	2.217121208493632e-53
6.428	2.8180909692508006e-54
6.4327499999999995	3.517884408180913e-55
6.4375	4.312897550766036e-56
6.44225	5.193024788127831e-57
6.447	6.14381496794456e-58
6.45175	7.396364573057843e-59
6.4565	3.1176304952525273e-59
6.46125	1.9798817479329403e-58
6.466	1.6556012041329993e-57
6.47075	1.3658368554873822e-56
6.4755	1.1067349808460384e-55
6.48025	8.807761622114152e-55
6.484999999999999	6.88438164263119e-54
6.48975	5.284969865268637e-53
6.4944999999999995	3.984731292510486e-52
6.49925	2.9507696011145196e-51
6.504	2.1461106846142757e-50
6.50875	1.5330289033669235e-49
6.5135	1.075550655733855e-48
6.51825	7.41130390686762e-48
6.523	5.015827196419454e-47
6.52775	3.334077601308115e-46
6.5325	2.1766824731777583e-45
6.53725	1.3957311820613164e-44
6.542	8.790163152327009e-44
6.54675	5.4372802605445415e-43
6.5515	3.3033709905257315e-42
6.5562499999999995	1.97117462162673e-41
6.561	1.1552774114449058e-40
6.5657499999999995	6.6503157722152005e-40
6.5705	3.760057401784177e-39
6.57525	2.0880667587556635e-38
6.58	1.1389207623220587e-37
6.58475	6.1015960522613754e-37
6.5895	3.2106713331807904e-36
6.59425	1.6594050515494164e-35
6.599	8.423932714995731e-35
6.60375	4.200346536664261e-34
6.6085	2.0571454373480764e-33
6.61325	9.895926699265184e-33
6.617999999999999	4.675860686419188e-32
6.62275	2.1701130927879364e-31
6.6274999999999995	9.892841252511045e-31
6.63225	4.429756054130177e-30
6.637	1.9483230861090478e-29
6.64175	8.417185705979125e-29
6.6465	3.571906233588069e-28
6.65125	1.4888910293631927e-27
6.656	6.0961842899190655e-27
6.66075	2.4518180205419492e-26
6.6655	9.68625912395523e-26
6.67025	3.7589317884345955e-25
6.675	1.432901038608246e-24
6.679749999999999	5.3655505624903536e-24
6.6845	1.9736118759322853e-23
6.6892499999999995	7.131184340081887e-23
6.694	2.5311459701636797e-22
6.6987499999999995	8.82534235151079e-22
6.7035	3.0227906061086166e-21
6.70825	1.0170681432608209e-20
6.713	3.361715342726043e-20
6.71775	1.0915513878625101e-19
6.7225	3.4817959976204676e-19
6.72725	1.0910431123229884e-18
6.732	3.358640883779589e-18
6.73675	1.0157151943632669e-17
6.7415	3.017662987164269e-17
6.74625	8.80772297824055e-17
6.7509999999999994	2.525540978123421e-16
6.75575	7.114539739657693e-16
6.7604999999999995	1.96899485371174e-15
6.76525	5.35366880131652e-15
6.77	1.4301162095256635e-14
6.77475	3.7532527757836986e-14
6.7795	9.677533474912808e-14
6.78425	2.451577504366992e-13
6.789	6.101748543602781e-13
6.79375	1.49208761132875e-12
6.7985	3.5848354921528697e-12
6.80325	8.462184789734177e-12
6.808	1.9626260036974715e-11
6.812749999999999	4.472369490067263e-11
6.8175	1.0013504624688185e-10
6.8222499999999995	2.202855126188965e-10
6.827	4.761460278750954e-10
6.8317499999999995	1.011233976280287e-09
6.8365	2.1101975859427335e-09
6.84125	4.326703643627993e-09
6.846	8.716781428427095e-09
6.85075	1.7255295412042707e-08
6.8555	3.356278263158205e-08
6.86025	6.41452855721626e-08
6.865	1.204604445328693e-07
6.86975	2.2227910329069208e-07
6.8745	4.030218447422325e-07
6.87925	7.180181580338874e-07
6.8839999999999995	1.2569559636408419e-06
6.88875	2.1621368778582047e-06
6.8934999999999995	3.6544772827913603e-06
6.89825	6.0694112663878435e-06
6.903	9.904832186931577e-06
6.90775	1.5882788441591998e-05
6.9125	2.502563201170605e-05
6.91725	3.874551287933299e-05
6.922	5.894337500742624e-05
6.92675	8.810991192406177e-05
6.9315	0.0001294164456310742
6.93625	0.0001867788296702764
6.941	0.0002648729841391161
6.945749999999999	0.00036907758750383664
6.9505	0.0005053190303215616
6.9552499999999995	0.0006797972598285381
6.96	0.0008985796412291768
6.9647499999999996	0.0011670638716752926
6.9695	0.0014893298228406521
6.97425	0.0018674223085856398
6.979	0.002300629309521435
6.98375	0.0027848392731237926
6.9885	0.0033120724101263484
6.99325	0.003870280405567911
6.998	0.004443493886387507
7.00275	0.005012366699897571
7.007499999999999	0.005555122657422646
7.01225	0.006048858832679211
7.0169999999999995	0.006471107071782375
7.02175	0.0068015106120812826
7.0264999999999995	0.007023443863875911
7.03125	0.007125396752322105
7.036	0.007101963408059347
7.04075	0.00695431705154665
7.0455	0.006690113014058592
7.05025	0.006322831008041641
7.055	0.005870635308991354
7.05975	0.005354887033686468
7.0645	0.004798478023713559
7.06925	0.004224166492767722
7.074	0.003653080457405922
7.078749999999999	0.003103520052692711
7.0835	0.0025901412281806526
7.0882499999999995	0.0021235496413333542
7.093	0.0017102832533182938
7.09775	0.0013531219767258038
7.1025	0.0010516369058370223
7.10725	0.0008028814194716076
7.112	0.0006021303678051936
7.11675	0.00044358829090164134
7.1215	0.00032100883845125375
7.12625	0.00022819089112610967
7.131	0.0001593386423816974
7.13575	0.00010929054280942667
7.140499999999999	7.363426511530095e-05
7.14525	4.873158625838492e-05
7.1499999999999995	3.167902047924459e-05
7.15475	2.022837546982129e-05
7.1594999999999995	1.2687494468055421e-05
7.16425	7.816528737325056e-06
7.169	4.7301277693911565e-06
7.17375	2.811579983321745e-06
7.1785	1.6415135000744764e-06
7.18325	9.413536408813131e-07
7.188	5.302411649572971e-07
7.19275	2.933623546217494e-07
7.1975	1.5942033560758516e-07
7.20225	8.509217035748355e-08
7.207	4.461082370759128e-08
7.211749999999999	2.2971741401545937e-08
7.2165	1.161847066496484e-08
7.2212499999999995	5.771700379337747e-09
7.226	2.816156633888682e-09
7.23075	1.3496046276729545e-09
7.2355	6.352601254982638e-10
7.24025	2.9369092867438734e-10
7.245	1.333589088740158e-10
7.24975	5.947641922267626e-11
7.2545	2.6052993861010127e-11
7.25925	1.1208804982097703e-11
7.264	4.7364035410135505e-12
7.26875	1.965733723768465e-12
7.273499999999999	8.012835529340912e-13
7.27825	3.2079847880291317e-13
7.2829999999999995	1.2614264286122628e-13
7.28775	4.871628539094432e-14
7.2924999999999995	1.8478559747909622e-14
7.29725	6.884032576411956e-15
7.302	2.5188234556575826e-15
7.30675	9.051733434106096e-16
7.3115	3.1948040852263613e-16
7.31625	1.1074762429881255e-16
7.321	3.7705231598320765e-17
7.32575	1.2607969097000598e-17
7.3305	4.1406101060538614e-18
7.33525	1.3355452155153862e-18
7.34	4.230846921810705e-19
7.3447499999999994	1.3163455626225432e-19
7.3495	4.0224055118124355e-20
7.3542499999999995	1.2071871321864936e-20
7.359	3.5582433639863824e-21
7.36375	1.0300742221320517e-21
7.3685	2.9286855638417425e-22
7.37325	8.178014688346776e-23
7.378	2.242815312600103e-23
7.38275	6.041005310136516e-24
7.3875	1.5980656270985468e-24
7.39225	4.151923250177094e-25
7.397	1.0594317361635802e-25
7.40175	2.655004441103454e-26
7.406499999999999	6.534702314809149e-27
7.41125	1.5796262160536909e-27
7.4159999999999995	3.7501662757095295e-28
7.42075	8.744079411514153e-29
7.4254999999999995	2.0023720002745893e-29
7.43025	4.5034181250347956e-30
7.435	9.947326264051257e-31
7.43975	2.1579272293290613e-31
7.4445	4.5976227868071264e-32
7.44925	9.620458377083676e-33
7.454	1.9770782916628512e-33
7.45875	3.9904092721080806e-34
7.4635	7.909996480065031e-35
7.468249999999999	1.5399273384597933e-35
7.473	2.944347593994294e-36
7.4777499999999995	5.528950092415365e-37
7.4825	1.019672806905548e-37
7.4872499999999995	1.846900190603961e-38
7.492	3.285415381563959e-39
7.49675	5.739859664020667e-40
7.5015	9.84863979661068e-41
7.50625	1.6596445872434232e-41
7.511	2.7467407397221365e-42
7.51575	4.464613451501649e-43
7.5205	7.127114672216101e-44
7.52525	1.1174183704342928e-44
7.53	1.7222308653517316e-45
7.53475	2.7217983530510904e-46
7.539499999999999	1.2187210284497166e-46
7.54425	5.7289612698919895e-46
7.5489999999999995	3.7983335162340736e-45
7.55375	2.4971080224122824e-44
7.5584999999999996	1.612822213066614e-43
7.56325	1.023186682849998e-42
7.568	6.375899155495833e-42
7.57275	3.902536262884957e-41
7.5775	2.346238769842598e-40
7.58225	1.3855366511623928e-39
7.587	8.036837304972752e-39
7.59175	4.5790403407163017e-38
7.5965	2.562634556975663e-37
7.601249999999999	1.4087131732192359e-36
7.606	7.60646596977853e-36
7.6107499999999995	4.0343027449918963e-35
7.6155	2.1017448786524372e-34
7.6202499999999995	1.0755192716367912e-33
7.625	5.406096630248537e-33
7.62975	2.669177956433838e-32
7.6345	1.2944940803670855e-31
7.63925	6.166689809580641e-31
7.644	2.8855878493843788e-30
7.64875	1.3263169226498902e-29
7.6535	5.988137565832751e-29
7.65825	2.655634436523929e-28
7.663	1.1568511385797136e-27
7.66775	4.950167667624764e-27
7.672499999999999	2.080636174479698e-26
7.67725	8.590268255296379e-26
7.6819999999999995	3.4837916359670805e-25
7.68675	1.3878194859685095e-24
7.6915	5.430622670391121e-24
7.69625	2.087385040137163e-23
7.701	7.88119776109302e-23
7.70575	2.9229340013161777e-22
7.7105	1.0648374064075815e-21
7.71525	3.810530565031119e-21
7.72	1.3394477915571697e-20
7.72475	4.6249242636750854e-20
7.7295	1.5686361904971517e-19
7.734249999999999	5.226113725150659e-19
7.739	1.7103095652081898e-18
7.7437499999999995	5.498067035801014e-18
7.7485	1.73614079261205e-17
7.7532499999999995	5.3851722046382953e-17
7.758	1.6407941666919657e-16
7.76275	4.910758158549665e-16
7.7675	1.4437200210299706e-15
7.77225	4.169245079377298e-15
7.777	1.182692600592853e-14
7.78175	3.2955379007180475e-14
7.7865	9.020293236823422e-14
7.79125	2.425240575574774e-13
7.795999999999999	6.405141087546949e-13
7.80075	1.66165987801702e-12
7.805499999999999	4.234429921743067e-12
7.81025	1.0599538242174717e-11
7.8149999999999995	2.606260918818135e-11
7.81975	6.294881066621111e-11
7.8245	1.4934668027294148e-10
7.82925	3.4805006048023254e-10
7.834	7.967564950015091e-10
7.83875	1.791624148065296e-09
7.8435	3.957356818953259e-09
7.84825	8.586182396507063e-09
7.853	1.8299160624046602e-08
7.85775	3.8308745377714183e-08
7.8625	7.877708505188753e-08
7.867249999999999	1.591243338070731e-07
7.872	3.1572391402019716e-07
7.8767499999999995	6.153355397842055e-07
7.8815	1.178011676769583e-06
7.8862499999999995	2.21523436696392e-06
7.891	4.091868326951871e-06
7.89575	7.424289219434094e-06
7.9005	1.3231794169791123e-05
7.90525	2.3163946768972345e-05
7.91	3.9832326751676695e-05
7.91475	6.728022007820885e-05
7.9195	0.00011162643138284671
7.92425	0.00018191724704711714
7.928999999999999	0.00029121060120054234
7.93375	0.0004578953371111283
7.9384999999999994	0.0007072130199569037
7.94325	0.0010728981655405189
7.9479999999999995	0.0015987855686905186
7.95275	0.002340154991658174
7.9575	0.0033645030621915237
7.96225	0.004751364475115909
7.967	0.006590768857862536
7.97175	0.008979937836066794
7.9765	0.012017919418357937
7.98125	0.015798037585126344
7.986	0.02039830501674659
7.99075	0.02587028943532088
7.9955	0.03222730153015119
8.00025	0.03943312781256135
8.004999999999999	0.04739279464760393
8.00975	0.05594694788449799
8.0145	0.0648713068733729
8.01925	0.07388227227771797
8.024000000000001	0.0826491462604045
8.028749999999999	0.09081262212082594
8.0335	0.09800832405093113
8.03825	0.10389336281227313
8.043	0.10817326358005944
8.04775	0.11062634082361998
8.0525	0.11112271695081069
8.05725	0.10963571462153303
8.062	0.10624423203248304
8.066749999999999	0.10112580685355449
8.0715	0.09454121748455403
8.07625	0.08681248055949647
8.081	0.07829682703915003
8.08575	0.06935957546975145
8.090499999999999	0.06034874021042319
8.09525	0.05157375694194232
8.1	0.04328997903713313
8.10475	0.03568973332852697
8.1095	0.028899866399816926
8.11425	0.022984987075721587
8.119	0.017955102550212904
8.123750000000001	0.01377609162148691
8.128499999999999	0.01038144911926868
8.13325	0.007683924498811409
8.138	0.005585996846027809
8.14275	0.00398850478175427
8.1475	0.002797117667560458
8.152249999999999	0.0019266459256896142
8.157	0.0013034158764113734
8.16175	0.0008660708357567547
8.1665	0.0005652134970213455
8.17125	0.00036229282904964264
8.176	0.00022808381477291528
8.18075	0.00014103150341515801
8.185500000000001	8.564936973491783e-05
8.190249999999999	5.1087895912519615e-05
8.195	2.9929338647152554e-05
8.19975	1.7221102151526295e-05
8.2045	9.73215356871092e-06
8.20925	5.4018264869534705e-06
8.213999999999999	2.9447976719813117e-06
8.21875	1.5767140725896113e-06
8.2235	8.291490067119422e-07
8.22825	4.2824657653873027e-07
8.233	2.1723830917797632e-07
8.23775	1.0823299119122357e-07
8.2425	5.2961854546978746e-08
8.247250000000001	2.5453442957132032e-08
8.251999999999999	1.2014598862496629e-08
8.25675	5.5699458553044095e-09
8.2615	2.5361282273723373e-09
8.26625	1.1341475657590954e-09
8.271	4.981333744072868e-10
8.275749999999999	2.148815045218007e-10
8.2805	9.1039395403469e-11
8.28525	3.7882291878966514e-11
8.29	1.548172350253762e-11
8.29475	6.214099216984445e-12
8.2995	2.4496978323630088e-12
8.30425	9.48466425689449e-13
8.309000000000001	3.6066680624810324e-13
8.313749999999999	1.3469913900895437e-13
8.3185	4.940803387057125e-14
8.32325	1.7799348702301755e-14
8.328	6.297731267783687e-15
8.33275	2.188453417402213e-15
8.337499999999999	7.469015460711633e-16
8.34225	2.5035829622760666e-16
8.347	8.242005652241191e-17
8.35175	2.6648688552192713e-17
8.3565	8.462340849283425e-18
8.36125	2.639226479895225e-18
8.366	8.084143582172761e-19
8.370750000000001	2.4319930805344023e-19
8.375499999999999	7.185572257689536e-20
8.38025	2.0851190382742324e-20
8.385	5.9425189561899466e-21
8.38975	1.6633371817765428e-21
8.3945	4.572563942361739e-22
8.399249999999999	1.234550414782761e-22
8.404	3.2736120244288203e-23
8.40875	8.525398916113623e-24
8.413499999999999	2.180575512429913e-24
8.41825	5.477675116878602e-25
8.423	1.3514187277016824e-25
8.42775	3.2745522689883283e-26
8.432500000000001	7.79259429714077e-27
8.437249999999999	1.821294468753641e-27
8.442	4.180671622144294e-28
8.44675	9.424960887462918e-29
8.4515	2.086798423256315e-29
8.45625	4.537835219306292e-30
8.460999999999999	9.69134513806076e-31
8.46575	2.032761186490016e-31
8.4705	4.1875062317900566e-32
8.475249999999999	8.472103082892466e-33
8.48	1.6834240189859696e-33
8.48475	3.285205220162574e-34
8.4895	6.296622739108092e-35
8.494250000000001	1.1861023294098731e-35
8.498999999999999	2.240976403742053e-36
8.50375	6.7375395006118696e-37
8.5085	1.5705047449992717e-36
8.51325	8.01632736837721e-36
8.518	4.1958678068770096e-35
8.52275	2.1600272406741466e-34
8.5275	1.0921400540151976e-33
8.53225	5.423243513327941e-33
8.536999999999999	2.6448490028731794e-32
8.54175	1.2667871384818373e-31
8.5465	5.9589177729372495e-31
8.55125	2.752910704349166e-30
8.556	1.2490442974891781e-29
8.56075	5.565760855133052e-29
8.5655	2.435747287944623e-28
8.57025	1.0468896300335052e-27
8.575	4.419066659978945e-27
8.57975	1.8319819579030674e-26
8.5845	7.45886619363306e-26
8.58925	2.982534149561095e-25
8.594	1.1712753898576705e-24
8.598749999999999	4.517452514206933e-24
8.6035	1.7111542433444257e-23
8.60825	6.36569323020172e-23
8.613	2.3257511122999796e-22
8.61775	8.345296159348037e-22
8.6225	2.9409067522355727e-21
8.62725	1.0178452165252678e-20
8.632	3.459737987107235e-20
8.63675	1.1549565993397374e-19
8.6415	3.786597152866897e-19
8.64625	1.2192521438538762e-18
8.651	3.855661832818236e-18
8.65575	1.1974718957801936e-17
8.660499999999999	3.6525208788733075e-17
8.66525	1.0941605934347452e-16
8.67	3.2190699677850613e-16
8.67475	9.301237798880201e-16
8.679499999999999	2.6394416404575364e-15
8.68425	7.356044785086351e-15
8.689	2.0134351676708176e-14
8.69375	5.412425354777341e-14
8.6985	1.428917563405763e-13
8.70325	3.7049590608151536e-13
8.708	9.43453798081456e-13
8.71275	2.359493827074668e-12
8.7175	5.795328233392606e-12
8.722249999999999	1.3979711723831157e-11
8.727	3.3119164938192154e-11
8.73175	7.705867279027154e-11
8.7365	1.7608593025627606e-10
8.741249999999999	3.951743721530523e-10
8.746	8.709914112227172e-10
8.75075	1.8853846095770146e-09
8.7555	4.008178252611544e-09
8.76025	8.368643772286527e-09
8.765	1.7160270150949645e-08
8.76975	3.4558441139391384e-08
8.7745	6.835104397412633e-08
8.77925	1.3276914086008987e-07
8.783999999999999	2.5328537994349653e-07
8.78875	4.745523017731829e-07
8.7935	8.732106638649641e-07
8.79825	1.5780289338298068e-06
8.802999999999999	2.8007340905505366e-06
8.80775	4.881910103900618e-06
8.8125	8.357351394138686e-06
8.81725	1.4051042018056926e-05
8.822	2.320114330894243e-05
8.82675	3.762454229266403e-05
8.8315	5.992306910951327e-05
8.83625	9.37298359030524e-05
8.841	0.00014398678982131463
8.84575	0.00021723431378469415
8.8505	0.00032188088605253785
8.85525	0.00046840652312076626
8.86	0.0006694400107240596
8.864749999999999	0.0009396397508359785
8.8695	0.001295305117066523
8.87425	0.0017536534176830275
8.879	0.002331720201378921
8.88375	0.0030448793530100287
8.8885	0.003905033176014051
8.89325	0.004918586925729009
8.898	0.006084388808232962
8.90275	0.007391873928255802
8.9075	0.008819686093099254
8.91225	0.01033505256291057
8.917	0.01189414519985709
8.92175	0.01344357476185871
8.926499999999999	0.01492303927864723
8.93125	0.01626899711236213
8.936	0.01741908212273835
8.94075	0.018316847761738368
8.9455	0.01891634340895
8.95025	0.019186008300594106
8.955	0.019111424145198997
8.95975	0.018696592332263017
8.9645	0.0179635782786415
8.96925	0.016950566905743068
8.974	0.015708567733789956
8.97875	0.014297165188302057
8.9835	0.012779806129948371
8.988249999999999	0.011219140344631985
8.993	0.009672881795049616
8.99775	0.008190551870364512
9.0025	0.006811322350289222
9.007249999999999	0.005563020849832523
9.012	0.004462219460046911
9.01675	0.003515217071207688
9.0215	0.002719658385988206
9.02625	0.0020665101756034746
9.031	0.0015421326237052388
9.03575	0.0011302301437628084
9.0405	0.0008135289866251171
9.04525	0.0005750957553728787
9.049999999999999	0.0003992714686173042
9.05475	0.00027224341059593125
9.0595	0.000182308728064108
9.06425	0.00011989981966842206
9.068999999999999	7.74445005600567e-05
9.07375	4.912738202221706e-05
9.0785	3.060678015219832e-05
9.08325	1.8727191489000755e-05
9.088	1.1253526633007467e-05
9.09275	6.641491475144042e-06
9.0975	3.849493410738681e-06
9.10225	2.191303468823148e-06
9.107	1.2250743769313074e-06
9.111749999999999	6.726410552044957e-07
9.1165	3.6271479509190427e-07
9.12125	1.920915030715381e-07
9.126	9.991070499272844e-08
9.130749999999999	5.103602913842697e-08
9.1355	2.5603699096341513e-08
9.14025	1.2615066290798978e-08
9.145	6.104320730994379e-09
9.14975	2.900989358741717e-09
9.1545	1.3539914190626206e-09
9.15925	6.206498758812e-10
9.164	2.794077308694713e-10
9.16875	1.235353210991112e-10
9.1735	5.364198780469297e-11
9.17825	2.2875972318383996e-11
9.183	9.58109720272048e-12
9.18775	3.941049726934359e-12
9.192499999999999	1.5920971604290544e-12
9.19725	6.316670242618728e-13
9.202	2.461318566464525e-13
9.20675	9.419078895075119e-14
9.2115	3.540055135301211e-14
9.21625	1.3066901043395528e-14
9.221	4.736921229178896e-15
9.22575	1.6864781084320298e-15
9.2305	5.896933605684798e-16
9.23525	2.025036019800271e-16
9.24	6.829678364893e-17
9.24475	2.2621882135959956e-17
9.2495	7.358989844603515e-18
9.254249999999999	2.351086763889715e-18
9.259	7.377005278111328e-19
9.26375	2.2732778417134183e-19
9.2685	6.879960734291662e-20
9.273249999999999	2.0449411853881934e-20
9.278	5.969565068389494e-21
9.28275	1.711782458037797e-21
9.2875	4.8334638431982045e-22
9.29225	1.3888191487136268e-22
9.297	5.727879225645654e-23
9.30175	8.722230764196738e-23
9.3065	2.827237131970294e-22
9.31125	9.946550890359813e-22
9.315999999999999	3.463359336908314e-21
9.32075	1.1850262398336733e-20
9.3255	3.982328608479713e-20
9.33025	1.3143423168485268e-19
9.334999999999999	4.2603076860819077e-19
9.33975	1.3562333886637529e-18
9.3445	4.240224814616203e-18
9.34925	1.3019800188364362e-17
9.354	3.926275227342731e-17
9.35875	1.1628351339001057e-16
9.3635	3.382334339677631e-16
9.36825	9.662197474226064e-16
9.373	2.7107924555405898e-15
9.377749999999999	7.469260596381191e-15
9.3825	2.02124956798037e-14
9.38725	5.371842277759028e-14
9.392	1.402127639072133e-13
9.396749999999999	3.5942876638235434e-13
9.4015	9.048968969288302e-13
9.40625	2.2374139944246784e-12
9.411	5.433186162830118e-12
9.41575	1.2957577241186987e-11
9.4205	3.0349672667203974e-11
9.42525	6.981443071601049e-11
9.43	1.5772385206983214e-10
9.43475	3.4995365526310197e-10
9.439499999999999	7.62578712133951e-10
9.44425	1.631998688946568e-09
9.449	3.4301721629564164e-09
9.45375	7.0806481717675665e-09
9.458499999999999	1.4354600069913956e-08
9.46325	2.858052246713322e-08
9.468	5.58869250122312e-08
9.47275	1.0732755856075437e-07
9.4775	2.0242925210884168e-07
9.48225	3.749697864283192e-07
9.487	6.821505990583162e-07
9.49175	1.2187797755083033e-06
9.4965	2.1386080515817823e-06
9.50125	3.685514640938329e-06
9.506	6.237722764689792e-06
9.51075	1.0368477297800443e-05
9.5155	1.6926410849273626e-05
9.520249999999999	2.7137870131247387e-05
9.525	4.2731449621118746e-05
9.52975	6.608158891303763e-05
9.5345	0.00010036315664457456
9.53925	0.00014970252737531734
9.544	0.00021930318399463453
9.54875	0.0003155162462188965
9.5535	0.0004458199514524214
9.55825	0.0006186688626524539
9.563	0.0008431755445450303
9.56775	0.0011285965788605321
9.5725	0.0014836123563658618
9.57725	0.0019154161222390673
9.581999999999999	0.002428660559348332
9.58675	0.0030243460770427153
9.5915	0.003698768384694904
9.59625	0.004442667104177051
9.600999999999999	0.005240725249954823
9.60575	0.006071555880666748
9.6105	0.006908274494496218
9.61525	0.0077196953068685925
9.62	0.008472112567673737
9.62475	0.009131544932438406
9.6295	0.009666244763740546
9.63425	0.01004921875070888
9.639	0.010260482800716965
9.643749999999999	0.010288789405276737
9.6485	0.01013261972344216
9.65325	0.009800318598857494
9.658	0.009309355807031013
9.662749999999999	0.008684804550986072
9.6675	0.007957221612221246
9.67225	0.007160178388345399
9.677	0.0063277194528851026
9.68175	0.005492013221071542
9.6865	0.0046814125683674905
9.69125	0.003919072016276461
9.696	0.003222185626316052
9.70075	0.0026018296139869125
9.705499999999999	0.002063327343912908
9.71025	0.0016070093342547287
9.715	0.001229220090161499
9.71975	0.0009234255454247302
9.724499999999999	0.0006812948469649356
9.72925	0.0004936615565613045
9.734	0.00035130513426931046
9.73875	0.00024552779880174377
9.7435	0.00016853023573804303
9.74825	0.00011360984593033044
9.753	7.521684248982884e-05
9.75775	4.890747158566263e-05
9.7625	3.123174948834856e-05
9.76725	1.958747309403799e-05
9.772	1.2064839705609973e-05
9.77675	7.298370673527957e-06
9.7815	4.336029125466437e-06
9.786249999999999	2.5300153566294007e-06
9.791	1.4498728277688553e-06
9.79575	8.161250998664033e-07
9.8005	4.514194769360285e-07
9.80525	2.457558579983748e-07
9.81	1.325268386079288e-07
9.81475	7.254131460988536e-08
9.8195	4.377228720293828e-08
9.82425	3.515049123981032e-08
9.829	4.3264126261675136e-08
9.83375	7.13071234321875e-08
9.8385	1.3005642398630632e-07
9.84325	2.4107987421861524e-07
9.847999999999999	4.4281263902174474e-07
9.85275	8.006193835219318e-07
9.8575	1.4224959763839502e-06
9.86225	2.4826473786562717e-06
9.866999999999999	4.255759488251441e-06
9.87175	7.165263791740835e-06
9.8765	1.1849117708925194e-05
9.88125	1.9246375664036474e-05
9.886	3.070685217207987e-05
9.89075	4.812422995018233e-05
9.8955	7.408987625414246e-05
9.90025	0.00011206042142224508
9.905	0.00016652716344173744
9.909749999999999	0.00024317036673905367
9.9145	0.00034897780676420464
9.91925	0.0004923062360016585
9.924	0.0006828688585906114
9.928749999999999	0.0009316433369335258
9.9335	0.0012507145402221689
9.93825	0.0016530939427647296
9.943	0.002152590813167696
9.94775	0.002763843806706202
9.9525	0.003502647031294581
9.95725	0.004386711477214223
9.962	0.005436979367856184
9.96675	0.006679545517780088
9.971499999999999	0.008148130859766177
9.97625	0.009886901645256876
9.981	0.011953247018178865
9.98575	0.014419943512924827
9.990499999999999	0.01737598450599931
9.99525	0.02092527979789623
