1.557755372994158272e+01
1.755052325818615361e-03
1.082079926393242526e-02
3.433208940771390744e-02
1.160570403999647660e+01
3.260216804169517460e-04
6.963490639514204050e-02
7.412348388457809349e-04
8.760991749846162857e-02
1.332688514219246799e-02
2.371241284775107636e-02
7.801620569770276070e+00
4.876566893113527291e-03
1.394545073415620444e-02
4.711244474792107388e-03
8.649064543848355600e-04
2.214187511918525725e-02
2.259217791463181881e-03
1.208781866617059065e-03
5.607093778491969438e-01
1.787390887497335851e-02
6.058794578122435499e-04
7.181668930981606469e-03
1.549787999909144620e+00
1.911609215709024479e-02
9.871709844153737576e-03
5.888070475536716364e-03
3.378004120069462435e-02
4.393785762556523013e-03
8.311144806340992367e-04
1.397726208833643610e-02
3.484277235506143267e-02
1.666902059351049292e+00
6.593052096804888351e-02
2.875861718844165138e-03
1.352461189399333137e-02
4.275190532012797945e-02
6.786904076788610914e-03
3.694438117040735369e-04
2.778143491740359572e+00
5.841423288552079034e-03
1.499041694015300526e-03
4.083072671129745479e-01
9.015295296216028695e-03
2.498346078160281980e+00
2.090720297956826304e-02
2.876659744357523696e-03
9.182738538193929712e-03
1.278557436901466948e+00
1.841530419289361342e+00
5.899166725914852492e-03
7.082806183962377100e-03
1.974978744710576342e-02
6.096812098492818827e-02
5.054796227228841067e-03
6.104223578445425735e-01
3.922343320538140832e-02
2.648030962150791812e+00
5.083698166779532235e-03
4.978208767071568008e-02
4.675422850942577077e-03
6.735634363411965343e-03
2.074170048887189182e-03
2.518939395138865625e-02
2.104764493186098845e-02
5.546402838152397763e-02
2.785102479542191478e+00
1.238425607110425937e-02
1.083172301884051695e-03
8.998266951735323788e-03
4.665058053634075358e-02
1.280990933347675165e-01
3.276260075605882949e-02
3.144979465392872247e-03
1.532592438647933486e+00
2.085395437824267076e-02
1.011541231220229511e-03
2.277516260710824719e-02
1.330134950320168707e+00
2.699880105307223867e-03
2.214489558141276682e+00
4.006305274518163345e-02
8.056581069024732270e-03
3.525380278481959548e-03
3.196602158665222231e-03
1.468661164315652190e+00
1.476426999452429799e-02
6.378099315833697224e-04
3.566007228592159295e-02
1.755718612410704038e+00
5.266248053658512118e-02
1.519618562398790569e-02
1.431563315947958354e-02
1.245797880839173526e-02
3.863630841706826909e-03
4.585747761176702658e-03
1.365271986874823096e+00
5.634717867802762833e-03
2.054960795861762030e-02
7.374740078585040326e-01
5.554232149611741491e-03
