   1    1   0.00000    0.99960    10.00 100.00     -0.00000  -0.00000  -0.00000 
   2    2   0.00100    2.50040    10.00 100.00      0.00000  -0.12730  -0.00000 
   3    3   0.01700    2.58610    10.00 100.00     -0.00000  -0.00000   0.51730 
   4    4   0.00030    2.77570    10.00 100.00     -0.06340  -0.00000  -0.00000 
   5    5   0.00480    3.39640    10.00 100.00      0.23900   0.00000   0.00000 
   6    6   0.00000    6.65330    10.00 100.00     -0.00000   0.00000   0.00000 
   7    7   0.00270    6.79030    10.00 100.00      0.00000  -0.12760  -0.00000 
   8    8   0.05850    7.01960    10.00 100.00     -0.58340  -0.00000   0.00000 
   9    9   0.07650    7.93480    10.00 100.00     -0.00000  -0.00000  -0.62730 
  10   10   0.00000    8.18710    10.00 100.00      0.00000  -0.00000  -0.00000 
  11   11   0.04090    8.37410    10.00 100.00      0.00000  -0.44660   0.00000 
  12   12   0.57720    8.40810    10.00 100.00     -0.00000  -0.00000  -1.67390 
  13   13   0.00000    8.52670    10.00 100.00     -0.00000   0.00000  -0.00000 
  14   14   0.05070    8.67820    10.00 100.00     -0.48840  -0.00000   0.00000 
  15   15   0.00690    8.79970    10.00 100.00      0.00000  -0.00000  -0.17950 
  16   16   0.00100    8.99900    10.00 100.00     -0.00000   0.06730  -0.00000 
  17   17   0.05260    9.21500    10.00 100.00      0.00000   0.00000  -0.48260 
  18   18   0.01130    9.90480    10.00 100.00      0.00000  -0.21540   0.00000 
  19   19   0.05130   10.10680    10.00 100.00     -0.45520   0.00000   0.00000 
  20   20   0.01220   10.20960    10.00 100.00     -0.00000  -0.22100  -0.00000 
  21   21   0.00000   10.28170    10.00 100.00      0.00000  -0.00000   0.00000 
  22   22   0.13620   10.51400    10.00 100.00     -0.00000  -0.00000  -0.72720 
  23   23   0.00050   10.76770    10.00 100.00     -0.04340  -0.00000   0.00000 
  24   24   0.28630   11.27870    10.00 100.00     -0.00000  -0.00000   1.01780 
  25   25   0.00600   11.35710    10.00 100.00     -0.00000  -0.14720  -0.00000 
  26   26   0.00030   11.79010    10.00 100.00      0.03360  -0.00000  -0.00000 
  27   27   0.00000   11.88700    10.00 100.00     -0.00000   0.00000   0.00000 
  28   28   0.04620   12.14160    10.00 100.00     -0.00000  -0.00000   0.39400 
  29   29   0.10210   12.19400    10.00 100.00     -0.00000  -0.58470  -0.00000 
  30   30   0.10410   12.51920    10.00 100.00      0.00000  -0.58250  -0.00000 
state state   Osc.      E(eV)      dum   dum        TrDx      TrDy       TrDz 
