   1    1   0.00000    1.34270    10.00 100.00     -0.00000   0.00000   0.00000 
   2    2   0.03430    3.53170    10.00 100.00     -0.00000  -0.00000   0.62970 
   3    3   0.00300    3.93340    10.00 100.00     -0.00000  -0.17690  -0.00000 
   4    4   0.00040    4.00320    10.00 100.00      0.06630  -0.00000   0.00000 
   5    5   0.00700    4.73560    10.00 100.00     -0.24610  -0.00000   0.00000 
   6    6   0.00190    6.89310    10.00 100.00      0.00000  -0.10670   0.00000 
   7    7   0.00000    6.94810    10.00 100.00      0.00000   0.00000  -0.00000 
   8    8   0.06900    7.40320    10.00 100.00     -0.61670  -0.00000   0.00000 
   9    9   0.01760    8.00840    10.00 100.00     -0.00000  -0.00000  -0.29930 
  10   10   0.00000    8.50390    10.00 100.00     -0.00000   0.00000  -0.00000 
  11   11   0.03600    8.51940    10.00 100.00      0.00000  -0.41530   0.00000 
  12   12   0.00000    8.57350    10.00 100.00     -0.00000  -0.00000  -0.00000 
  13   13   0.15520    9.06510    10.00 100.00      0.00000  -0.00000   0.83600 
  14   14   0.03770    9.09270    10.00 100.00     -0.41140  -0.00000   0.00000 
  15   15   0.25260    9.27780    10.00 100.00     -0.00000   0.00000  -1.05420 
  16   16   0.07010    9.84510    10.00 100.00     -0.00000   0.00000  -0.53910 
  17   17   0.00960   10.01710    10.00 100.00      0.00000  -0.19740  -0.00000 
  18   18   0.01050   10.12850    10.00 100.00     -0.00000   0.20580   0.00000 
  19   19   0.04990   10.49380    10.00 100.00     -0.44060  -0.00000   0.00000 
  20   20   0.01420   10.75890    10.00 100.00     -0.00000  -0.23200   0.00000 
  21   21   0.00000   10.75910    10.00 100.00      0.00000   0.00000   0.00000 
  22   22   0.22030   10.88880    10.00 100.00      0.00000  -0.00000  -0.90880 
  23   23   0.00170   11.30640    10.00 100.00     -0.07820   0.00000  -0.00000 
  24   24   0.00300   11.49280    10.00 100.00     -0.00000  -0.10350  -0.00000 
  25   25   0.00000   12.03550    10.00 100.00     -0.00000   0.00000  -0.00000 
  26   26   0.37560   12.06120    10.00 100.00      0.00000   0.00000   1.12740 
  27   27   0.00210   12.19900    10.00 100.00      0.08310   0.00000  -0.00000 
  28   28   0.13830   12.20640    10.00 100.00      0.00000  -0.68000   0.00000 
  29   29   0.03550   12.75020    10.00 100.00     -0.00000   0.00000   0.33730 
  30   30   0.10410   12.91620    10.00 100.00      0.00000   0.00000  -0.57350 
state state   Osc.      E(eV)      dum   dum        TrDx      TrDy       TrDz 
