0.5	0.0
0.50475	0.0
0.5095	0.0
0.51425	0.0
0.519	0.0
0.52375	0.0
0.5285	0.0
0.53325	0.0
0.538	0.0
0.54275	0.0
0.5475	0.0
0.55225	0.0
0.5569999999999999	0.0
0.56175	0.0
0.5665	0.0
0.57125	0.0
0.576	0.0
0.58075	0.0
0.5855	0.0
0.5902499999999999	0.0
0.595	0.0
0.59975	0.0
0.6045	0.0
0.60925	0.0
0.614	0.0
0.61875	0.0
0.6234999999999999	0.0
0.62825	0.0
0.633	0.0
0.63775	0.0
0.6425	0.0
0.64725	0.0
0.652	0.0
0.65675	0.0
0.6615	0.0
0.66625	0.0
0.671	0.0
0.67575	0.0
0.6805	0.0
0.68525	0.0
0.69	0.0
0.69475	0.0
0.6995	0.0
0.70425	0.0
0.709	0.0
0.71375	0.0
0.7185	0.0
0.72325	0.0
0.728	0.0
0.73275	0.0
0.7375	0.0
0.74225	0.0
0.747	0.0
0.7517499999999999	0.0
0.7565	0.0
0.76125	0.0
0.766	0.0
0.77075	0.0
0.7755	0.0
0.78025	0.0
0.7849999999999999	0.0
0.78975	0.0
0.7945	0.0
0.79925	0.0
0.804	0.0
0.80875	0.0
0.8135	0.0
0.8182499999999999	0.0
0.823	0.0
0.82775	0.0
0.8325	0.0
0.83725	0.0
0.842	0.0
0.84675	0.0
0.8514999999999999	0.0
0.85625	0.0
0.861	0.0
0.86575	0.0
0.8705	0.0
0.87525	0.0
0.88	0.0
0.8847499999999999	0.0
0.8895	0.0
0.89425	0.0
0.899	0.0
0.90375	0.0
0.9085	0.0
0.91325	0.0
0.9179999999999999	0.0
0.92275	0.0
0.9275	0.0
0.93225	0.0
0.937	0.0
0.94175	0.0
0.9465	0.0
0.9512499999999999	0.0
0.956	0.0
0.96075	0.0
0.9655	0.0
0.9702500000000001	0.0
0.975	0.0
0.97975	0.0
0.9844999999999999	0.0
0.98925	0.0
0.994	0.0
0.99875	0.0
1.0034999999999998	0.0
1.0082499999999999	0.0
1.013	0.0
1.01775	0.0
1.0225	0.0
1.02725	0.0
1.032	0.0
1.03675	0.0
1.0415	0.0
1.0462500000000001	0.0
1.051	0.0
1.05575	0.0
1.0605	0.0
1.06525	0.0
1.0699999999999998	0.0
1.0747499999999999	0.0
1.0795	0.0
1.08425	0.0
1.089	0.0
1.09375	0.0
1.0985	0.0
1.10325	0.0
1.108	0.0
1.1127500000000001	0.0
1.1175	0.0
1.12225	0.0
1.127	0.0
1.13175	0.0
1.1364999999999998	0.0
1.1412499999999999	0.0
1.146	0.0
1.15075	0.0
1.1555	0.0
1.16025	0.0
1.165	0.0
1.16975	0.0
1.1745	0.0
1.1792500000000001	0.0
1.184	0.0
1.18875	0.0
1.1935	0.0
1.19825	0.0
1.2029999999999998	0.0
1.2077499999999999	0.0
1.2125	0.0
1.21725	0.0
1.222	0.0
1.22675	0.0
1.2315	0.0
1.23625	0.0
1.241	0.0
1.2457500000000001	0.0
1.2505	0.0
1.25525	0.0
1.26	0.0
1.2647499999999998	0.0
1.2694999999999999	0.0
1.2742499999999999	0.0
1.279	0.0
1.28375	0.0
1.2885	0.0
1.29325	0.0
1.298	0.0
1.30275	0.0
1.3075	0.0
1.3122500000000001	0.0
1.317	0.0
1.32175	0.0
1.3265	0.0
1.3312499999999998	0.0
1.3359999999999999	0.0
1.3407499999999999	0.0
1.3455	0.0
1.35025	0.0
1.355	0.0
1.35975	0.0
1.3645	0.0
1.36925	0.0
1.374	0.0
1.3787500000000001	0.0
1.3835	0.0
1.38825	0.0
1.393	0.0
1.3977499999999998	0.0
1.4024999999999999	0.0
1.40725	0.0
1.412	0.0
1.41675	0.0
1.4215	0.0
1.42625	0.0
1.431	0.0
1.43575	0.0
1.4405000000000001	0.0
1.44525	0.0
1.45	0.0
1.45475	0.0
1.4595	0.0
1.4642499999999998	0.0
1.4689999999999999	0.0
1.47375	0.0
1.4785	0.0
1.48325	0.0
1.488	0.0
1.49275	0.0
1.4975	0.0
1.50225	0.0
1.507	0.0
1.51175	0.0
1.5165	0.0
1.52125	0.0
1.526	0.0
1.53075	0.0
1.5354999999999999	0.0
1.54025	0.0
1.545	0.0
1.54975	0.0
1.5545	0.0
1.55925	0.0
1.564	0.0
1.5687499999999999	0.0
1.5735	0.0
1.57825	0.0
1.583	0.0
1.58775	0.0
1.5925	0.0
1.59725	0.0
1.6019999999999999	0.0
1.60675	0.0
1.6115	0.0
1.61625	0.0
1.621	0.0
1.62575	0.0
1.6305	0.0
1.6352499999999999	0.0
1.64	0.0
1.64475	0.0
1.6495	0.0
1.65425	0.0
1.659	0.0
1.66375	0.0
1.6684999999999999	0.0
1.67325	0.0
1.678	0.0
1.68275	0.0
1.6875	0.0
1.69225	0.0
1.697	0.0
1.7017499999999999	0.0
1.7065	0.0
1.71125	0.0
1.716	0.0
1.72075	0.0
1.7255	0.0
1.73025	0.0
1.7349999999999999	0.0
1.73975	0.0
1.7445	0.0
1.74925	0.0
1.754	0.0
1.75875	0.0
1.7635	0.0
1.7682499999999999	0.0
1.773	0.0
1.77775	0.0
1.7825	0.0
1.78725	0.0
1.792	0.0
1.79675	0.0
1.8014999999999999	0.0
1.80625	0.0
1.811	0.0
1.81575	0.0
1.8205	0.0
1.82525	0.0
1.83	0.0
1.8347499999999999	0.0
1.8395	0.0
1.84425	0.0
1.849	0.0
1.85375	0.0
1.8585	0.0
1.86325	0.0
1.8679999999999999	0.0
1.87275	0.0
1.8775	0.0
1.88225	0.0
1.887	0.0
1.89175	0.0
1.8965	0.0
1.9012499999999999	0.0
1.906	0.0
1.91075	0.0
1.9155	0.0
1.92025	0.0
1.925	0.0
1.9297499999999999	0.0
1.9344999999999999	0.0
1.93925	0.0
1.944	0.0
1.94875	0.0
1.9535	0.0
1.95825	0.0
1.9629999999999999	0.0
1.9677499999999999	0.0
1.9725	0.0
1.97725	0.0
1.982	0.0
1.98675	0.0
1.9915	0.0
1.9962499999999999	0.0
2.001	0.0
2.00575	0.0
2.0105	0.0
2.01525	0.0
2.02	0.0
2.02475	0.0
2.0294999999999996	0.0
2.03425	0.0
2.0389999999999997	0.0
2.04375	0.0
2.0484999999999998	0.0
2.0532500000000002	0.0
2.058	0.0
2.06275	0.0
2.0675	0.0
2.07225	0.0
2.077	0.0
2.08175	0.0
2.0865	0.0
2.09125	0.0
2.096	0.0
2.1007499999999997	0.0
2.1055	0.0
2.1102499999999997	0.0
2.115	0.0
2.11975	0.0
2.1245000000000003	0.0
2.12925	0.0
2.134	0.0
2.13875	0.0
2.1435	0.0
2.14825	0.0
2.153	0.0
2.15775	0.0
2.1624999999999996	0.0
2.16725	0.0
2.1719999999999997	0.0
2.17675	0.0
2.1814999999999998	0.0
2.1862500000000002	0.0
2.191	0.0
2.19575	0.0
2.2005	0.0
2.20525	0.0
2.21	0.0
2.21475	0.0
2.2195	0.0
2.22425	0.0
2.229	0.0
2.2337499999999997	0.0
2.2385	0.0
2.2432499999999997	0.0
2.248	0.0
2.25275	0.0
2.2575000000000003	0.0
2.26225	0.0
2.267	0.0
2.27175	0.0
2.2765	0.0
2.28125	0.0
2.286	0.0
2.29075	0.0
2.2954999999999997	0.0
2.30025	0.0
2.3049999999999997	0.0
2.30975	0.0
2.3145	0.0
2.3192500000000003	0.0
2.324	0.0
2.32875	0.0
2.3335	0.0
2.33825	0.0
2.343	0.0
2.34775	0.0
2.3525	0.0
2.3572499999999996	0.0
2.362	0.0
2.3667499999999997	0.0
2.3715	0.0
2.3762499999999998	0.0
2.3810000000000002	0.0
2.38575	0.0
2.3905	0.0
2.39525	0.0
2.4	0.0
2.40475	0.0
2.4095	0.0
2.41425	0.0
2.419	0.0
2.42375	0.0
2.4284999999999997	0.0
2.43325	0.0
2.4379999999999997	0.0
2.44275	0.0
2.4475	0.0
2.4522500000000003	0.0
2.457	0.0
2.46175	0.0
2.4665	0.0
2.47125	0.0
2.476	0.0
2.48075	0.0
2.4855	0.0
2.4902499999999996	0.0
2.495	0.0
2.4997499999999997	0.0
2.5045	0.0
2.5092499999999998	0.0
2.514	0.0
2.51875	0.0
2.5235	0.0
2.52825	0.0
2.533	0.0
2.53775	0.0
2.5425	0.0
2.54725	0.0
2.552	0.0
2.55675	0.0
2.5615	0.0
2.56625	0.0
2.5709999999999997	0.0
2.5757499999999998	0.0
2.5805	0.0
2.58525	0.0
2.59	0.0
2.59475	0.0
2.5995	0.0
2.60425	0.0
2.609	0.0
2.61375	0.0
2.6185	0.0
2.62325	0.0
2.628	0.0
2.63275	0.0
2.6374999999999997	0.0
2.6422499999999998	0.0
2.647	0.0
2.65175	0.0
2.6565	0.0
2.66125	0.0
2.666	0.0
2.67075	0.0
2.6755	0.0
2.68025	0.0
2.685	0.0
2.68975	0.0
2.6945	0.0
2.69925	0.0
2.7039999999999997	0.0
2.7087499999999998	0.0
2.7135	0.0
2.71825	0.0
2.723	0.0
2.72775	0.0
2.7325	0.0
2.73725	0.0
2.742	0.0
2.74675	0.0
2.7515	0.0
2.75625	0.0
2.761	0.0
2.76575	0.0
2.7704999999999997	0.0
2.7752499999999998	0.0
2.78	0.0
2.78475	0.0
2.7895	0.0
2.79425	0.0
2.799	0.0
2.80375	0.0
2.8085	0.0
2.81325	0.0
2.818	0.0
2.82275	0.0
2.8275	0.0
2.83225	0.0
2.8369999999999997	0.0
2.8417499999999998	0.0
2.8465	0.0
2.85125	0.0
2.856	0.0
2.86075	0.0
2.8655	0.0
2.87025	0.0
2.875	0.0
2.87975	0.0
2.8845	0.0
2.88925	0.0
2.894	0.0
2.89875	0.0
2.9034999999999997	0.0
2.90825	0.0
2.913	0.0
2.91775	0.0
2.9225	0.0
2.92725	0.0
2.932	0.0
2.93675	0.0
2.9415	0.0
2.94625	0.0
2.951	0.0
2.95575	0.0
2.9605	0.0
2.9652499999999997	0.0
2.9699999999999998	0.0
2.97475	0.0
2.9795	0.0
2.98425	0.0
2.989	0.0
2.99375	0.0
2.9985	0.0
3.00325	0.0
3.008	0.0
3.01275	0.0
3.0175	0.0
3.02225	0.0
3.027	0.0
3.0317499999999997	0.0
3.0364999999999998	0.0
3.04125	0.0
3.046	0.0
3.05075	0.0
3.0555	0.0
3.06025	0.0
3.065	0.0
3.06975	0.0
3.0745	0.0
3.07925	0.0
3.084	0.0
3.08875	0.0
3.0935	0.0
3.0982499999999997	0.0
3.1029999999999998	0.0
3.10775	0.0
3.1125	0.0
3.11725	0.0
3.122	0.0
3.12675	0.0
3.1315	0.0
3.13625	0.0
3.141	0.0
3.14575	0.0
3.1505	0.0
3.15525	0.0
3.16	0.0
3.1647499999999997	0.0
3.1694999999999998	0.0
3.17425	0.0
3.179	0.0
3.18375	0.0
3.1885	0.0
3.19325	0.0
3.198	0.0
3.20275	0.0
3.2075	0.0
3.21225	0.0
3.217	0.0
3.22175	0.0
3.2265	0.0
3.2312499999999997	0.0
3.2359999999999998	0.0
3.24075	0.0
3.2455	0.0
3.25025	0.0
3.255	0.0
3.25975	0.0
3.2645	0.0
3.26925	0.0
3.274	0.0
3.27875	0.0
3.2835	0.0
3.28825	0.0
3.293	0.0
3.2977499999999997	0.0
3.3024999999999998	0.0
3.30725	0.0
3.312	0.0
3.31675	0.0
3.3215	0.0
3.32625	0.0
3.331	0.0
3.33575	0.0
3.3405	0.0
3.34525	0.0
3.35	0.0
3.35475	0.0
3.3594999999999997	0.0
3.3642499999999997	0.0
3.3689999999999998	0.0
3.37375	0.0
3.3785	0.0
3.38325	0.0
3.388	0.0
3.39275	0.0
3.3975	0.0
3.40225	0.0
3.407	0.0
3.41175	0.0
3.4165	0.0
3.42125	0.0
3.4259999999999997	0.0
3.4307499999999997	0.0
3.4354999999999998	0.0
3.44025	0.0
3.445	0.0
3.44975	0.0
3.4545	0.0
3.45925	0.0
3.464	0.0
3.46875	0.0
3.4735	0.0
3.47825	0.0
3.483	0.0
3.48775	0.0
3.4924999999999997	0.0
3.4972499999999997	0.0
3.502	0.0
3.50675	0.0
3.5115	0.0
3.51625	0.0
3.521	0.0
3.52575	0.0
3.5305	0.0
3.53525	0.0
3.54	0.0
3.54475	0.0
3.5495	0.0
3.55425	0.0
3.5589999999999997	0.0
3.5637499999999998	0.0
3.5685	0.0
3.57325	0.0
3.578	0.0
3.58275	0.0
3.5875	0.0
3.59225	0.0
3.597	0.0
3.60175	0.0
3.6065	0.0
3.61125	0.0
3.616	0.0
3.62075	0.0
3.6254999999999997	0.0
3.6302499999999998	0.0
3.635	0.0
3.63975	0.0
3.6445	0.0
3.64925	0.0
3.654	0.0
3.65875	0.0
3.6635	0.0
3.66825	0.0
3.673	0.0
3.67775	0.0
3.6825	0.0
3.68725	0.0
3.6919999999999997	0.0
3.6967499999999998	0.0
3.7015	0.0
3.70625	0.0
3.711	0.0
3.71575	0.0
3.7205	0.0
3.72525	0.0
3.73	0.0
3.73475	0.0
3.7395	0.0
3.74425	0.0
3.749	0.0
3.7537499999999997	0.0
3.7584999999999997	0.0
3.7632499999999998	0.0
3.768	0.0
3.77275	0.0
3.7775	0.0
3.78225	0.0
3.787	0.0
3.79175	0.0
3.7965	0.0
3.80125	0.0
3.806	0.0
3.81075	0.0
3.8155	0.0
3.8202499999999997	0.0
3.8249999999999997	0.0
3.8297499999999998	0.0
3.8345	0.0
3.83925	0.0
3.844	0.0
3.84875	0.0
3.8535	0.0
3.85825	0.0
3.863	0.0
3.86775	0.0
3.8725	0.0
3.87725	0.0
3.882	0.0
3.8867499999999997	0.0
3.8914999999999997	0.0
3.8962499999999998	0.0
3.901	0.0
3.90575	0.0
3.9105	0.0
3.91525	0.0
3.92	0.0
3.92475	0.0
3.9295	0.0
3.93425	0.0
3.939	0.0
3.94375	0.0
3.9485	0.0
3.9532499999999997	0.0
3.9579999999999997	0.0
3.9627499999999998	0.0
3.9675	0.0
3.97225	0.0
3.977	0.0
3.98175	0.0
3.9865	0.0
3.99125	0.0
3.996	0.0
4.00075	0.0
4.0055	0.0
4.01025	0.0
4.015000000000001	0.0
4.01975	0.0
4.0245	0.0
4.029249999999999	0.0
4.034	0.0
4.03875	0.0
4.0435	0.0
4.0482499999999995	0.0
4.053	0.0
4.05775	0.0
4.0625	0.0
4.06725	0.0
4.072	0.0
4.0767500000000005	0.0
4.0815	0.0
4.08625	0.0
4.090999999999999	0.0
4.09575	0.0
4.1005	0.0
4.10525	0.0
4.109999999999999	0.0
4.11475	0.0
4.1195	0.0
4.12425	0.0
4.129	0.0
4.13375	0.0
4.1385000000000005	0.0
4.14325	0.0
4.148	0.0
4.152749999999999	0.0
4.1575	0.0
4.16225	0.0
4.167	0.0
4.171749999999999	0.0
4.1765	0.0
4.18125	0.0
4.186	0.0
4.1907499999999995	0.0
4.1955	0.0
4.2002500000000005	0.0
4.205	0.0
4.20975	0.0
4.214499999999999	0.0
4.21925	0.0
4.224	0.0
4.22875	0.0
4.233499999999999	0.0
4.23825	0.0
4.243	0.0
4.24775	0.0
4.2524999999999995	3e-323
4.25725	5.35e-321
4.2620000000000005	9.15326e-319
4.26675	1.538408e-316
4.2715	2.539387549e-314
4.27625	4.11668300616e-312
4.281	6.5543080926946e-310
4.28575	1.0248664162991037e-307
4.2905	1.573869273005245e-305
4.295249999999999	2.373728454551732e-303
4.3	3.516044796754728e-301
4.30475	5.114918852087155e-299
4.3095	7.307756721305686e-297
4.3142499999999995	1.0253931188144626e-294
4.319	1.4130505579342304e-292
4.32375	1.9124319370923222e-290
4.3285	2.541998319436221e-288
4.33325	3.3183753994870413e-286
4.338	4.254384676383323e-284
4.3427500000000006	5.356843774939394e-282
4.3475	6.624333530858493e-280
4.35225	8.045191483441553e-278
4.356999999999999	9.59602927496064e-276
4.36175	1.1241071956701433e-273
4.3665	1.2932571139916327e-271
4.37125	1.461244901644998e-269
4.3759999999999994	1.6215193154353845e-267
4.38075	1.76718586185824e-265
4.3855	1.8914868006040828e-263
4.39025	1.9883159035351808e-261
4.395	2.0527139893615367e-259
4.39975	2.0812894485661124e-257
4.4045000000000005	2.0725141652086054e-255
4.40925	2.026858904198104e-253
4.414	1.9467514705625066e-251
4.418749999999999	1.836362816006993e-249
4.4235	1.7012473186768225e-247
4.42825	1.5478804026371605e-245
4.433	1.3831469850750652e-243
4.437749999999999	1.2138366652130675e-241
4.4425	1.0461962368102268e-239
4.44725	8.855784505500795e-238
4.452	7.362103370575144e-236
4.4567499999999995	6.010875969778689e-234
4.4615	4.819862033905466e-232
4.4662500000000005	3.7957048240642673e-230
4.471	2.935697082827509e-228
4.47575	2.2299289991458536e-226
4.480499999999999	1.663534507257101e-224
4.48525	1.2188031760891728e-222
4.49	8.769934003045191e-221
4.49475	6.197550262745464e-219
4.499499999999999	4.301349923245257e-217
4.50425	2.9319089307335443e-215
4.509	1.9627146433377426e-213
4.51375	1.2904014236704443e-211
4.5184999999999995	8.33208111002773e-210
4.52325	5.28376056341927e-208
4.528	3.2907413907929916e-206
4.53275	2.0128219650504774e-204
4.5375	1.2091438100679218e-202
4.54225	7.133645693193474e-201
4.547	4.133387278790225e-199
4.55175	2.352131760740316e-197
4.5565	1.3145532357174106e-195
4.56125	7.215321637311092e-194
4.566	3.889503771086091e-192
4.57075	2.0591770202227663e-190
4.5755	1.0706663506349678e-188
4.5802499999999995	5.467334040276125e-187
4.585	2.7419406421593593e-185
4.5897499999999996	1.3505214096765915e-183
4.5945	6.532898075677924e-182
4.59925	3.1036395409020605e-180
4.604	1.4480970023649537e-178
4.60875	6.6356736295102915e-177
4.6135	2.98629952337516e-175
4.61825	1.319905069983211e-173
4.623	5.729451055696066e-172
4.62775	2.4425547942328752e-170
4.6325	1.0226725547135884e-168
4.63725	4.2052311381453895e-167
4.6419999999999995	1.6982597892352564e-165
4.64675	6.735647739626251e-164
4.6514999999999995	2.6237085509686025e-162
4.65625	1.0037205123976503e-160
4.661	3.771125565604591e-159
4.66575	1.3915223023676195e-157
4.6705	5.042783626352089e-156
4.67525	1.7947810745197835e-154
4.68	6.273553606246491e-153
4.68475	2.1536579563003178e-151
4.6895	7.261073467689558e-150
4.69425	2.4042848327174813e-148
4.699	7.818653863231275e-147
4.70375	2.4971178666807776e-145
4.7085	7.832620438625865e-144
4.7132499999999995	2.412882122699854e-142
4.718	7.300054701799388e-141
4.72275	2.1690876807565013e-139
4.7275	6.32978684960746e-138
4.73225	1.8141034460455806e-136
4.737	5.106178533083549e-135
4.74175	1.4115326467627028e-133
4.7465	3.832188326231013e-132
4.75125	1.0217949325734938e-130
4.756	2.6757259470227003e-129
4.76075	6.881458581499726e-128
4.7655	1.7381223938692228e-126
4.77025	4.3116271144151576e-125
4.7749999999999995	1.0504200876465355e-123
4.77975	2.513308655750227e-122
4.7844999999999995	5.90594801750952e-121
4.78925	1.3629954243349764e-119
4.794	3.0893005394868484e-118
4.79875	6.876808129760183e-117
4.8035	1.5034003216025466e-115
4.80825	3.2279244020181193e-114
4.813	6.806644297420834e-113
4.81775	1.4096254794584834e-111
4.8225	2.867050952222419e-110
4.82725	5.727011639007841e-109
4.832	1.1235223208889583e-107
4.83675	2.1646930794832342e-106
4.8415	4.09611307573891e-105
4.8462499999999995	7.612170901286493e-104
4.851	1.3893322204397905e-102
4.85575	2.4903745522666663e-101
4.8605	4.3841380066424633e-100
4.86525	7.579922200181438e-99
4.87	1.2870821404688032e-97
4.87475	2.1463906345515037e-96
4.8795	3.515379775964539e-95
4.88425	5.654532697093214e-94
4.889	8.932688182012332e-93
4.89375	1.3858895278027927e-91
4.8985	2.1117185588143944e-90
4.90325	3.160126333745238e-89
4.9079999999999995	4.644445144103089e-88
4.91275	6.703848871186506e-87
4.9174999999999995	9.50332490002363e-86
4.92225	1.3230855422961507e-84
4.927	1.8090945072613496e-83
4.93175	2.4293806659174178e-82
4.9365	3.203987929511452e-81
4.94125	4.149991013782617e-80
4.946	5.279155152358853e-79
4.95075	6.595423391020044e-78
4.9555	8.092485296637588e-77
4.96025	9.751740646391267e-76
4.965	1.1540997593448443e-74
4.9697499999999994	1.3414223656766097e-73
4.9745	1.5312592328885085e-72
4.9792499999999995	1.7166939720677777e-71
4.984	1.890157651237715e-70
4.98875	2.043921253576604e-69
4.9935	2.17065736087786e-68
4.99825	2.2640153943985663e-67
5.003	2.319147977088546e-66
5.00775	2.333127807425489e-65
5.0125	2.3052051645795362e-64
5.01725	2.236874520077538e-63
5.022	2.1317420194973173e-62
5.02675	1.9952101876289558e-61
5.0315	1.8340182211950868e-60
5.03625	1.6556922776347462e-59
5.0409999999999995	1.4679679874161774e-58
5.04575	1.2782462611824512e-57
5.0504999999999995	1.093134149755317e-56
5.05525	9.181071665953265e-56
5.06	7.573110217513798e-55
5.06475	6.135022533151271e-54
5.0695	4.881114905667533e-53
5.07425	3.814019290784546e-52
5.079	2.926898915896166e-51
5.08375	2.205939243700831e-50
5.0885	1.6328276820034632e-49
5.09325	1.186992969953604e-48
5.098	8.474555411555982e-48
5.1027499999999995	5.942192066622153e-47
5.1075	4.092017018661824e-46
5.1122499999999995	2.767509765124728e-45
5.117	1.838238582677073e-44
5.12175	1.1991557027304715e-43
5.1265	7.682636081976075e-43
5.13125	4.8339920375935306e-42
5.136	2.987188195545401e-41
5.14075	1.812926606444595e-40
5.1455	1.0805847784545927e-39
5.15025	6.325552332710031e-39
5.155	3.636629398151667e-38
5.15975	2.053338838871964e-37
5.1645	1.1386314708992026e-36
5.16925	6.201071360159082e-36
5.1739999999999995	3.316738710927993e-35
5.17875	1.7422752799241686e-34
5.1834999999999996	8.988418282825504e-34
5.18825	4.554185946006314e-33
5.193	2.2662051787440463e-32
5.19775	1.1075126136564396e-31
5.2025	5.315683554994316e-31
5.20725	2.5057084757102307e-30
5.212	1.1600132485190206e-29
5.21675	5.274196925655359e-29
5.2215	2.355107403937875e-28
5.22625	1.0328234238101133e-27
5.231	4.448385583824477e-27
5.2357499999999995	1.8816539433960007e-26
5.2405	7.816963244316819e-26
5.2452499999999995	3.189314661990024e-25
5.25	1.2779611561185198e-24
5.25475	5.0292001784509166e-24
5.2595	1.9437534429295872e-23
5.26425	7.378097899710317e-23
5.269	2.7504809168181223e-22
5.27375	1.0070101390318788e-21
5.2785	3.620929215408186e-21
5.28325	1.2786957194422259e-20
5.288	4.434813616310594e-20
5.29275	1.5105827390048737e-19
5.2975	5.053294951915115e-19
5.30225	1.660220464111361e-18
5.3069999999999995	5.35695332121642e-18
5.31175	1.6975827208695047e-17
5.3165	5.2832968710960607e-17
5.32125	1.6148793003682303e-16
5.326	4.847704128319222e-16
5.33075	1.4292003960405923e-15
5.3355	4.138196745680699e-15
5.34025	1.176766039188761e-14
5.345	3.2864732564054996e-14
5.34975	9.014280402959142e-14
5.3545	2.428247826681059e-13
5.35925	6.424153931426301e-13
5.364	1.6691672431996844e-12
5.3687499999999995	4.259363965628591e-12
5.3735	1.0674576063354387e-11
5.3782499999999995	2.6273474216383668e-11
5.383	6.351047451524602e-11
5.38775	1.5077668657168844e-10
5.3925	3.515475028248539e-10
5.39725	8.049980421399607e-10
5.402	1.8103669622613237e-09
5.40675	3.998521094219962e-09
5.4115	8.67347542011609e-09
5.41625	1.8477699384984308e-08
5.421	3.866015821749903e-08
5.42575	7.944020229996197e-08
5.430499999999999	1.6031643266520816e-07
5.43525	3.177435358359089e-07
5.4399999999999995	6.184952836317814e-07
5.44475	1.1823799184252701e-06
5.4495	2.219926944205242e-06
5.45425	4.0933728476014086e-06
5.459	7.412844859783235e-06
5.46375	1.3184070062071629e-05
5.4685	2.302899990929314e-05
5.47325	3.950587074532269e-05
5.478	6.655936707159743e-05
5.48275	0.00011013306178324005
5.4875	0.0001789728802406775
5.49225	0.00028563914612226253
5.497	0.00044772279839575734
5.5017499999999995	0.0006892260403103553
5.5065	0.0010420177818960827
5.5112499999999995	0.0015472110820577744
5.516	0.002256238414740817
5.52075	0.003231330617689155
5.5255	0.004545051271141225
5.53025	0.006278518269821499
5.535	0.008517978167064677
5.53975	0.01134950361199391
5.5445	0.014851769380382024
5.54925	0.019087124701450745
5.554	0.024091498245079782
5.55875	0.029864007965705257
5.5634999999999994	0.03635744540108155
5.56825	0.0434709982280356
5.5729999999999995	0.05104660343663241
5.57775	0.05887014042305965
5.5825	0.06667826303945258
5.58725	0.07417105712261422
5.592	0.08102996368822094
5.59675	0.08693963335604003
5.6015	0.09161170142583536
5.60625	0.0948080203324116
5.611	0.09636075455940359
5.61575	0.0961869802758947
5.6205	0.09429602238782231
5.62525	0.09078862553707769
5.63	0.08584806161485832
5.6347499999999995	0.0797242661705348
5.6395	0.07271291439757542
5.6442499999999995	0.06513187158867426
5.649	0.05729761548858544
5.65375	0.04950402643288025
5.6585	0.04200543473417827
5.66325	0.03500510851272021
5.668	0.02864958644551143
5.67275	0.02302853290935075
5.6775	0.018179216815117825
5.68225	0.01409435000685081
5.687	0.010731882761927781
5.69175	0.008025420034106124
5.6964999999999995	0.0058941421887447115
5.70125	0.004251424096527511
5.7059999999999995	0.003011682848301411
5.71075	0.0020952942738295013
5.7155	0.0014316662966909024
5.72025	0.0009607260371590719
5.725	0.0006331670486989831
5.72975	0.000409824609852739
5.7345	0.0002605186071723307
5.73925	0.0001626448984664153
5.744	9.97247895341607e-05
5.74875	6.0051905945248166e-05
5.7535	3.551496963033028e-05
5.75825	2.062799816696102e-05
5.763	1.1766944505138177e-05
5.7677499999999995	6.592214208674175e-06
5.7725	3.62710310628985e-06
5.7772499999999996	1.9599702358319757e-06
5.782	1.0401597294055557e-06
5.78675	5.421401602788003e-07
5.7915	2.7751349601971816e-07
5.79625	1.3951394582120517e-07
5.801	6.888301054813484e-08
5.80575	3.340162549486047e-08
5.8105	1.590684574091223e-08
5.81525	7.439804460503386e-09
5.82	3.4174325962636048e-09
5.82475	1.54169824651003e-09
5.8294999999999995	6.830614630125392e-10
5.83425	2.9722215186896946e-10
5.8389999999999995	1.2701749657689356e-10
5.84375	5.330978220012871e-11
5.8485	2.1974107870909896e-11
5.85325	8.895627334644184e-12
5.858	3.5367380420367167e-12
5.86275	1.38098891180788e-12
5.8675	5.295884122937859e-13
5.87225	1.9945629193338351e-13
5.877	7.377649052417427e-14
5.88175	2.680089075987928e-14
5.8865	9.561839494280319e-15
5.891249999999999	3.3503845298300452e-15
5.896	1.1529456753633017e-15
5.9007499999999995	3.8965837872083547e-16
5.9055	1.293362242631641e-16
5.91025	4.216162315003658e-17
5.915	1.3498187312159575e-17
5.91975	4.2441875146891e-18
5.9245	1.3106135721619537e-18
5.92925	3.9748042286911487e-19
5.934	1.1839076039940643e-19
5.93875	3.4632262237894196e-20
5.9435	9.949583412839195e-21
5.94825	2.807307060090012e-21
5.953	7.779217659519837e-22
5.95775	2.117107510508212e-22
5.9624999999999995	5.658624651349567e-23
5.96725	1.4853877781386214e-23
5.9719999999999995	3.82939168355961e-24
5.97675	9.695734574548658e-25
5.9815	2.4109745762392394e-25
5.98625	5.887969184377987e-26
5.991	1.412210432639759e-26
5.99575	3.326552582270789e-27
6.0005	7.695779739615614e-28
6.00525	1.7487226213956544e-28
6.01	3.9120787221992953e-29
6.01475	9.044927051545708e-30
6.0195	4.136912181845396e-30
6.024249999999999	1.0862825008972774e-29
6.029	4.6992343785157865e-29
6.0337499999999995	2.063718293177997e-28
6.0385	8.914848582461127e-28
6.04325	3.782422384717208e-27
6.048	1.5761172571953487e-26
6.05275	6.450124176966152e-26
6.0575	2.592439409831306e-25
6.06225	1.0233168819277403e-24
6.067	3.967095427240928e-24
6.07175	1.510414480433939e-23
6.0765	5.647817026538044e-23
6.08125	2.0740827557307434e-22
6.086	7.4805327336085145e-22
6.09075	2.6497198502602568e-21
6.0954999999999995	9.217823230213979e-21
6.10025	3.149327142713169e-20
6.1049999999999995	1.0567400360292602e-19
6.10975	3.482407035439823e-19
6.1145	1.1270725850671137e-18
6.11925	3.582491967415294e-18
6.124	1.1183546532139751e-17
6.12875	3.4287423960043553e-17
6.1335	1.0324074990651222e-16
6.13825	3.0530114145895904e-16
6.143	8.866795459810009e-16
6.14775	2.52909962401345e-15
6.1525	7.084776729802708e-15
6.1572499999999994	1.949159524465826e-14
6.162	5.266590907284141e-14
6.1667499999999995	1.39756742754588e-13
6.1715	3.6423102834604447e-13
6.17625	9.322708271670414e-13
6.181	2.343517675211822e-12
6.18575	5.785692621281585e-12
6.1905	1.4028248975396591e-11
6.19525	3.340508321873629e-11
6.2	7.812366973975194e-11
6.20475	1.7943770145442848e-10
6.2095	4.047676021599296e-10
6.21425	8.967239624956753e-10
6.218999999999999	1.951069729902672e-09
6.22375	4.169152599447824e-09
6.2284999999999995	8.749510899422843e-09
6.23325	1.803352997734363e-08
6.2379999999999995	3.650385245017249e-08
6.24275	7.257008623566262e-08
6.2475	1.416894656914259e-07
6.25225	2.7169301337034593e-07
6.257	5.116587002070189e-07
6.26175	9.463313780245223e-07
6.2665	1.7189652700739394e-06
6.27125	3.0665634053292787e-06
6.276	5.3727641891374794e-06
6.28075	9.2449506120459e-06
6.2855	1.5623286455441743e-05
6.2902499999999995	2.592992022142099e-05
6.295	4.226598067106788e-05
6.2997499999999995	6.766151289157421e-05
6.3045	0.00010637839734214602
6.30925	0.00016425786238509607
6.314	0.0002490920547731456
6.31875	0.000370983478183924
6.3235	0.0005426380550998009
6.32825	0.0007795193715240965
6.333	0.0010997768242729388
6.33775	0.0015238534515157897
6.3425	0.0020736852248485218
6.34725	0.0027714270948115847
6.351999999999999	0.0036376849725543855
6.35675	0.0046892968713934955
6.3614999999999995	0.0059367861547926495
6.36625	0.007381695986267157
6.3709999999999996	0.009014093038594339
6.37575	0.010810583947252438
6.3805	0.012733203580912166
6.38525	0.014729497240367461
6.39	0.016734023908529173
6.39475	0.018671359233203594
6.3995	0.02046049077286816
6.40425	0.02202029985767442
6.409	0.02327564614349995
6.41375	0.02416344506342781
6.4185	0.024638081391118217
6.4232499999999995	0.02467554846425811
6.428	0.02427584067984044
6.4327499999999995	0.023463338196895014
6.4375	0.022285174742412865
6.44225	0.020807831083265223
6.447	0.019112406633886348
6.45175	0.017289155808313895
6.4565	0.01543191402804407
6.46125	0.01363297823918764
6.466	0.011978863450307502
6.47075	0.010547159520815638
6.4755	0.009404498958436572
6.48025	0.008605455889381958
6.484999999999999	0.00819206211559487
6.48975	0.008193570589907984
6.4944999999999995	0.0086261274854057
6.49925	0.009492123578432914
6.504	0.010779162147743037
6.50875	0.012458771768173168
6.5135	0.014485170612953218
6.51825	0.016794517207518823
6.523	0.0193051309687474
6.52775	0.02191911685538897
6.5325	0.02452568120942278
6.53725	0.027006197736589105
6.542	0.029240807523124236
6.54675	0.031116060704525685
6.5515	0.03253287962067018
6.5562499999999995	0.033413988546070854
6.561	0.03370994373319022
6.5657499999999995	0.033403018981312364
6.5705	0.03250844189988377
6.57525	0.031072798299622853
6.58	0.029169775243315543
6.58475	0.02689374025043564
6.5895	0.02435190344877163
6.59425	0.021655944670986697
6.599	0.018913993531169158
6.60375	0.016223735298683782
6.6085	0.013667206702295783
6.61325	0.011307584469272838
6.617999999999999	0.009188000507843004
6.62275	0.007332181857337994
6.6274999999999995	0.00574654043985908
6.63225	0.004423242124359251
6.637	0.0033437666042424323
6.64175	0.002482516771133652
6.6465	0.0018101285377905973
6.65125	0.0012962465895658213
6.656	0.0009116472459341687
6.66075	0.0006296903058820724
6.6655	0.0004271576371776925
6.67025	0.0002845839012428847
6.675	0.00018620591238219537
6.679749999999999	0.00011965685643933458
6.6845	7.551664659369407e-05
6.6892499999999995	4.6806782447478126e-05
6.694	2.8492848228772995e-05
6.6987499999999995	1.703428565715418e-05
6.7035	1.0001680374984782e-05
6.70825	5.7674388953655415e-06
6.713	3.266284552208292e-06
6.71775	1.8167117139106446e-06
6.7225	9.923822793766893e-07
6.72725	5.323937756437131e-07
6.732	2.8050972520492186e-07
6.73675	1.4515227957728864e-07
6.7415	7.376677266458572e-08
6.74625	3.68178725841138e-08
6.7509999999999994	1.80475220954173e-08
6.75575	8.68835301912708e-09
6.7604999999999995	4.107885401775798e-09
6.76525	1.9074807556083494e-09
6.77	8.698873098098331e-10
6.77475	3.8960705281199615e-10
6.7795	1.7137663431216632e-10
6.78425	7.4035053301075e-11
6.789	3.141117352321186e-11
6.79375	1.3088561414527655e-11
6.7985	5.35624770185223e-12
6.80325	2.15273402603113e-12
6.808	8.497302560422682e-13
6.812749999999999	3.294069621215814e-13
6.8175	1.2541383552923185e-13
6.8222499999999995	4.689419778938727e-14
6.827	1.7220817182216225e-14
6.8317499999999995	6.210826341065301e-15
6.8365	2.1999155060522707e-15
6.84125	7.65285703145783e-16
6.846	2.614581499509515e-16
6.85075	8.772871179343567e-17
6.8555	2.8909614812684934e-17
6.86025	9.356293629074438e-18
6.865	2.973900028383258e-18
6.86975	9.283460029027152e-19
6.8745	2.846127576503575e-19
6.87925	8.569585956000727e-20
6.8839999999999995	2.5341148849360945e-20
6.88875	7.35959210913934e-21
6.8934999999999995	2.099143724316773e-21
6.89825	5.880193116098876e-22
6.903	1.617714910234552e-22
6.90775	4.3709251750563986e-23
6.9125	1.159860451254988e-23
6.91725	3.022728167242323e-24
6.922	7.7366585556204845e-25
6.92675	1.9447722658084771e-25
6.9315	4.8011476170446173e-26
6.93625	1.1640787203873915e-26
6.941	2.771919579591571e-27
6.945749999999999	6.482460611016676e-28
6.9505	1.4888814929839747e-28
6.9552499999999995	3.3584691337766667e-29
6.96	7.440182277415857e-30
6.9647499999999996	1.618776064888469e-30
6.9695	3.459003151968639e-31
6.97425	7.258988791263805e-32
6.979	1.4961057030655956e-32
6.98375	3.0283733499936586e-33
6.9885	6.020291741403657e-34
6.99325	1.175402591733301e-34
6.998	2.2538070603361017e-35
7.00275	4.244316976717321e-36
7.007499999999999	7.849823120782633e-37
7.01225	1.4258469658477632e-37
7.0169999999999995	2.543589041530908e-38
7.02175	4.456377361282367e-39
7.0264999999999995	7.667926793606657e-40
7.03125	1.295790946412161e-40
7.036	2.1505666619968227e-41
7.04075	3.5053538253144076e-42
7.0455	5.611407375359584e-43
7.05025	8.822115114012739e-44
7.055	1.362180398477004e-44
7.05975	2.065653710425167e-45
7.0645	3.0763900137191097e-46
7.06925	4.499727903666329e-47
7.074	6.463862323900523e-48
7.078749999999999	9.119245907483526e-49
7.0835	1.2635334417982066e-49
7.0882499999999995	1.7193945242707165e-50
7.093	2.297869297259507e-51
7.09775	3.01603300704641e-52
7.1025	3.8878351540925124e-53
7.10725	4.9219883254528865e-54
7.112	6.119758733085169e-55
7.11675	7.472897180408291e-56
7.1215	8.96199500523463e-57
7.12625	1.0555562287538646e-57
7.131	1.2210094712142806e-58
7.13575	1.3871316376675052e-59
7.140499999999999	1.5476662296823068e-60
7.14525	1.6958909399256944e-61
7.1499999999999995	1.825069966316549e-62
7.15475	1.928955022180859e-63
7.1594999999999995	2.002283961999364e-64
7.16425	2.0412219078710563e-65
7.169	2.043693471310717e-66
7.17375	2.009566021338388e-67
7.1785	1.940661476003826e-68
7.18325	1.8405951583865637e-69
7.188	1.714461552834915e-70
7.19275	1.5684049710788062e-71
7.1975	1.40912543621589e-72
7.20225	1.2433748637894647e-73
7.207	1.0774955789617885e-74
7.211749999999999	9.170434114916967e-76
7.2165	7.665231537039648e-77
7.2212499999999995	6.292477119785798e-78
7.226	5.073165110174545e-79
7.23075	4.016958394230094e-80
7.2355	3.1237527730379246e-81
7.24025	2.3857062065560052e-82
7.245	1.7894445722733956e-83
7.24975	1.318197627558133e-84
7.2545	9.536824380310678e-86
7.25925	6.7762282975076015e-87
7.264	4.728607406159241e-88
7.26875	3.240704792981712e-89
7.273499999999999	2.181256153035797e-90
7.27825	1.4418990375377505e-91
7.2829999999999995	9.361038234456668e-93
7.28775	5.968623312056849e-94
7.2924999999999995	3.737535334843338e-95
7.29725	2.29856838033585e-96
7.302	1.38832304838728e-97
7.30675	8.235398593174392e-99
7.3115	4.797773028126412e-100
7.31625	2.7450847554157248e-101
7.321	1.5425270972917186e-102
7.32575	8.512768644107497e-104
7.3305	4.613917700813906e-105
7.33525	2.456008363823968e-106
7.34	1.283958018343619e-107
7.3447499999999994	6.592236671025882e-109
7.3495	3.324112721171258e-110
7.3542499999999995	1.6461889361890155e-111
7.359	8.006534867766764e-113
7.36375	3.824463361151358e-114
7.3685	1.7941444031756357e-115
7.37325	8.266187827064874e-117
7.378	3.740366239654805e-118
7.38275	1.662202657080379e-119
7.3875	7.2546222007750485e-121
7.39225	3.1096149357371164e-122
7.397	1.309059573573637e-123
7.40175	5.412191979619688e-125
7.406499999999999	2.1975965274154273e-126
7.41125	8.76362350560348e-128
7.4159999999999995	3.4322621220861225e-129
7.42075	1.3201952569651125e-130
7.4254999999999995	4.9872010151926555e-132
7.43025	1.850276202480215e-133
7.435	6.74182131078691e-135
7.43975	2.4125642972032638e-136
7.4445	8.478939572357014e-138
7.44925	2.9266121304082826e-139
7.454	9.920870510654176e-141
7.45875	3.302899646878156e-142
7.4635	1.0799458019798092e-143
7.468249999999999	3.467923647947904e-145
7.473	1.0936996633022687e-146
7.4777499999999995	3.3875648214135365e-148
7.4825	1.0304766008471296e-149
7.4872499999999995	3.078574300827596e-151
7.492	9.032794486209203e-153
7.49675	2.6028887331009395e-154
7.5015	7.366311201102001e-156
7.50625	2.047413232262241e-157
7.511	5.588843309785141e-159
7.51575	1.498301955817354e-160
7.5205	3.944915850550745e-162
7.52525	1.0200867945843915e-163
7.53	2.5905828846864403e-165
7.53475	6.461284185620041e-167
7.539499999999999	1.5827093886346764e-168
7.54425	3.8075402134163654e-170
7.5489999999999995	8.995986679231518e-172
7.55375	2.0874404415589695e-173
7.5584999999999996	4.75707903766183e-175
7.56325	1.0647009113727101e-176
7.568	2.3403233680974002e-178
7.57275	5.052253075245592e-180
7.5775	1.0711623746578105e-181
7.58225	2.230419258923241e-183
7.587	4.561195509381499e-185
7.59175	9.160767361461096e-187
7.5965	1.8069494582786392e-188
7.601249999999999	3.5004279317836544e-190
7.606	6.659739790097672e-192
7.6107499999999995	1.244383848024539e-193
7.6155	2.2835601449219063e-195
7.6202499999999995	4.115584552882007e-197
7.625	7.28469858603955e-199
7.62975	1.266346720634771e-200
7.6345	2.16199486299986e-202
7.63925	3.625080623996754e-204
7.644	5.9695509997232e-206
7.64875	9.654430229473964e-208
7.6535	1.5334605735462246e-209
7.65825	2.392101289068297e-211
7.663	3.664776554580396e-213
7.66775	5.514122629936813e-215
7.672499999999999	8.148287138298938e-217
7.67725	1.1825437411224402e-218
7.6819999999999995	1.6855012832976188e-220
7.68675	2.3594020140526922e-222
7.6915	3.243663461507488e-224
7.69625	4.379561367777392e-226
7.701	5.807462689003255e-228
7.70575	7.5631589013037575e-230
7.7105	9.673441425767603e-232
7.71525	1.215121687366826e-233
7.72	1.499061749364106e-235
7.72475	1.816269365074252e-237
7.7295	2.16123492736084e-239
7.734249999999999	2.5257169674877644e-241
7.739	2.898867536091243e-243
7.7437499999999995	3.2676312757620015e-245
7.7485	3.617418058700211e-247
7.7532499999999995	3.933012666027983e-249
7.758	4.199648787973043e-251
7.76275	4.4041447486900136e-253
7.7675	4.5359805198827e-255
7.77225	4.5881938864575665e-257
7.777	4.557989575913853e-259
7.78175	4.446987185071435e-261
7.7865	4.2610773007477465e-263
7.79125	4.0099036026840743e-265
7.795999999999999	3.7060343174371306e-267
7.80075	3.363922062620247e-269
7.805499999999999	2.998771664821846e-271
7.81025	2.625438542109784e-273
7.8149999999999995	2.2574664209086898e-275
7.81975	1.9063459942153456e-277
7.8245	1.5810410203489159e-279
7.82925	1.2877914407702431e-281
7.834	1.0301700396876762e-283
7.83875	8.093442409135791e-286
7.8435	6.244801393948487e-288
7.84825	4.732220424216672e-290
7.853	3.521861597149306e-292
7.85775	2.5741899410559947e-294
7.8625	1.8478634589014945e-296
7.867249999999999	1.3027472066403062e-298
7.872	9.020101164463492e-301
7.8767499999999995	6.133715817630762e-303
7.8815	4.0963483133484243e-305
7.8862499999999995	2.686773704788291e-307
7.891	1.73071790000881e-309
7.89575	1.094920195209e-311
7.9005	6.8029868507e-314
7.90525	4.1512394e-316
7.91	2.48781e-318
7.91475	1.4644e-320
7.9195	8.4e-323
7.92425	0.0
7.928999999999999	0.0
7.93375	0.0
7.9384999999999994	0.0
7.94325	0.0
7.9479999999999995	0.0
7.95275	0.0
7.9575	0.0
7.96225	0.0
7.967	0.0
7.97175	0.0
7.9765	0.0
7.98125	0.0
7.986	0.0
7.99075	0.0
7.9955	0.0
8.00025	0.0
8.004999999999999	0.0
8.00975	0.0
8.0145	0.0
8.01925	0.0
8.024000000000001	0.0
8.028749999999999	0.0
8.0335	0.0
8.03825	0.0
8.043	0.0
8.04775	0.0
8.0525	0.0
8.05725	0.0
8.062	0.0
8.066749999999999	0.0
8.0715	0.0
8.07625	0.0
8.081	0.0
8.08575	0.0
8.090499999999999	0.0
8.09525	0.0
8.1	0.0
8.10475	0.0
8.1095	0.0
8.11425	0.0
8.119	0.0
8.123750000000001	0.0
8.128499999999999	0.0
8.13325	0.0
8.138	0.0
8.14275	0.0
8.1475	0.0
8.152249999999999	0.0
8.157	0.0
8.16175	0.0
8.1665	0.0
8.17125	0.0
8.176	0.0
8.18075	0.0
8.185500000000001	0.0
8.190249999999999	0.0
8.195	0.0
8.19975	0.0
8.2045	0.0
8.20925	0.0
8.213999999999999	0.0
8.21875	0.0
8.2235	0.0
8.22825	0.0
8.233	0.0
8.23775	0.0
8.2425	0.0
8.247250000000001	0.0
8.251999999999999	0.0
8.25675	0.0
8.2615	0.0
8.26625	0.0
8.271	0.0
8.275749999999999	0.0
8.2805	0.0
8.28525	0.0
8.29	0.0
8.29475	0.0
8.2995	0.0
8.30425	0.0
8.309000000000001	0.0
8.313749999999999	0.0
8.3185	0.0
8.32325	0.0
8.328	1.5e-323
8.33275	2.49e-321
8.337499999999999	4.27974e-319
8.34225	7.228662e-317
8.347	1.199114873e-314
8.35175	1.9535505128e-312
8.3565	3.1257157806907e-310
8.36125	4.911739326822207e-308
8.366	7.580225395789111e-306
8.370750000000001	1.1489203276059988e-303
8.375499999999999	1.7102464275897028e-301
8.38025	2.5002788954864105e-299
8.385	3.589873976547216e-297
8.38975	5.062102505255243e-295
8.3945	7.010413776314971e-293
8.399249999999999	9.534926588793951e-291
8.404	1.2736556891276264e-288
8.40875	1.6708894257517771e-286
8.413499999999999	2.1528033766786713e-284
8.41825	2.724093474740047e-282
8.423	3.3853270426630875e-280
8.42775	4.131809022190642e-278
8.432500000000001	4.952686442322168e-276
8.437249999999999	5.830454516539357e-274
8.442	6.741010051755541e-272
8.44675	7.654353623086083e-270
8.4515	8.535973427737124e-268
8.45625	9.348858170523818e-266
8.460999999999999	1.0055995552890492e-263
8.46575	1.0623131527031496e-261
8.4705	1.1021508227154418e-259
8.475249999999999	1.1230277410696491e-257
8.48	1.1238307840151786e-255
8.48475	1.1045168572753488e-253
8.4895	1.0661167274081249e-251
8.494250000000001	1.010643881476911e-249
8.498999999999999	9.409196303184574e-248
8.50375	8.603355960987346e-246
8.5085	7.725813843729161e-244
8.51325	6.813677459764407e-242
8.518	5.901737488877273e-240
8.52275	5.0204100378261546e-238
8.5275	4.194299851276939e-236
8.53225	3.441444304510923e-234
8.536999999999999	2.7732115508409827e-232
8.54175	2.1947559750688536e-230
8.5465	1.7058878038222134e-228
8.55125	1.3021939492897669e-226
8.556	9.762518423030433e-225
8.56075	7.188016154172122e-223
8.5655	5.197771782098427e-221
8.57025	3.691359595749479e-219
8.575	2.5746398450511775e-217
8.57975	1.7636305067441797e-215
8.5845	1.186478037453575e-213
8.58925	7.839218853493502e-212
8.594	5.086825730174735e-210
8.598749999999999	3.241767874866003e-208
8.6035	2.0289808758658385e-206
8.60825	1.2471967705676173e-204
8.613	7.5292719941763e-203
8.61775	4.464080108762221e-201
8.6225	2.5993930733279884e-199
8.62725	1.486527403876904e-197
8.632	8.349007800036393e-196
8.63675	4.6052986428453225e-194
8.6415	2.4948343481793644e-192
8.64625	1.3273535494664373e-190
8.651	6.935735154055805e-189
8.65575	3.559257189696023e-187
8.660499999999999	1.7938545463814474e-185
8.66525	8.879245520896762e-184
8.67	4.316441791740842e-182
8.67475	2.060804040463527e-180
8.679499999999999	9.662922363353898e-179
8.68425	4.449807952802358e-177
8.689	2.0124960198308494e-175
8.69375	8.93901728343659e-174
8.6985	3.899469325926852e-172
8.70325	1.6706374958271252e-170
8.708	7.029426999603821e-169
8.71275	2.9048158820787276e-167
8.7175	1.1789035630276968e-165
8.722249999999999	4.698929560303814e-164
8.727	1.839418600430482e-162
8.73175	7.071689725159584e-161
8.7365	2.6700955670644394e-159
8.741249999999999	9.90128128689938e-158
8.746	3.6059273791983103e-156
8.75075	1.2897440653156883e-154
8.7555	4.5305516390941783e-153
8.76025	1.5630022964984644e-151
8.765	5.295770206775657e-150
8.76975	1.762217997960615e-148
8.7745	5.759053560255031e-147
8.77925	1.848432463270206e-145
8.783999999999999	5.826624646117512e-144
8.78875	1.803812866608929e-142
8.7935	5.484371987329144e-141
8.79825	1.6376583805533916e-139
8.802999999999999	4.802647420493147e-138
8.80775	1.3832449138284355e-136
8.8125	3.912717059613805e-135
8.81725	1.086973084795186e-133
8.822	2.9656515454994785e-132
8.82675	7.946619839625524e-131
8.8315	2.091248957595488e-129
8.83625	5.404929361290778e-128
8.841	1.3719405478254188e-126
8.84575	3.420121589346198e-125
8.8505	8.373533935320737e-124
8.85525	2.0134321916785672e-122
8.86	4.75473389343662e-121
8.864749999999999	1.102748329240898e-119
8.8695	2.511814629575832e-118
8.87425	5.619009253377017e-117
8.879	1.2345051147152651e-115
8.88375	2.663710511575434e-114
8.8885	5.644716568011234e-113
8.89325	1.1747845874577136e-111
8.898	2.4012386490082404e-110
8.90275	4.820292519805134e-109
8.9075	9.503256430082971e-108
8.91225	1.84006212749863e-106
8.917	3.4990770824750176e-105
8.92175	6.534848408912136e-104
8.926499999999999	1.1986116923723047e-102
8.93125	2.1591483704831206e-101
8.936	3.8198600202417887e-100
8.94075	6.63702409814946e-99
8.9455	1.1325576691311489e-97
8.95025	1.89805258646538e-96
8.955	3.124043989615263e-95
8.95975	5.049949382990649e-94
8.9645	8.017110956142395e-93
8.96925	1.249999237214082e-91
8.974	1.91409102254957e-90
8.97875	2.878567443938587e-89
8.9835	4.2515884332197847e-88
8.988249999999999	6.167185463589153e-87
8.993	8.785850029191426e-86
8.99775	1.2292537649731443e-84
9.0025	1.6891191788734444e-83
9.007249999999999	2.279502241813389e-82
9.012	3.0212087847184467e-81
9.01675	3.9326241203108705e-80
9.0215	5.027419472620949e-79
9.02625	6.312026186133375e-78
9.031	7.7831149650314e-77
9.03575	9.425384668869069e-76
9.0405	1.1210002422436703e-74
9.04525	1.3094029463718709e-73
9.049999999999999	1.5021105825956288e-72
9.05475	1.6923550527213705e-71
9.0595	1.872587170275753e-70
9.06425	2.0349492809455196e-69
9.068999999999999	2.1718314596646544e-68
9.07375	2.276457961253698e-67
9.0785	2.343441595676656e-66
9.08325	2.3692430672798867e-65
9.088	2.3524807984273687e-64
9.09275	2.2940534933653073e-63
9.0975	2.1970603103566614e-62
9.10225	2.0665285102378084e-61
9.107	1.9089818904062154e-60
9.111749999999999	1.7319015474916544e-59
9.1165	1.5431408806345117e-58
9.12125	1.3503580497028728e-57
9.126	1.1605217474639883e-56
9.130749999999999	9.795319664026274e-56
9.1355	8.119792448354902e-55
9.14025	6.610468311568194e-54
9.145	5.285432267197752e-53
9.14975	4.150398336423742e-52
9.1545	3.2008110196130185e-51
9.15925	2.424327407845215e-50
9.164	1.80336440709852e-49
9.16875	1.3174577628224067e-48
9.1735	9.452591553183259e-48
9.17825	6.660795016980548e-47
9.183	4.609589264275722e-46
9.18775	3.1329926418090226e-45
9.192499999999999	2.0913056218111156e-44
9.19725	1.3709973632826066e-43
9.202	8.827073011355171e-43
9.20675	5.5815883385630816e-42
9.2115	3.4662499079172496e-41
9.21625	2.114087333132646e-40
9.221	1.2663301926497576e-39
9.22575	7.449583355523143e-39
9.2305	4.3040567681578754e-38
9.23525	2.4422211177700972e-37
9.24	1.3609838079297804e-36
9.24475	7.448724624634764e-36
9.2495	4.003795288581996e-35
9.254249999999999	2.113599969644608e-34
9.259	1.0958086100722012e-33
9.26375	5.579658352846252e-33
9.2685	2.790239555785664e-32
9.273249999999999	1.3703653202935433e-31
9.278	6.60985925859405e-31
9.28275	3.131187321134643e-30
9.2875	1.456756188888729e-29
9.29225	6.656189511897043e-29
9.297	2.986932922370104e-28
9.30175	1.3163950653246194e-27
9.3065	5.697810563966716e-27
9.31125	2.4220926465195648e-26
9.315999999999999	1.0111939925465644e-25
9.32075	4.146094486196233e-25
9.3255	1.6695710054823083e-24
9.33025	6.602852221702197e-24
9.334999999999999	2.5645976827482807e-23
9.33975	9.782906396847451e-23
9.3445	3.6650300133840384e-22
9.34925	1.3484913263464506e-21
9.354	4.872813209990654e-21
9.35875	1.7293080173268282e-20
9.3635	6.027343331847959e-20
9.36825	2.0631960178805472e-19
9.373	6.936111018749044e-19
9.377749999999999	2.2900900788144688e-18
9.3825	7.425916805241506e-18
9.38725	2.3648771120734253e-17
9.392	7.39653065245612e-17
9.396749999999999	2.2720010580079707e-16
9.4015	6.854092824893508e-16
9.40625	2.0307310950007297e-15
9.411	5.909025179330025e-15
9.41575	1.688652342835147e-14
9.4205	4.739424811427144e-14
9.42525	1.3063874911169945e-13
9.43	3.536546505476845e-13
9.43475	9.402594741824729e-13
9.439499999999999	2.4551444400216416e-12
9.44425	6.296038301456708e-12
9.449	1.585691360095905e-11
9.45375	3.922210906463407e-11
9.458499999999999	9.528054019226683e-11
9.46325	2.2732042693612022e-10
9.468	5.326399045129147e-10
9.47275	1.2257161869562402e-09
9.4775	2.7701745026819073e-09
9.48225	6.148728519046759e-09
9.487	1.3403693664439013e-08
9.49175	2.8696217382871837e-08
9.4965	6.033728969922994e-08
9.50125	1.2459709800260407e-07
9.506	2.5269173714305706e-07
9.51075	5.033095133612663e-07
9.5155	9.845555445896429e-07
9.520249999999999	1.8914997569422943e-06
9.525	3.568891475794669e-06
9.52975	6.6133480374513825e-06
9.5345	1.203567356190741e-05
9.53925	2.151198101834514e-05
9.544	3.7761687732767815e-05
9.54875	6.510035722919589e-05
9.5535	0.00011022404163604645
9.55825	0.00018328641462739357
9.563	0.0002993265256598985
9.56775	0.0004800882958108038
9.5725	0.0007562371644637404
9.57725	0.0011699192830795298
9.581999999999999	0.0017775211077842878
9.58675	0.0026523731236227153
9.5915	0.0038870081850156364
9.59625	0.005594448448840578
9.600999999999999	0.007907880212899896
9.60575	0.010978016329581923
9.6105	0.014967478653241086
9.61525	0.020041693078617268
9.62	0.026356100273104466
9.62475	0.034039947370927144
9.6295	0.043177509990110906
9.63425	0.0537882347123754
9.639	0.06580789116161316
9.643749999999999	0.07907325945324865
9.6485	0.09331303023202
9.65325	0.10814736173563429
9.658	0.12309787339430131
9.662749999999999	0.1376087835786525
9.6675	0.15107852845248174
9.67225	0.1628997136223745
9.677	0.17250388494041496
9.68175	0.17940660347507187
9.6865	0.18324787740165455
9.69125	0.18382326094444876
9.696	0.1811018821506978
9.70075	0.17522918713821473
9.705499999999999	0.16651406133284155
9.71025	0.15540191476455034
9.715	0.14243699507628793
9.71975	0.12821836271078857
9.724499999999999	0.11335446720453894
9.72925	0.09842106262426549
9.734	0.08392637678474642
9.73875	0.07028618340181077
9.7435	0.05780995491702166
9.74825	0.046697839513481165
9.753	0.03704701436930476
9.75775	0.028865154957445988
9.7625	0.022088381081676947
9.76725	0.016601070050670165
9.772	0.012255281979583837
9.77675	0.008888104261480621
9.7815	0.006335867988088654
9.786249999999999	0.004444810655552261
9.791	0.0030782790031573734
9.79575	0.0021209404436276355
9.8005	0.0014806905881132716
9.80525	0.0010890213630380874
9.81	0.0009005766929410497
9.81475	0.0008925026491912549
9.8195	0.001064025643013939
9.82425	0.0014364886407805877
9.829	0.002053857883286929
9.83375	0.002983493460033876
9.8385	0.004316768450918317
9.84325	0.006168939280733955
9.847999999999999	0.008677537210388851
9.85275	0.011998497123779357
9.8575	0.016299298134189125
9.86225	0.021748590944451786
9.866999999999999	0.028502146431994085
9.87175	0.036685472313319145
9.8765	0.046374071542189435
9.88125	0.057572982808368985
9.886	0.07019784331118037
9.89075	0.084060120775978
9.8955	0.0988592518339107
9.90025	0.11418410367410735
9.905	0.1295254090537688
9.909749999999999	0.1442996533017919
9.9145	0.157883443299294
9.91925	0.16965586451951015
9.924	0.1790449798789412
9.928749999999999	0.18557369083403527
9.9335	0.18889986470115008
9.93825	0.1888460359053964
9.943	0.1854150931181208
9.94775	0.17879002242998351
9.9525	0.1693177383339814
9.95725	0.15747899089346765
9.962	0.1438479815423066
9.96675	0.12904640369126
9.971499999999999	0.11369700489252138
9.97625	0.09838142916169643
9.981	0.08360614801327422
9.98575	0.06977892696327809
9.990499999999999	0.05719674883465155
9.99525	0.04604467211665389
