0.5	0.0
0.50475	0.0
0.5095	0.0
0.51425	0.0
0.519	0.0
0.52375	0.0
0.5285	0.0
0.53325	0.0
0.538	0.0
0.54275	0.0
0.5475	0.0
0.55225	0.0
0.5569999999999999	0.0
0.56175	0.0
0.5665	0.0
0.57125	0.0
0.576	0.0
0.58075	0.0
0.5855	0.0
0.5902499999999999	0.0
0.595	0.0
0.59975	0.0
0.6045	0.0
0.60925	0.0
0.614	0.0
0.61875	0.0
0.6234999999999999	0.0
0.62825	0.0
0.633	0.0
0.63775	0.0
0.6425	0.0
0.64725	0.0
0.652	0.0
0.65675	0.0
0.6615	0.0
0.66625	0.0
0.671	0.0
0.67575	0.0
0.6805	0.0
0.68525	0.0
0.69	0.0
0.69475	0.0
0.6995	0.0
0.70425	0.0
0.709	0.0
0.71375	0.0
0.7185	0.0
0.72325	0.0
0.728	0.0
0.73275	0.0
0.7375	0.0
0.74225	0.0
0.747	0.0
0.7517499999999999	0.0
0.7565	0.0
0.76125	0.0
0.766	0.0
0.77075	0.0
0.7755	0.0
0.78025	0.0
0.7849999999999999	0.0
0.78975	0.0
0.7945	0.0
0.79925	0.0
0.804	0.0
0.80875	0.0
0.8135	0.0
0.8182499999999999	0.0
0.823	0.0
0.82775	0.0
0.8325	0.0
0.83725	0.0
0.842	0.0
0.84675	0.0
0.8514999999999999	0.0
0.85625	0.0
0.861	0.0
0.86575	0.0
0.8705	0.0
0.87525	0.0
0.88	0.0
0.8847499999999999	0.0
0.8895	0.0
0.89425	0.0
0.899	0.0
0.90375	0.0
0.9085	0.0
0.91325	0.0
0.9179999999999999	0.0
0.92275	0.0
0.9275	0.0
0.93225	0.0
0.937	0.0
0.94175	0.0
0.9465	0.0
0.9512499999999999	0.0
0.956	0.0
0.96075	0.0
0.9655	0.0
0.9702500000000001	0.0
0.975	0.0
0.97975	0.0
0.9844999999999999	0.0
0.98925	0.0
0.994	0.0
0.99875	0.0
1.0034999999999998	0.0
1.0082499999999999	0.0
1.013	0.0
1.01775	0.0
1.0225	0.0
1.02725	0.0
1.032	0.0
1.03675	0.0
1.0415	0.0
1.0462500000000001	0.0
1.051	0.0
1.05575	0.0
1.0605	0.0
1.06525	0.0
1.0699999999999998	0.0
1.0747499999999999	0.0
1.0795	0.0
1.08425	0.0
1.089	0.0
1.09375	0.0
1.0985	0.0
1.10325	0.0
1.108	0.0
1.1127500000000001	0.0
1.1175	0.0
1.12225	0.0
1.127	0.0
1.13175	0.0
1.1364999999999998	0.0
1.1412499999999999	0.0
1.146	0.0
1.15075	0.0
1.1555	0.0
1.16025	0.0
1.165	0.0
1.16975	0.0
1.1745	0.0
1.1792500000000001	0.0
1.184	0.0
1.18875	0.0
1.1935	0.0
1.19825	0.0
1.2029999999999998	0.0
1.2077499999999999	0.0
1.2125	0.0
1.21725	0.0
1.222	0.0
1.22675	0.0
1.2315	0.0
1.23625	0.0
1.241	0.0
1.2457500000000001	0.0
1.2505	0.0
1.25525	0.0
1.26	0.0
1.2647499999999998	0.0
1.2694999999999999	0.0
1.2742499999999999	0.0
1.279	0.0
1.28375	0.0
1.2885	0.0
1.29325	0.0
1.298	0.0
1.30275	0.0
1.3075	0.0
1.3122500000000001	0.0
1.317	0.0
1.32175	0.0
1.3265	0.0
1.3312499999999998	0.0
1.3359999999999999	0.0
1.3407499999999999	0.0
1.3455	0.0
1.35025	0.0
1.355	0.0
1.35975	0.0
1.3645	0.0
1.36925	0.0
1.374	0.0
1.3787500000000001	0.0
1.3835	0.0
1.38825	0.0
1.393	0.0
1.3977499999999998	0.0
1.4024999999999999	0.0
1.40725	0.0
1.412	0.0
1.41675	0.0
1.4215	0.0
1.42625	0.0
1.431	0.0
1.43575	0.0
1.4405000000000001	0.0
1.44525	0.0
1.45	0.0
1.45475	0.0
1.4595	0.0
1.4642499999999998	0.0
1.4689999999999999	0.0
1.47375	0.0
1.4785	0.0
1.48325	0.0
1.488	0.0
1.49275	0.0
1.4975	0.0
1.50225	0.0
1.507	0.0
1.51175	0.0
1.5165	0.0
1.52125	0.0
1.526	0.0
1.53075	0.0
1.5354999999999999	0.0
1.54025	0.0
1.545	0.0
1.54975	0.0
1.5545	0.0
1.55925	0.0
1.564	0.0
1.5687499999999999	0.0
1.5735	0.0
1.57825	0.0
1.583	0.0
1.58775	0.0
1.5925	0.0
1.59725	0.0
1.6019999999999999	0.0
1.60675	0.0
1.6115	0.0
1.61625	0.0
1.621	0.0
1.62575	0.0
1.6305	0.0
1.6352499999999999	0.0
1.64	0.0
1.64475	0.0
1.6495	0.0
1.65425	0.0
1.659	0.0
1.66375	0.0
1.6684999999999999	0.0
1.67325	0.0
1.678	0.0
1.68275	0.0
1.6875	0.0
1.69225	0.0
1.697	0.0
1.7017499999999999	0.0
1.7065	0.0
1.71125	0.0
1.716	0.0
1.72075	0.0
1.7255	0.0
1.73025	0.0
1.7349999999999999	0.0
1.73975	0.0
1.7445	0.0
1.74925	0.0
1.754	0.0
1.75875	0.0
1.7635	0.0
1.7682499999999999	0.0
1.773	0.0
1.77775	0.0
1.7825	0.0
1.78725	0.0
1.792	0.0
1.79675	0.0
1.8014999999999999	0.0
1.80625	0.0
1.811	0.0
1.81575	0.0
1.8205	0.0
1.82525	0.0
1.83	0.0
1.8347499999999999	0.0
1.8395	0.0
1.84425	0.0
1.849	0.0
1.85375	0.0
1.8585	0.0
1.86325	0.0
1.8679999999999999	0.0
1.87275	0.0
1.8775	0.0
1.88225	0.0
1.887	0.0
1.89175	0.0
1.8965	0.0
1.9012499999999999	0.0
1.906	0.0
1.91075	0.0
1.9155	0.0
1.92025	0.0
1.925	0.0
1.9297499999999999	0.0
1.9344999999999999	0.0
1.93925	0.0
1.944	0.0
1.94875	0.0
1.9535	0.0
1.95825	0.0
1.9629999999999999	0.0
1.9677499999999999	0.0
1.9725	0.0
1.97725	0.0
1.982	0.0
1.98675	0.0
1.9915	0.0
1.9962499999999999	0.0
2.001	0.0
2.00575	0.0
2.0105	0.0
2.01525	0.0
2.02	0.0
2.02475	0.0
2.0294999999999996	0.0
2.03425	0.0
2.0389999999999997	0.0
2.04375	0.0
2.0484999999999998	0.0
2.0532500000000002	0.0
2.058	0.0
2.06275	0.0
2.0675	0.0
2.07225	0.0
2.077	0.0
2.08175	0.0
2.0865	0.0
2.09125	0.0
2.096	0.0
2.1007499999999997	0.0
2.1055	0.0
2.1102499999999997	0.0
2.115	0.0
2.11975	0.0
2.1245000000000003	0.0
2.12925	0.0
2.134	0.0
2.13875	0.0
2.1435	0.0
2.14825	0.0
2.153	0.0
2.15775	0.0
2.1624999999999996	0.0
2.16725	0.0
2.1719999999999997	0.0
2.17675	0.0
2.1814999999999998	0.0
2.1862500000000002	0.0
2.191	0.0
2.19575	0.0
2.2005	0.0
2.20525	0.0
2.21	0.0
2.21475	0.0
2.2195	0.0
2.22425	0.0
2.229	0.0
2.2337499999999997	0.0
2.2385	0.0
2.2432499999999997	0.0
2.248	0.0
2.25275	0.0
2.2575000000000003	0.0
2.26225	0.0
2.267	0.0
2.27175	0.0
2.2765	0.0
2.28125	0.0
2.286	0.0
2.29075	0.0
2.2954999999999997	0.0
2.30025	0.0
2.3049999999999997	0.0
2.30975	0.0
2.3145	0.0
2.3192500000000003	0.0
2.324	0.0
2.32875	0.0
2.3335	0.0
2.33825	0.0
2.343	0.0
2.34775	0.0
2.3525	0.0
2.3572499999999996	0.0
2.362	0.0
2.3667499999999997	0.0
2.3715	0.0
2.3762499999999998	0.0
2.3810000000000002	0.0
2.38575	0.0
2.3905	0.0
2.39525	0.0
2.4	0.0
2.40475	0.0
2.4095	0.0
2.41425	0.0
2.419	0.0
2.42375	0.0
2.4284999999999997	0.0
2.43325	0.0
2.4379999999999997	0.0
2.44275	0.0
2.4475	0.0
2.4522500000000003	0.0
2.457	0.0
2.46175	0.0
2.4665	0.0
2.47125	0.0
2.476	0.0
2.48075	0.0
2.4855	0.0
2.4902499999999996	0.0
2.495	0.0
2.4997499999999997	0.0
2.5045	0.0
2.5092499999999998	0.0
2.514	0.0
2.51875	0.0
2.5235	0.0
2.52825	0.0
2.533	0.0
2.53775	0.0
2.5425	0.0
2.54725	0.0
2.552	0.0
2.55675	0.0
2.5615	0.0
2.56625	0.0
2.5709999999999997	0.0
2.5757499999999998	0.0
2.5805	0.0
2.58525	0.0
2.59	0.0
2.59475	0.0
2.5995	0.0
2.60425	0.0
2.609	0.0
2.61375	0.0
2.6185	0.0
2.62325	0.0
2.628	0.0
2.63275	0.0
2.6374999999999997	0.0
2.6422499999999998	0.0
2.647	0.0
2.65175	0.0
2.6565	0.0
2.66125	0.0
2.666	0.0
2.67075	0.0
2.6755	0.0
2.68025	0.0
2.685	0.0
2.68975	0.0
2.6945	0.0
2.69925	0.0
2.7039999999999997	0.0
2.7087499999999998	0.0
2.7135	0.0
2.71825	0.0
2.723	0.0
2.72775	0.0
2.7325	0.0
2.73725	0.0
2.742	0.0
2.74675	0.0
2.7515	0.0
2.75625	0.0
2.761	0.0
2.76575	0.0
2.7704999999999997	0.0
2.7752499999999998	0.0
2.78	0.0
2.78475	0.0
2.7895	0.0
2.79425	0.0
2.799	0.0
2.80375	0.0
2.8085	0.0
2.81325	0.0
2.818	0.0
2.82275	0.0
2.8275	0.0
2.83225	0.0
2.8369999999999997	0.0
2.8417499999999998	0.0
2.8465	0.0
2.85125	0.0
2.856	0.0
2.86075	0.0
2.8655	0.0
2.87025	0.0
2.875	0.0
2.87975	0.0
2.8845	0.0
2.88925	0.0
2.894	0.0
2.89875	0.0
2.9034999999999997	0.0
2.90825	0.0
2.913	0.0
2.91775	0.0
2.9225	0.0
2.92725	0.0
2.932	0.0
2.93675	0.0
2.9415	0.0
2.94625	0.0
2.951	0.0
2.95575	0.0
2.9605	0.0
2.9652499999999997	0.0
2.9699999999999998	0.0
2.97475	0.0
2.9795	0.0
2.98425	0.0
2.989	0.0
2.99375	0.0
2.9985	0.0
3.00325	0.0
3.008	0.0
3.01275	0.0
3.0175	0.0
3.02225	0.0
3.027	0.0
3.0317499999999997	0.0
3.0364999999999998	0.0
3.04125	0.0
3.046	0.0
3.05075	0.0
3.0555	0.0
3.06025	0.0
3.065	0.0
3.06975	0.0
3.0745	0.0
3.07925	0.0
3.084	0.0
3.08875	0.0
3.0935	0.0
3.0982499999999997	0.0
3.1029999999999998	0.0
3.10775	0.0
3.1125	0.0
3.11725	0.0
3.122	0.0
3.12675	0.0
3.1315	0.0
3.13625	0.0
3.141	0.0
3.14575	0.0
3.1505	0.0
3.15525	0.0
3.16	0.0
3.1647499999999997	0.0
3.1694999999999998	0.0
3.17425	0.0
3.179	0.0
3.18375	0.0
3.1885	0.0
3.19325	0.0
3.198	0.0
3.20275	0.0
3.2075	0.0
3.21225	0.0
3.217	0.0
3.22175	0.0
3.2265	0.0
3.2312499999999997	0.0
3.2359999999999998	0.0
3.24075	0.0
3.2455	0.0
3.25025	0.0
3.255	0.0
3.25975	0.0
3.2645	0.0
3.26925	0.0
3.274	0.0
3.27875	0.0
3.2835	0.0
3.28825	0.0
3.293	0.0
3.2977499999999997	0.0
3.3024999999999998	0.0
3.30725	0.0
3.312	0.0
3.31675	0.0
3.3215	0.0
3.32625	0.0
3.331	0.0
3.33575	0.0
3.3405	0.0
3.34525	0.0
3.35	0.0
3.35475	0.0
3.3594999999999997	0.0
3.3642499999999997	0.0
3.3689999999999998	0.0
3.37375	0.0
3.3785	0.0
3.38325	0.0
3.388	0.0
3.39275	0.0
3.3975	0.0
3.40225	0.0
3.407	0.0
3.41175	0.0
3.4165	0.0
3.42125	0.0
3.4259999999999997	0.0
3.4307499999999997	0.0
3.4354999999999998	0.0
3.44025	0.0
3.445	0.0
3.44975	0.0
3.4545	0.0
3.45925	0.0
3.464	0.0
3.46875	0.0
3.4735	0.0
3.47825	0.0
3.483	0.0
3.48775	0.0
3.4924999999999997	0.0
3.4972499999999997	0.0
3.502	0.0
3.50675	0.0
3.5115	0.0
3.51625	0.0
3.521	0.0
3.52575	0.0
3.5305	0.0
3.53525	0.0
3.54	0.0
3.54475	0.0
3.5495	0.0
3.55425	0.0
3.5589999999999997	0.0
3.5637499999999998	0.0
3.5685	0.0
3.57325	0.0
3.578	0.0
3.58275	0.0
3.5875	0.0
3.59225	0.0
3.597	0.0
3.60175	0.0
3.6065	0.0
3.61125	0.0
3.616	0.0
3.62075	5.4e-323
3.6254999999999997	9.575e-321
3.6302499999999998	1.636504e-318
3.635	2.74685386e-316
3.63975	4.5280936636e-314
3.6445	7.330882029693e-312
3.64925	1.165622828791895e-309
3.654	1.8202072626133988e-307
3.65875	2.7915449530177765e-305
3.6635	4.2046455744806835e-303
3.66825	6.2197817468051476e-301
3.673	9.036117763372675e-299
3.67775	1.2892869997861741e-296
3.6825	1.806667821950379e-294
3.68725	2.4863828415618136e-292
3.6919999999999997	3.3606143323204524e-290
3.6967499999999998	4.460980604186914e-288
3.7015	5.815713173906605e-286
3.70625	7.44623277191171e-284
3.711	9.363349230998028e-282
3.71575	1.1563433842364103e-279
3.7205	1.4025017207639843e-277
3.72525	1.6706326705939854e-275
3.73	1.9544273078544337e-273
3.73475	2.2455310191703151e-271
3.7395	2.533842287453102e-269
3.74425	2.8080257473339224e-267
3.749	3.0562126992183635e-265
3.7537499999999997	3.2668338799015385e-263
3.7584999999999997	3.429505554004371e-261
3.7632499999999998	3.5358754171465514e-259
3.768	3.580332687123983e-257
3.77275	3.5604984156887105e-255
3.7775	3.4774363924732465e-253
3.78225	3.335558619684707e-251
3.787	3.142237046679678e-249
3.79175	2.907169116568829e-247
3.7965	2.6415730963580938e-245
3.80125	2.3573059574869496e-243
3.806	2.065999724927045e-241
3.81075	1.7783021336041424e-239
3.8155	1.503286731822943e-237
3.8202499999999997	1.2480704012199206e-235
3.8249999999999997	1.017647400910342e-233
3.8297499999999998	8.149229644255039e-232
3.8345	6.40909589280275e-230
3.83925	4.950373501744277e-228
3.844	3.755261197225124e-226
3.84875	2.797714004211596e-224
3.8535	2.0470453701875133e-222
3.85825	1.4709997691418724e-220
3.863	1.0381466942426622e-218
3.86775	7.195580410661566e-217
3.8725	4.898170753033786e-215
3.87725	3.2746357244378384e-213
3.882	2.1500722532406648e-211
3.8867499999999997	1.3864496372328074e-209
3.8914999999999997	8.780436913363158e-208
3.8962499999999998	5.461213308602423e-206
3.901	3.335977689835062e-204
3.90575	2.0013273006906135e-202
3.9105	1.1791636603820276e-200
3.91525	6.8232461371461825e-199
3.92	3.877653279627528e-197
3.92475	2.164252334609806e-195
3.9295	1.18633624694847e-193
3.93425	6.386584898516995e-192
3.939	3.3766851210982833e-190
3.94375	1.7533694011539693e-188
3.9485	8.941641773348925e-187
3.9532499999999997	4.4783918945909615e-185
3.9579999999999997	2.2028651278322055e-183
3.9627499999999998	1.0641790511436444e-181
3.9675	5.048966480006793e-180
3.97225	2.3526171255445634e-178
3.977	1.0766164352823993e-176
3.98175	4.8387339210438545e-175
3.9865	2.1358141608371696e-173
3.99125	9.258831205335428e-172
3.996	3.9419386087434805e-170
4.00075	1.6482554886455037e-168
4.0055	6.768620882098514e-167
4.01025	2.729837735834892e-165
4.015000000000001	1.0812707653414025e-163
4.01975	4.206230552928845e-162
4.0245	1.606988137621983e-160
4.029249999999999	6.02966595511201e-159
4.034	2.221952749310804e-157
4.03875	8.041505629915995e-156
4.0435	2.8582545664372765e-154
4.0482499999999995	9.977584770572273e-153
4.053	3.420668049433221e-151
4.05775	1.1517478776364195e-149
4.0625	3.80859589267778e-148
4.06725	1.2368964794427844e-146
4.072	3.945143426350653e-145
4.0767500000000005	1.235814323615307e-143
4.0815	3.801934557033787e-142
4.08625	1.1487275426947653e-140
4.090999999999999	3.408712834546427e-139
4.09575	9.934014329633139e-138
4.1005	2.843283292086729e-136
4.10525	7.992386333342382e-135
4.109999999999999	2.2064484666245585e-133
4.11475	5.982353791899181e-132
4.1195	1.5929838857523028e-130
4.12425	4.165927009747961e-129
4.129	1.069973237237235e-127
4.13375	2.6989519830676083e-126
4.1385000000000005	6.686184952347185e-125
4.14325	1.6267566776018823e-123
4.148	3.8871186306907615e-122
4.152749999999999	9.122082098180034e-121
4.1575	2.1024280524532405e-119
4.16225	4.758929744107032e-118
4.167	1.0579336441757265e-116
4.171749999999999	2.3097690017813182e-115
4.1765	4.9526729825553875e-114
4.18125	1.0429698215491094e-112
4.186	2.157072866678814e-111
4.1907499999999995	4.381460232900784e-110
4.1955	8.740452504877792e-109
4.2002500000000005	1.7124186328357435e-107
4.205	3.2949357988819854e-106
4.20975	6.226513780413005e-105
4.214499999999999	1.1555904256232722e-103
4.21925	2.1063178144719776e-102
4.224	3.770551278122618e-101
4.22875	6.628981187818824e-100
4.233499999999999	1.144589364898858e-98
4.23825	1.940946705190785e-97
4.243	3.2324997470710564e-96
4.24775	5.2871833731034266e-95
4.2524999999999995	8.493197656761958e-94
4.25725	1.3399206307726008e-92
4.2620000000000005	2.0760982451725777e-91
4.26675	3.159204310616157e-90
4.2715	4.721375149792063e-89
4.27625	6.92979346318712e-88
4.281	9.989254012726368e-87
4.28575	1.4141868908449287e-85
4.2905	1.9662627061433298e-84
4.295249999999999	2.684956547746296e-83
4.3	3.600758261585879e-82
4.30475	4.742547120199118e-81
4.3095	6.1346575989502225e-80
4.3142499999999995	7.793454171019649e-79
4.319	9.723679337633531e-78
4.32375	1.1914950862412119e-76
4.3285	1.4338868021645087e-75
4.33325	1.6947219863868267e-74
4.338	1.9671752186201838e-73
4.3427500000000006	2.242583437376206e-72
4.3475	2.510817578437972e-71
4.35225	2.7608492607620225e-70
4.356999999999999	2.981475292404438e-69
4.36175	3.1621372679209785e-68
4.3665	3.293754358567533e-67
4.37125	3.369478429178776e-66
4.3759999999999994	3.3852842308787927e-65
4.38075	3.3403238975748426e-64
4.3855	3.2370022972048267e-63
4.39025	3.08076391819592e-62
4.395	2.8796175742907897e-61
4.39975	2.6434566705856763e-60
4.4045000000000005	2.3832552675772405e-59
4.40925	2.1102305768477276e-58
4.414	1.8350599048164356e-57
4.418749999999999	1.5672257743953296e-56
4.4235	1.3145401920754695e-55
4.42825	1.082872083215288e-54
4.433	8.760752890577869e-54
4.437749999999999	6.960920731975922e-53
4.4425	5.431914563045275e-52
4.44725	4.1629400552023025e-51
4.452	3.1333461019563637e-50
4.4567499999999995	2.3162080393812057e-49
4.4615	1.6815421010929814e-48
4.4662500000000005	1.198944032783248e-47
4.471	8.395586882897749e-47
4.47575	5.7738326861946706e-46
4.480499999999999	3.899763891732383e-45
4.48525	2.586862930204344e-44
4.49	1.685270061305707e-43
4.49475	1.0782676566972491e-42
4.499499999999999	6.775551270123396e-42
4.50425	4.181418900201461e-41
4.509	2.5343331513010886e-40
4.51375	1.5085673909377604e-39
4.5184999999999995	8.819149640750242e-39
4.52325	5.063486915797586e-38
4.528	2.855181080295379e-37
4.53275	1.5811701493367178e-36
4.5375	8.599724550847235e-36
4.54225	4.593581857138287e-35
4.547	2.409790918156082e-34
4.55175	1.2415615412242882e-33
4.5565	6.282292080067078e-33
4.56125	3.121971838769331e-32
4.566	1.523704755950437e-31
4.57075	7.303543992739562e-31
4.5755	3.4381709032754696e-30
4.5802499999999995	1.5895795110805276e-29
4.585	7.217686865385899e-29
4.5897499999999996	3.2186577660864647e-28
4.5945	1.4096540741801136e-27
4.59925	6.063331107890131e-27
4.604	2.561362244794411e-26
4.60875	1.0626535731860358e-25
4.6135	4.329855418632905e-25
4.61825	1.7326708429105584e-24
4.623	6.809570559179245e-24
4.62775	2.628357075453852e-23
4.6325	9.963455656171023e-23
4.63725	3.7093396611116457e-22
4.6419999999999995	1.3562638888278415e-21
4.64675	4.870267086744659e-21
4.6514999999999995	1.7176012337321387e-20
4.65625	5.949122239314491e-20
4.661	2.0236920545263405e-19
4.66575	6.760782196325593e-19
4.6705	2.2182497851607526e-18
4.67525	7.148006451683766e-18
4.68	2.2621448386750112e-17
4.68475	7.030996229075905e-17
4.6895	2.146220340457014e-16
4.69425	6.434172980915494e-16
4.699	1.8944019989584632e-15
4.70375	5.477880307334468e-15
4.7085	1.5556572543001837e-14
4.7132499999999995	4.3388664523652356e-14
4.718	1.1885012207021688e-13
4.72275	3.197304256453226e-13
4.7275	8.447521079124511e-13
4.73225	2.1919749517919616e-12
4.737	5.586024994028529e-12
4.74175	1.3980771788777638e-11
4.7465	3.436532087935254e-11
4.75125	8.296036319942875e-11
4.756	1.9668981445387271e-10
4.76075	4.5798798123199503e-10
4.7655	1.0473390012767766e-09
4.77025	2.3522390527279782e-09
4.7749999999999995	5.188437867425247e-09
4.77975	1.1239649525074476e-08
4.7844999999999995	2.3912770886394115e-08
4.78925	4.996524496013219e-08
4.794	1.0253381667381535e-07
4.79875	2.0664609889367836e-07
4.8035	4.0902352099569396e-07
4.80825	7.951157193052907e-07
4.813	1.5180056241709943e-06
4.81775	2.8462785923139418e-06
4.8225	5.241341012220209e-06
4.82725	9.479128521733746e-06
4.832	1.6836638652871283e-05
4.83675	2.9369960019926944e-05
4.8415	5.031671781204218e-05
4.8462499999999995	8.466077454613813e-05
4.851	0.0001398985313770533
4.85575	0.0002270414009642522
4.8605	0.00036187447008035353
4.86525	0.0005664633506103811
4.87	0.00087085665138291
4.87475	0.0013148690842521519
4.8795	0.0019497518439642895
4.88425	0.002839469119573553
4.889	0.004061214654976537
4.89375	0.005704738270062369
4.8985	0.00787003181487523
4.90325	0.010662971209255669
4.9079999999999995	0.01418864653437395
4.91275	0.01854234628967962
4.9174999999999995	0.02379848932615583
4.92225	0.02999819175379292
4.927	0.0371365665303369
4.93175	0.04515121116991586
4.9365	0.053913564404887586
4.94125	0.06322483007772758
4.946	0.07281792190885437
4.95075	0.08236636031640736
4.9555	0.09150028664163075
4.96025	0.09982883854696667
4.965	0.10696718497750399
4.9697499999999994	0.11256570605481371
4.9745	0.11633827428217376
4.9792499999999995	0.11808646436261136
4.984	0.11771684298107714
4.98875	0.11524924201421956
4.9935	0.11081499565165978
4.99825	0.10464535951166137
5.003	0.09705153295150189
5.00775	0.0883986859727981
5.0125	0.0790770034522058
5.01725	0.06947292476713043
5.022	0.0599434792033949
5.02675	0.050795974279209594
5.0315	0.042274417039689906
5.03625	0.03455309425545119
5.0409999999999995	0.027736856961039814
5.04575	0.02186696619154124
5.0504999999999995	0.016930929631963347
5.05525	0.012874609358112419
5.06	0.009614978134854327
5.06475	0.0070521822291118655
5.0695	0.005079953484591769
5.07425	0.003593825036157611
5.079	0.002496980257983045
5.08375	0.001703861430501114
5.0885	0.0011418641029355158
5.09325	0.0007515459742391928
5.098	0.00048580017847620386
5.1027499999999995	0.0003084045465480538
5.1075	0.00019228475724456523
5.1122499999999995	0.00011774159896174969
5.117	7.080696587707583e-05
5.12175	4.181990339397673e-05
5.1265	2.425777983702802e-05
5.13125	1.3819109545483356e-05
5.136	7.731612038139212e-06
5.14075	4.248357271885006e-06
5.1455	2.2926248502115753e-06
5.15025	1.2150829960360478e-06
5.155	6.324699204919026e-07
5.15975	3.233216547788548e-07
5.1645	1.6232697462124642e-07
5.16925	8.004009230384674e-08
5.1739999999999995	3.8760150230711644e-08
5.17875	1.8434200514434356e-08
5.1834999999999996	8.610416256178894e-09
5.18825	3.949889733431124e-09
5.193	1.7795360120494517e-09
5.19775	7.873894200991834e-10
5.2025	3.421632430078063e-10
5.20725	1.4602866556439896e-10
5.212	6.120739049309577e-11
5.21675	2.5195941801307088e-11
5.2215	1.0186343411052605e-11
5.22625	4.0445202566966466e-12
5.231	1.5771634391883757e-12
5.2357499999999995	6.040145100456987e-13
5.2405	2.2718467225404284e-13
5.2452499999999995	8.392119644024882e-14
5.25	3.044565286471133e-14
5.25475	1.0847755811043027e-14
5.2595	3.795906392374704e-15
5.26425	1.3045239968974765e-15
5.269	4.403009629904417e-16
5.27375	1.4595137231339824e-16
5.2785	4.751466973480977e-17
5.28325	1.519176492647492e-17
5.288	4.7703443824975325e-18
5.29275	1.4711339528042903e-18
5.2975	4.455697404436541e-19
5.30225	1.3253791810518267e-19
5.3069999999999995	3.871912944698891e-20
5.31175	1.1108924328697342e-20
5.3165	3.130252833810704e-21
5.32125	8.662591020336355e-22
5.326	2.354383410772272e-22
5.33075	6.284454000583525e-23
5.3355	1.6474752505489114e-23
5.34025	4.2416148511163005e-24
5.345	1.0725178959133812e-24
5.34975	2.663415044936928e-25
5.3545	6.495822278210198e-26
5.35925	1.5559312544494015e-26
5.364	3.660223960114364e-27
5.3687499999999995	8.456407430511584e-28
5.3735	1.918779736000795e-28
5.3782499999999995	4.275878262536261e-29
5.383	9.358075082972651e-30
5.38775	2.0114475073816674e-30
5.3925	4.246116110684322e-31
5.39725	8.803107655403421e-32
5.402	1.7924256278992171e-32
5.40675	3.584324020326701e-33
5.4115	7.0393800237699014e-34
5.41625	1.3577629983620663e-34
5.421	2.5722809511638454e-35
5.42575	4.8009142430617794e-36
5.430499999999999	9.639074677941264e-37
5.43525	6.524570344702663e-37
5.4399999999999995	2.718883625030825e-36
5.44475	1.435830397796404e-35
5.4495	7.518493802782688e-35
5.45425	3.86772030145644e-34
5.459	1.9540904287798993e-33
5.46375	9.696061967335376e-33
5.4685	4.7250574848387446e-32
5.47325	2.2614125359939786e-31
5.478	1.0629515725401633e-30
5.48275	4.906910614251683e-30
5.4875	2.2246607853675837e-29
5.49225	9.905592018054454e-29
5.497	4.331696882580051e-28
5.5017499999999995	1.8603585947007934e-27
5.5065	7.84686635768559e-27
5.5112499999999995	3.250549857644959e-26
5.516	1.3224473539821044e-25
5.52075	5.283977222546609e-25
5.5255	2.073502036813721e-24
5.53025	7.991144435581347e-24
5.535	3.0246454863407104e-23
5.53975	1.12434854522921e-22
5.5445	4.1047662438120074e-22
5.54925	1.471759618068454e-21
5.554	5.182583639492909e-21
5.55875	1.7923249127474744e-20
5.5634999999999994	6.087628585342852e-20
5.56825	2.0306755441024425e-19
5.5729999999999995	6.652638334659655e-19
5.57775	2.1404657061335367e-18
5.5825	6.7636888226428344e-18
5.58725	2.0990362945721387e-17
5.592	6.397602635920042e-17
5.59675	1.9150299056891676e-16
5.6015	5.629824329326302e-16
5.60625	1.6254556005658953e-15
5.611	4.609102469929828e-15
5.61575	1.2835671695476494e-14
5.6205	3.5106038266623836e-14
5.62525	9.429876999891085e-14
5.63	2.487661120656898e-13
5.6347499999999995	6.445214774729193e-13
5.6395	1.6400026654059715e-12
5.6442499999999995	4.0983844811893994e-12
5.649	1.0058699350339392e-11
5.65375	2.424554446456089e-11
5.6585	5.7396186686314984e-11
5.66325	1.334427927245069e-10
5.668	3.0469700819302665e-10
5.67275	6.83285558809066e-10
5.6775	1.5048640894357449e-09
5.68225	3.2550172920369777e-09
5.687	6.914651651705573e-09
5.69175	1.442607867988847e-08
5.6964999999999995	2.9558832167184494e-08
5.70125	5.9482228549658535e-08
5.7059999999999995	1.1755691368486455e-07
5.71075	2.2817607463770707e-07
5.7155	4.349637038143502e-07
5.72025	8.143234030146943e-07
5.725	1.4972757783087548e-06
5.72975	2.7037570590490767e-06
5.7345	4.795065216197054e-06
5.73925	8.351843635136957e-06
5.744	1.4286675349266285e-05
5.74875	2.4001643546780762e-05
5.7535	3.9601512386912144e-05
5.75825	6.417170035804965e-05
5.763	0.00010212599633061965
5.7677499999999995	0.00015962100859102753
5.7725	0.0002450218301277411
5.7772499999999996	0.00036938605223216106
5.782	0.000546911670330485
5.78675	0.000795270500700532
5.7915	0.0011357259276834034
5.79625	0.0015929171655087624
5.801	0.002194187965808669
5.80575	0.0029683523406501436
5.8105	0.003943828817251468
5.81525	0.005146140593272829
5.82	0.006594869761043769
5.82475	0.008300261697662093
5.8294999999999995	0.010259786757044814
5.83425	0.012455061375360042
5.8389999999999995	0.014849587905687536
5.84375	0.01738777170173734
5.8485	0.01999560119010373
5.85325	0.02258322868183323
5.858	0.025049477075613523
5.86275	0.027288045346412947
5.8675	0.029194930454615006
5.87225	0.030676367695069418
5.877	0.03165645625198477
5.88175	0.032083612142719584
5.8865	0.031935089607441826
5.891249999999999	0.03121902567134585
5.896	0.02997376138915061
5.9007499999999995	0.028264531406839533
5.9055	0.02617793756901517
5.91025	0.023814881569540973
5.915	0.021282787471447736
5.91975	0.01868797774028809
5.9245	0.016128978445640877
5.92925	0.013691342657741176
5.934	0.011444332311516429
5.93875	0.009439530883101148
5.9435	0.0077112132715654
5.94825	0.006278107823682379
5.953	0.005146068206227753
5.95775	0.004311135636558571
5.9624999999999995	0.003762508339421191
5.96725	0.0034850296081206785
5.9719999999999995	0.003460938269925662
5.97675	0.0036707743335808833
5.9815	0.004093478413631492
5.98625	0.0047058496939920294
5.991	0.005481621096896388
5.99575	0.0063904633498904125
6.0005	0.007397237232648737
6.00525	0.00846177516063624
6.01	0.009539393824051643
6.01475	0.010582228207641223
6.0195	0.011541348056674975
6.024249999999999	0.01236948843575102
6.029	0.013024115665971064
6.0337499999999995	0.013470476411007895
6.0385	0.013684254141823704
6.04325	0.013653489311951539
6.048	0.013379503909514995
6.05275	0.012876695220502212
6.0575	0.012171208201342718
6.06225	0.01129863781629376
6.067	0.010301029769006683
6.07175	0.009223522840792918
6.0765	0.008110999088628997
6.08125	0.007005079323639635
6.086	0.005941729197157742
6.09075	0.004949640935275827
6.0954999999999995	0.004049445443999912
6.10025	0.0032537067801268636
6.1049999999999995	0.0025675698465105258
6.10975	0.0019898810266962734
6.1145	0.0015145825296866556
6.11925	0.00113219116413897
6.124	0.000831203885962538
6.12875	0.000599316664395209
6.1335	0.0004243909629259964
6.13825	0.0002951459891281561
6.143	0.0002015898347578636
6.14775	0.00013522635958786552
6.1525	8.908715069513688e-05
6.1572499999999994	5.764076896490937e-05
6.162	3.6627345705100695e-05
6.1667499999999995	2.2858204496698204e-05
6.1715	1.4010052558264874e-05
6.17625	8.433316506785655e-06
6.181	4.9856067533206126e-06
6.18575	2.8946670964368294e-06
6.1905	1.650593816270588e-06
6.19525	9.24363498381938e-07
6.2	5.084009412949698e-07
6.20475	2.7461919451461285e-07
6.2095	1.456855294445577e-07
6.21425	7.590369690555255e-08
6.218999999999999	3.883921339602469e-08
6.22375	1.9518161494144858e-08
6.2284999999999995	9.633151114277698e-09
6.23325	4.6693757520051025e-09
6.2379999999999995	2.222850521205719e-09
6.24275	1.0392563307642396e-09
6.2475	4.771952182684798e-10
6.25225	2.15194155568633e-10
6.257	9.530722964839116e-11
6.26175	4.145550443631106e-11
6.2665	1.770922463750283e-11
6.27125	7.429812848464753e-12
6.276	3.0613796175884195e-12
6.28075	1.2388464566931088e-12
6.2855	4.923554666263177e-13
6.2902499999999995	1.9217683211439827e-13
6.295	7.366891617993985e-14
6.2997499999999995	2.7735022056422365e-14
6.3045	1.0254954439580376e-14
6.30925	3.723916543666928e-15
6.314	1.3280888431284591e-15
6.31875	4.6517385979755425e-16
6.3235	1.600163868408497e-16
6.32825	5.405982089392611e-17
6.333	1.7936831557614996e-17
6.33775	5.844910179527971e-18
6.3425	1.8705569630891833e-18
6.34725	5.879291848557007e-19
6.351999999999999	1.8148472796608692e-19
6.35675	5.501943611559489e-20
6.3614999999999995	1.6381481282563504e-20
6.36625	4.7901728996272955e-21
6.3709999999999996	1.3756570984220673e-21
6.37575	3.8799862108374994e-22
6.3805	1.0747591604845954e-22
6.38525	2.9238367015797014e-23
6.39	7.811888857082187e-24
6.39475	2.0498400909825692e-24
6.3995	5.282565546697543e-25
6.40425	1.336998102241202e-25
6.409	3.323362167999916e-26
6.41375	8.11307586727509e-27
6.4185	1.9451557766604233e-27
6.4232499999999995	4.580197675047676e-28
6.428	1.0591928519967361e-28
6.4327499999999995	2.4056189994733306e-29
6.4375	5.365863660633098e-30
6.44225	1.1754750263863923e-30
6.447	2.528996128052367e-31
6.45175	5.343722618474276e-32
6.4565	1.1089210656234441e-32
6.46125	2.2600515497673715e-33
6.466	4.523733803889824e-34
6.47075	8.892763077861728e-35
6.4755	1.7168699022213635e-35
6.48025	3.255360107474049e-36
6.484999999999999	6.0620801158990355e-37
6.48975	1.108677645324992e-37
6.4944999999999995	1.9913605281629872e-38
6.49925	3.512816651956636e-39
6.504	6.085861375518341e-40
6.50875	1.0354988317085076e-40
6.5135	1.7303667263741202e-41
6.51825	2.8397995241739682e-42
6.523	4.577182126685519e-43
6.52775	7.245522164642699e-44
6.5325	1.1264247125505106e-44
6.53725	1.719870055053757e-45
6.542	2.578992532978037e-46
6.54675	3.798092338789618e-47
6.5515	5.493409041618682e-48
6.5562499999999995	7.803318645334198e-49
6.561	1.0886235614151704e-49
6.5657499999999995	1.491547547662733e-50
6.5705	2.0070466165968765e-51
6.57525	2.6523986712275948e-52
6.58	3.4425569081479825e-53
6.58475	4.3881800570145415e-54
6.5895	5.493495019406862e-55
6.59425	6.754201539363834e-56
6.599	8.155681936885855e-57
6.60375	9.671804958294062e-58
6.6085	1.1264599723545885e-58
6.61325	1.2885016613807906e-59
6.617999999999999	1.4474887139300374e-60
6.62275	1.5970053615468446e-61
6.6274999999999995	1.7304479739742606e-62
6.63225	1.8414999181894728e-63
6.637	1.9246237719034598e-64
6.64175	1.9755179131165406e-65
6.6465	1.9914851988679463e-66
6.65125	1.971669773406262e-67
6.656	1.9171330700751857e-68
6.66075	1.830759614176106e-69
6.6655	1.7170042607752555e-70
6.67025	1.5815116915439307e-71
6.675	1.4306533805893168e-72
6.679749999999999	1.2710347625928004e-73
6.6845	1.1090252045774226e-74
6.6892499999999995	9.50356148395774e-76
6.694	7.998201583884487e-77
6.6987499999999995	6.61088020339546e-78
6.7035	5.3664515591964816e-79
6.70825	4.278348169425241e-80
6.713	3.3498550839193e-81
6.71775	2.5759468605581785e-82
6.7225	1.9453993403239434e-83
6.72725	1.4429178748006772e-84
6.732	1.0510792131250327e-85
6.73675	7.519522543078694e-87
6.7415	5.283309694024126e-88
6.74625	3.6457161847708684e-89
6.7509999999999994	2.470703488673785e-90
6.75575	1.6444451233969774e-91
6.7604999999999995	1.074927383757052e-92
6.76525	6.900806544590658e-94
6.77	4.350924661121451e-95
6.77475	2.694165425548186e-96
6.7795	1.6384301770036759e-97
6.78425	9.785715891057872e-99
6.789	5.740084051007051e-100
6.79375	3.306776825544787e-101
6.7985	1.8709083081908107e-102
6.80325	1.0395876376217569e-103
6.808	5.673233958678118e-105
6.812749999999999	3.0406138252040493e-106
6.8175	1.600489474806228e-107
6.8222499999999995	8.273806574047748e-109
6.827	4.200673137149328e-110
6.8317499999999995	2.0945628669138696e-111
6.8365	1.0257201683876519e-112
6.84125	4.933161967463152e-114
6.846	2.3301444192496565e-115
6.85075	1.0809392522144121e-116
6.8555	4.92471067718603e-118
6.86025	2.203541018190189e-119
6.865	9.683281154848996e-121
6.86975	4.179120840290455e-122
6.8745	1.7713659854188688e-123
6.87925	7.373822128700084e-125
6.8839999999999995	3.014657638822679e-126
6.88875	1.2104429464849303e-127
6.8934999999999995	4.7732220072284614e-129
6.89825	1.848587147153238e-130
6.903	7.031196068141349e-132
6.90775	2.6265125038725733e-133
6.9125	9.635865321420817e-135
6.91725	3.471865998121788e-136
6.922	1.228559437566996e-137
6.92675	4.269631313304769e-139
6.9315	1.457288581314079e-140
6.93625	4.884968118208711e-142
6.941	1.6081956753451293e-143
6.945749999999999	5.1996849540334744e-145
6.9505	1.6511105646421845e-146
6.9552499999999995	5.1491585705683635e-148
6.96	1.5770932065832517e-149
6.9647499999999996	4.743942760465215e-151
6.9695	1.40146580006747e-152
6.97425	4.066179557424117e-154
6.979	1.1586481851470277e-155
6.98375	3.242482220478095e-157
6.9885	8.911783055332952e-159
6.99325	2.40554005369405e-160
6.998	6.377075577809334e-162
7.00275	1.6603189324261342e-163
7.007499999999999	4.2454375891163586e-165
7.01225	1.0661403642584601e-166
7.0169999999999995	2.6294644041867744e-168
7.02175	6.369145797318674e-170
7.0264999999999995	1.5151515331404575e-171
7.03125	3.539907659159052e-173
7.036	8.12248244932232e-175
7.04075	1.8304025600007527e-176
7.0455	4.0510297448687256e-178
7.05025	8.805321835958514e-180
7.055	1.879689090505353e-181
7.05975	3.9408308304897314e-183
7.0645	8.114290429328787e-185
7.06925	1.6408704295182228e-186
7.074	3.2588098001342586e-188
7.078749999999999	6.356304930356736e-190
7.0835	1.2176190039495045e-191
7.0882499999999995	2.2907573918962823e-193
7.093	4.2326051902158905e-195
7.09775	7.680639974336721e-197
7.1025	1.3688253546231643e-198
7.10725	2.3958501885745383e-200
7.112	4.11843541933815e-202
7.11675	6.952897816132076e-204
7.1215	1.1528171214300281e-205
7.12625	1.8772234626719344e-207
7.131	3.002150873492953e-209
7.13575	4.7153077086329395e-211
7.140499999999999	7.273585503063636e-213
7.14525	1.10191486700842e-214
7.1499999999999995	1.639489053527901e-216
7.15475	2.395686495049451e-218
7.1594999999999995	3.4380519333832442e-220
7.16425	4.845692657701872e-222
7.169	6.707493837159794e-224
7.17375	9.118547905367027e-226
7.1785	1.2174526249851006e-227
7.18325	1.5963916273766892e-229
7.188	2.0558328290863726e-231
7.19275	2.600142422637598e-233
7.1975	3.229739253331235e-235
7.20225	3.9400231283838675e-237
7.207	4.720533294931637e-239
7.211749999999999	5.554491975854035e-241
7.2165	6.418870395765919e-243
7.2212499999999995	7.285072105441865e-245
7.226	8.120262842222871e-247
7.23075	8.889294693994959e-249
7.2355	9.557086253017776e-251
7.24025	1.0091243638670732e-252
7.245	1.0464653733904662e-254
7.24975	1.06577620036308e-256
7.2545	1.0660268854690668e-258
7.25925	1.0472039759021805e-260
7.264	1.0103117214074296e-262
7.26875	9.57283306088005e-265
7.273499999999999	8.908130359449126e-267
7.27825	8.14129753178695e-269
7.2829999999999995	7.307379699341238e-271
7.28775	6.441554810810817e-273
7.2924999999999995	5.5767441878060704e-275
7.29725	4.741674356985843e-277
7.302	3.9595306645579974e-279
7.30675	3.2472571467953047e-281
7.3115	2.615475381301101e-283
7.31625	2.0689289484327535e-285
7.321	1.6073168615506946e-287
7.32575	1.226361222526706e-289
7.3305	9.18959355133662e-292
7.33525	6.762934504102478e-294
7.34	4.8880432991746945e-296
7.3447499999999994	3.469731682629902e-298
7.3495	2.4188989373512312e-300
7.3542499999999995	1.6561533230409102e-302
7.359	1.1136387689263145e-304
7.36375	7.354431840629763e-307
7.3685	4.76996176436793e-309
7.37325	3.038376950557e-311
7.378	1.90076922783e-313
7.38275	1.167825936e-315
7.3875	7.046735e-318
7.39225	4.176e-320
7.397	2.4e-322
7.40175	0.0
7.406499999999999	0.0
7.41125	0.0
7.4159999999999995	0.0
7.42075	0.0
7.4254999999999995	0.0
7.43025	0.0
7.435	0.0
7.43975	0.0
7.4445	0.0
7.44925	0.0
7.454	0.0
7.45875	0.0
7.4635	0.0
7.468249999999999	0.0
7.473	0.0
7.4777499999999995	0.0
7.4825	0.0
7.4872499999999995	0.0
7.492	0.0
7.49675	0.0
7.5015	0.0
7.50625	0.0
7.511	0.0
7.51575	0.0
7.5205	0.0
7.52525	0.0
7.53	0.0
7.53475	0.0
7.539499999999999	0.0
7.54425	0.0
7.5489999999999995	0.0
7.55375	0.0
7.5584999999999996	0.0
7.56325	0.0
7.568	0.0
7.57275	0.0
7.5775	0.0
7.58225	0.0
7.587	0.0
7.59175	0.0
7.5965	0.0
7.601249999999999	0.0
7.606	0.0
7.6107499999999995	0.0
7.6155	0.0
7.6202499999999995	0.0
7.625	0.0
7.62975	0.0
7.6345	0.0
7.63925	0.0
7.644	0.0
7.64875	0.0
7.6535	0.0
7.65825	0.0
7.663	0.0
7.66775	0.0
7.672499999999999	0.0
7.67725	0.0
7.6819999999999995	0.0
7.68675	0.0
7.6915	0.0
7.69625	0.0
7.701	0.0
7.70575	0.0
7.7105	0.0
7.71525	0.0
7.72	0.0
7.72475	0.0
7.7295	0.0
7.734249999999999	0.0
7.739	0.0
7.7437499999999995	0.0
7.7485	0.0
7.7532499999999995	0.0
7.758	0.0
7.76275	1.5e-323
7.7675	3.053e-321
7.77225	5.23117e-319
7.777	8.8071683e-317
7.78175	1.4562515317e-314
7.7865	2.364816677704e-312
7.79125	3.7715472116511e-310
7.795999999999999	5.907484653336638e-308
7.80075	9.08754637727765e-306
7.805499999999999	1.3729403313927473e-303
7.81025	2.0371249616545777e-301
7.8149999999999995	2.968552010278374e-299
7.81975	4.248470812281246e-297
7.8245	5.97147474777234e-295
7.82925	8.243118551738604e-293
7.834	1.1175384547869464e-290
7.83875	1.4879707401922928e-288
7.8435	1.9457511276061142e-286
7.84825	2.4988556832672017e-284
7.853	3.1517810772731252e-282
7.85775	3.9041985619630354e-280
7.8625	4.7497279486009e-278
7.867249999999999	5.67500904068812e-276
7.872	6.659250698242449e-274
7.8767499999999995	7.674412815808356e-272
7.8815	8.686122163913331e-270
7.8862499999999995	9.655342725816599e-268
7.891	1.0540723947748923e-265
7.89575	1.1301450050183464e-263
7.9005	1.19003267119106e-261
7.90525	1.2306784165964236e-259
7.91	1.2499460489626656e-257
7.91475	1.246806152540943e-255
7.9195	1.2214272079283255e-253
7.92425	1.1751606146672894e-251
7.928999999999999	1.1104214696021707e-249
7.93375	1.0304797387800273e-247
7.9384999999999994	9.391869485279291e-246
7.94325	8.406701459925808e-244
7.9479999999999995	7.390267963904419e-242
7.95275	6.380514958857181e-240
7.9575	5.4101868094813176e-238
7.96225	4.505362872620909e-236
7.967	3.6847521001406816e-234
7.97175	2.959700452400515e-232
7.9765	2.334792165278202e-230
7.98125	1.808879680740679e-228
7.986	1.3763602388503024e-226
7.99075	1.0285266288664477e-224
7.9955	7.54848761842707e-223
8.00025	5.44083227974857e-221
8.004999999999999	3.851516072216696e-219
8.00975	2.677682468340982e-217
8.0145	1.8282998362764238e-215
8.01925	1.2260177284563513e-213
8.024000000000001	8.074340587805484e-212
8.028749999999999	5.2224989783896824e-210
8.0335	3.317497829096033e-208
8.03825	2.0696833961426698e-206
8.043	1.2681136240436439e-204
8.04775	7.630858595577754e-203
8.0525	4.509720516616816e-201
8.05725	2.6175008693643005e-199
8.062	1.4920556647651676e-197
8.066749999999999	8.353033087478371e-196
8.0715	4.592660707342079e-194
8.07625	2.479964746462224e-192
8.081	1.3151873920685284e-190
8.08575	6.850002833737323e-189
8.090499999999999	3.5039253897516215e-187
8.09525	1.7602726185909928e-185
8.1	8.684923583574766e-184
8.10475	4.208361649221878e-182
8.1095	2.0027239501970444e-180
8.11425	9.360307439188593e-179
8.119	4.2965524702856795e-177
8.123750000000001	1.9369174460773238e-175
8.128499999999999	8.575571782861339e-174
8.13325	3.7288597320608955e-172
8.138	1.592392017201873e-170
8.14275	6.678592128146756e-169
8.1475	2.7509382081358175e-167
8.152249999999999	1.1128528286211576e-165
8.157	4.421357347347129e-164
8.16175	1.7251802799147507e-162
8.1665	6.611109305671667e-161
8.17125	2.488142071990311e-159
8.176	9.196805386381072e-158
8.18075	3.338564743617614e-156
8.185500000000001	1.1902648092710304e-154
8.190249999999999	4.167622453485398e-153
8.195	1.4331581880537969e-151
8.19975	4.840172880439056e-150
8.2045	1.605419756954085e-148
8.20925	5.229706511782188e-147
8.213999999999999	1.6731197111365253e-145
8.21875	5.256996632304538e-144
8.2235	1.6222185622643436e-142
8.22825	4.9163412340519476e-141
8.233	1.4633076927922537e-139
8.23775	4.277502551431337e-138
8.2425	1.228021253852815e-136
8.247250000000001	3.4624417361935886e-135
8.251999999999999	9.587823915236568e-134
8.25675	2.6074657309068978e-132
8.2615	6.964310952305527e-131
8.26625	1.8268323053906895e-129
8.271	4.706306384767037e-128
8.275749999999999	1.1907557711420526e-126
8.2805	2.958871999152313e-125
8.28525	7.220888608812128e-124
8.29	1.7306773009921232e-122
8.29475	4.073826551342126e-121
8.2995	9.417810677000893e-120
8.30425	2.1382494139084145e-118
8.309000000000001	4.7679067418064605e-117
8.313749999999999	1.0441385427058991e-115
8.3185	2.2456883556307185e-114
8.32325	4.7435319644628616e-113
8.328	9.84045456291735e-112
8.33275	2.004885033929151e-110
8.337499999999999	4.0116660403090724e-109
8.34225	7.883535994127585e-108
8.347	1.5215223009357437e-106
8.35175	2.8840087530524514e-105
8.3565	5.368782506341149e-104
8.36125	9.815581465097619e-103
8.366	1.7624517553546818e-101
8.370750000000001	3.1079886775225013e-100
8.375499999999999	5.3827300865343335e-99
8.38025	9.155598988883661e-98
8.385	1.529438106826337e-96
8.38975	2.5092159266362936e-95
8.3945	4.043013102837997e-94
8.399249999999999	6.397838113459822e-93
8.404	9.943111954206972e-92
8.40875	1.5176526918470482e-90
8.413499999999999	2.2750107247152513e-89
8.41825	3.3493110687185133e-88
8.423	4.842710480281343e-87
8.42775	6.876738522401422e-86
8.432500000000001	9.590417228565116e-85
8.437249999999999	1.3135707712433372e-83
8.442	1.7669751248033645e-82
8.44675	2.3343629389255505e-81
8.4515	3.0287770664165826e-80
8.45625	3.859466018043317e-79
8.460999999999999	4.830010992865901e-78
8.46575	5.936493567809052e-77
8.4705	7.165935067356823e-76
8.475249999999999	8.49526088130873e-75
8.48	9.891030848936706e-74
8.48475	1.1310124280845235e-72
8.4895	1.2701475726536787e-71
8.494250000000001	1.4008833468253707e-70
8.498999999999999	1.5174372719738127e-69
8.50375	1.6142860968956338e-68
8.5085	1.686596715392375e-67
8.51325	1.730625022059221e-66
8.518	1.744036989253272e-65
8.52275	1.7261136591861892e-64
8.5275	1.6778149950312272e-63
8.53225	1.6016946992166162e-62
8.536999999999999	1.5016765181232393e-61
8.54175	1.3827193030598797e-60
8.5465	1.250410599193481e-59
8.55125	1.1105350028285609e-58
8.556	9.686632901553093e-58
8.56075	8.298018826797061e-57
8.5655	6.981310834277153e-56
8.57025	5.7684684081459885e-55
8.575	4.681069042651759e-54
8.57975	3.730701996517358e-53
8.5845	2.9200955132818374e-52
8.58925	2.2447322134801093e-51
8.594	1.6947006876544968e-50
8.598749999999999	1.2565577611110589e-49
8.6035	9.150248586035857e-49
8.60825	6.544015407843122e-48
8.613	4.596388382160388e-47
8.61775	3.1706631697026862e-46
8.6225	2.1480504746587394e-45
8.62725	1.429222488143962e-44
8.632	9.339339961598923e-44
8.63675	5.9936794490437456e-43
8.6415	3.777737916965968e-42
8.64625	2.3384663367277853e-41
8.651	1.4216457932971099e-40
8.65575	8.488142672024259e-40
8.660499999999999	4.977312649897972e-39
8.66525	2.8664089914751577e-38
8.67	1.621221586568238e-37
8.67475	9.005494858466795e-37
8.679499999999999	4.912853028238841e-36
8.68425	2.632212493652201e-35
8.689	1.3850616508258671e-34
8.69375	7.157778388431642e-34
8.6985	3.632857609705719e-33
8.70325	1.8108375370285288e-32
8.708	8.864853962438167e-32
8.71275	4.2621101281854315e-31
8.7175	2.0125131810996727e-30
8.722249999999999	9.332839224781663e-30
8.727	4.25059590866211e-29
8.73175	1.9012833279204897e-28
8.7365	8.352276144866395e-28
8.741249999999999	3.603494254365474e-27
8.746	1.5268761373668098e-26
8.75075	6.353964240300673e-26
8.7555	2.596849072597181e-25
8.76025	1.0423405589506122e-24
8.765	4.108975477720159e-24
8.76975	1.590810490715367e-23
8.7745	6.048731792202887e-23
8.77925	2.2587657503801465e-22
8.783999999999999	8.283980055615326e-22
8.78875	2.983787429250599e-21
8.7935	1.0554986929301358e-20
8.79825	3.6669796880822516e-20
8.802999999999999	1.251181440037565e-19
8.80775	4.1926930365956306e-19
8.8125	1.379833947424025e-18
8.81725	4.459863516916091e-18
8.822	1.4157197669383712e-17
8.82675	4.413610539713723e-17
8.8315	1.3513620070738028e-16
8.83625	4.063594708188884e-16
8.841	1.2000795964788261e-15
8.84575	3.480732934572903e-15
8.8505	9.914991304763609e-15
8.85525	2.77379880937209e-14
8.86	7.621115819619343e-14
8.864749999999999	2.0564736570550812e-13
8.8695	5.449902393173635e-13
8.87425	1.4184540849541225e-12
8.879	3.6257914880735885e-12
8.88375	9.10230434335201e-12
8.8885	2.244196415496254e-11
8.89325	5.434146730919836e-11
8.898	1.292298505422395e-10
8.90275	3.0182506845169583e-10
8.9075	6.923229974299884e-10
8.91225	1.5596357915195098e-09
8.917	3.450631738983606e-09
8.92175	7.497820115504845e-09
8.926499999999999	1.6000457683172052e-08
8.93125	3.353441842354857e-08
8.936	6.902559149245077e-08
8.94075	1.395373527445005e-07
8.9455	2.77033192361653e-07
8.95025	5.401745494388161e-07
8.955	1.0344212049740297e-06
8.95975	1.9454572667922105e-06
8.9645	3.593411565486098e-06
8.96925	6.518583176110275e-06
8.974	1.161342838572883e-05
8.97875	2.032023216416633e-05
8.9835	3.4918684137067635e-05
8.988249999999999	5.8931576351261356e-05
8.993	9.76785561287946e-05
8.99775	0.000159005222572211
9.0025	0.00025420525927230834
9.007249999999999	0.000399133939307475
9.012	0.0006154797518740753
9.01675	0.000932115792685264
9.0215	0.0013863948837019423
9.02625	0.0020251864473079077
9.031	0.002905387491141505
9.03575	0.004093587680558736
9.0405	0.005664546107707201
9.04525	0.007698163308668258
9.049999999999999	0.010274722667954529
9.05475	0.013468340310571309
9.0595	0.017338800073851687
9.06425	0.021922242683828707
9.068999999999999	0.027221490930353094
9.07375	0.033197074981184564
9.0785	0.03976021419868618
9.08325	0.04676905513052603
9.088	0.05402931496925207
9.09275	0.06130011807142944
9.0975	0.06830525947242506
9.10225	0.07474944362241875
9.107	0.08033832413581338
9.111749999999999	0.08480052798907559
9.1165	0.08790940267130787
9.12125	0.08950207139263257
9.126	0.08949356909971559
9.130749999999999	0.08788435206142807
9.1355	0.0847602573033259
9.14025	0.08028491691013388
9.145	0.07468556016219269
9.14975	0.06823391775881416
9.1545	0.06122445915460625
9.15925	0.05395237802601229
9.164	0.04669358406577898
9.16875	0.03968851174299134
9.1735	0.033130912835279365
9.17825	0.027162076906129866
9.183	0.021870239136112017
9.18775	0.017294383040859646
9.192499999999999	0.013431286098629588
9.19725	0.010244508122453344
9.202	0.00767406735683517
9.20675	0.00564574276977199
9.2115	0.0040792239788562425
9.21625	0.00289464294704529
9.221	0.002017313688247081
9.22575	0.0013807430124086505
9.2305	0.0009281395030464098
9.23525	0.0006127377608322778
9.24	0.0003972802885393983
9.24475	0.0002529766135887426
9.2495	0.0001582066433867406
9.254249999999999	9.716951669663007e-05
9.259	5.861332431037518e-05
9.26375	3.47235123922546e-05
9.2685	2.02028169579223e-05
9.273249999999999	1.1544129600315265e-05
9.278	6.478454948413769e-06
9.28275	3.5706121370416978e-06
9.2875	1.932746499511151e-06
9.29225	1.0274675117960902e-06
9.297	5.36441399078585e-07
9.30175	2.750663475172838e-07
9.3065	1.3852036545654022e-07
9.31125	6.850950591424123e-08
9.315999999999999	3.327739680176994e-08
9.32075	1.5874889559043488e-08
9.3255	7.437792814978471e-09
9.33025	3.42297059674969e-09
9.334999999999999	1.548473089550122e-09
9.33975	6.915005653584016e-10
9.3445	3.123358968129212e-10
9.34925	1.6120845133935071e-10
9.354	1.3576730209993926e-10
9.35875	2.2113354922079905e-10
9.3635	4.832847989709815e-10
9.36825	1.1142291962065947e-09
9.373	2.5557607003275893e-09
9.377749999999999	5.770211658305991e-09
9.3825	1.2799372751271747e-08
9.38725	2.7885252606898464e-08
9.392	5.966590336010877e-08
9.396749999999999	1.2538328709182874e-07
9.4015	2.5877016596034674e-07
9.40625	5.245051604470691e-07
9.411	1.0441101439062856e-06
9.41575	2.0412859673451052e-06
9.4205	3.919425101819554e-06
9.42525	7.390977394926736e-06
9.43	1.3688074582654582e-05
9.43475	2.4896817531858678e-05
9.439499999999999	4.4474010521634746e-05
9.44425	7.802427415084459e-05
9.449	0.00013443556119787484
9.45375	0.00022748856771741434
9.458499999999999	0.0003780645640263621
9.46325	0.000617068467001784
9.468	0.0009891490077473866
9.47275	0.001557223933726201
9.4775	0.0024076946341755603
9.48225	0.0036560550333184284
9.487	0.005452366345938049
9.49175	0.00798579793852147
9.4965	0.011487157892160945
9.50125	0.016228106472587767
9.506	0.022515629362010518
9.51075	0.0306804212358421
9.5155	0.041058164446396324
9.520249999999999	0.053963328092034316
9.525	0.06965606025351205
9.52975	0.08830393818665923
9.5345	0.10994164301361993
9.53925	0.1344328351556999
9.544	0.16143937873361916
9.54875	0.19040334869556608
9.5535	0.22054675488846942
9.55825	0.2508925394602145
9.563	0.2803082041721295
9.56775	0.3075706274162785
9.5725	0.3314476150964953
9.57725	0.35078897326916364
9.581999999999999	0.3646178881525337
9.58675	0.3722125631108227
9.5915	0.3731686306461074
9.59625	0.367434831673475
9.600999999999999	0.3553175829495623
9.60575	0.3374538694053453
9.6105	0.31475580317609314
9.61525	0.28833357004337823
9.62	0.25940582213996954
9.62475	0.22920755422319553
9.6295	0.19890504836357134
9.63425	0.16952576388824006
9.639	0.14190845711060668
9.643749999999999	0.11667582021124323
9.6485	0.0942290232005288
9.65325	0.07476114103488886
9.658	0.05828482192634389
9.662749999999999	0.044668806954016226
9.6675	0.03367799153216203
9.67225	0.025012452561043536
9.677	0.018342011210064537
9.68175	0.01333420869360136
9.6865	0.009674822901017127
9.69125	0.007081090888505952
9.696	0.005308541549591616
9.70075	0.004152766416535876
9.705499999999999	0.003447597675650768
9.71025	0.003061085247100237
9.715	0.00289044497769617
9.71975	0.0028568598634582574
9.724499999999999	0.002900714817381851
9.72925	0.0029775744969454013
9.734	0.003054997391977562
9.73875	0.003110127277174318
9.7435	0.003127913793433438
9.74825	0.0030997787048520397
9.753	0.0030225507543183328
9.75775	0.002897526118432171
9.7625	0.0027295598276533915
9.76725	0.002526144518016729
9.772	0.002296477478793304
9.77675	0.002050549212274559
9.7815	0.0017983038929324723
9.786249999999999	0.0015489244281293596
9.791	0.001310284878707053
9.79575	0.0010885949289220762
9.8005	0.000888239622628143
9.80525	0.0007117971168401306
9.81	0.0005602011452337283
9.81475	0.0004330052220088257
9.8195	0.00032870285505233454
9.82425	0.0002450614073580348
9.829	0.00017943510845437393
9.83375	0.00012903304358214792
9.8385	9.112876116512435e-05
9.84325	6.320784552174133e-05
9.847999999999999	4.305737003114969e-05
9.85275	2.8806135513312287e-05
9.8575	1.8927074258966005e-05
9.86225	1.2213579351816682e-05
9.866999999999999	7.74040020732028e-06
9.87175	4.817756636834935e-06
9.8765	2.9450134705694794e-06
9.88125	1.7680343466125282e-06
9.886	1.0424496651329586e-06
9.89075	6.036434261612378e-07
9.8955	3.432944966207519e-07
9.90025	1.9174064843544364e-07
9.905	1.0517742325975351e-07
9.909749999999999	5.666199305418054e-08
9.9145	2.99793457472113e-08
9.91925	1.5578062420563606e-08
9.924	7.949974089331417e-09
9.928749999999999	3.984547159230878e-09
9.9335	1.9613414834450382e-09
9.93825	9.481748711079818e-10
9.943	4.5017839990649886e-10
9.94775	2.0991421524752094e-10
9.9525	9.613024093666702e-11
9.95725	4.323537165074467e-11
9.962	1.9097624363405658e-11
9.96675	8.28477048845655e-12
9.971499999999999	3.5297390631933265e-12
9.97625	1.4769497014564121e-12
9.981	6.069456373051454e-13
9.98575	2.4495982742829193e-13
9.990499999999999	9.709590752734883e-14
9.99525	3.7797925774127724e-14
