   1    1   0.00000    5.02890    10.00 100.00      0.00000   0.00000   0.00000 
   2    2   0.06340    6.41100    10.00 100.00      0.00000   0.63510  -0.00000 
   3    3   0.02060    7.20110    10.00 100.00     -0.00000   0.34150  -0.00000 
   4    4   0.05260    7.34270    10.00 100.00      0.00000  -0.00000  -0.54090 
   5    5   0.00000    7.87780    10.00 100.00      0.00000   0.00000   0.00000 
   6    6   0.23120   10.20270    10.00 100.00     -0.00000   0.96170  -0.00000 
   7    7   0.00340   10.77030    10.00 100.00      0.00000  -0.11410   0.00000 
   8    8   0.00000   11.51780    10.00 100.00     -0.00460  -0.00000  -0.00000 
   9    9   0.00270   11.53300    10.00 100.00      0.00000  -0.00000  -0.09730 
  10   10   0.00000   11.80980    10.00 100.00     -0.00000  -0.00000   0.00000 
  11   11   0.04900   12.16730    10.00 100.00     -0.00000   0.00000   0.40530 
  12   12   0.04020   12.56340    10.00 100.00     -0.36160  -0.00000  -0.00000 
  13   13   0.08250   12.78120    10.00 100.00      0.00000  -0.00000  -0.51330 
  14   14   0.00000   12.79630    10.00 100.00     -0.00000  -0.00000  -0.00000 
  15   15   0.04250   13.23240    10.00 100.00     -0.00000  -0.36200   0.00000 
  16   16   0.38630   13.33650    10.00 100.00     -0.00000   0.00000   1.08740 
  17   17   0.02060   13.43790    10.00 100.00      0.25010   0.00000   0.00000 
  18   18   0.00000   13.44570    10.00 100.00      0.00000   0.00000   0.00000 
  19   19   0.00870   13.67440    10.00 100.00      0.00000  -0.00000   0.16090 
  20   20   0.04250   13.67780    10.00 100.00      0.00000  -0.35590   0.00000 
  21   21   0.02640   14.29410    10.00 100.00     -0.27440  -0.00000   0.00000 
  22   22   0.08960   14.32060    10.00 100.00      0.00000  -0.50540  -0.00000 
  23   23   0.12400   14.39750    10.00 100.00     -0.00000   0.00000  -0.59280 
  24   24   0.01380   15.19470    10.00 100.00      0.00000   0.19230   0.00000 
  25   25   0.06230   15.37790    10.00 100.00     -0.40650  -0.00000   0.00000 
  26   26   0.02350   15.42790    10.00 100.00      0.00000  -0.24920  -0.00000 
  27   27   0.03380   15.44450    10.00 100.00      0.00000   0.00000  -0.29880 
  28   28   0.00000   15.78370    10.00 100.00     -0.00000  -0.00000   0.00000 
  29   29   0.00040   16.04790    10.00 100.00     -0.00000  -0.00000   0.03190 
  30   30   0.15800   16.09430    10.00 100.00      0.63310  -0.00000   0.00000 
state state   Osc.      E(eV)      dum   dum        TrDx      TrDy       TrDz 
