   1    1   0.00000    1.39230    10.00 100.00     -0.00000   0.00000   0.00000 
   2    2   0.03710    3.65910    10.00 100.00      0.00000   0.00000   0.64360 
   3    3   0.00350    4.12390    10.00 100.00      0.00000  -0.18500   0.00000 
   4    4   0.00060    4.13110    10.00 100.00      0.07570   0.00000   0.00000 
   5    5   0.00720    4.94820    10.00 100.00     -0.24410  -0.00000   0.00000 
   6    6   0.00180    6.90510    10.00 100.00     -0.00000  -0.10380   0.00000 
   7    7   0.00000    6.99010    10.00 100.00      0.00000  -0.00000   0.00000 
   8    8   0.07040    7.45710    10.00 100.00     -0.62100   0.00000  -0.00000 
   9    9   0.01680    8.01370    10.00 100.00      0.00000  -0.00000  -0.29260 
  10   10   0.03510    8.54450    10.00 100.00     -0.00000  -0.40930   0.00000 
  11   11   0.00000    8.54640    10.00 100.00      0.00000   0.00000   0.00000 
  12   12   0.00000    8.58020    10.00 100.00     -0.00000   0.00000  -0.00000 
  13   13   0.11370    9.12260    10.00 100.00      0.00000   0.00000   0.71320 
  14   14   0.03560    9.15740    10.00 100.00     -0.39830   0.00000   0.00000 
  15   15   0.26640    9.35680    10.00 100.00     -0.00000  -0.00000  -1.07810 
  16   16   0.06870    9.92130    10.00 100.00      0.00000  -0.00000  -0.53150 
  17   17   0.01430   10.04220    10.00 100.00     -0.00000  -0.24100   0.00000 
  18   18   0.00750   10.27140    10.00 100.00      0.00000   0.17290  -0.00000 
  19   19   0.04960   10.54830    10.00 100.00     -0.43790   0.00000   0.00000 
  20   20   0.01410   10.82520    10.00 100.00      0.00000  -0.23090   0.00000 
  21   21   0.00000   10.82530    10.00 100.00     -0.00000   0.00000   0.00000 
  22   22   0.23030   10.93630    10.00 100.00      0.00000   0.00000  -0.92720 
  23   23   0.00190   11.37040    10.00 100.00     -0.08250   0.00000  -0.00000 
  24   24   0.00270   11.50760    10.00 100.00      0.00000  -0.09810  -0.00000 
  25   25   0.00000   12.05320    10.00 100.00     -0.00000   0.00000   0.00000 
  26   26   0.37860   12.15950    10.00 100.00      0.00000  -0.00000   1.12740 
  27   27   0.13960   12.21010    10.00 100.00     -0.00000  -0.68300  -0.00000 
  28   28   0.00230   12.25260    10.00 100.00      0.08830  -0.00000   0.00000 
  29   29   0.02490   12.81710    10.00 100.00      0.00000   0.00000   0.28130 
  30   30   0.11830   12.95390    10.00 100.00      0.00000   0.00000  -0.61050 
state state   Osc.      E(eV)      dum   dum        TrDx      TrDy       TrDz 
