   1    1   0.00000    5.38730    10.00 100.00      0.00000   0.00000   0.00000 
   2    2   0.07810    6.10300    10.00 100.00      0.00000   0.72260  -0.00000 
   3    3   0.02100    6.89010    10.00 100.00     -0.00000   0.35310  -0.00000 
   4    4   0.04690    7.02800    10.00 100.00     -0.00000  -0.00000  -0.52210 
   5    5   0.00000    7.67310    10.00 100.00      0.00000   0.00000   0.00000 
   6    6   0.27390   10.04200    10.00 100.00     -0.00000   1.05510  -0.00000 
   7    7   0.01960   10.39610    10.00 100.00      0.00000   0.27770   0.00000 
   8    8   0.00030   11.39320    10.00 100.00      0.00000   0.00000   0.03240 
   9    9   0.00000   11.47940    10.00 100.00     -0.00000  -0.00000  -0.00000 
  10   10   0.16710   12.10680    10.00 100.00      0.00000  -0.00000  -0.75050 
  11   11   0.00110   12.62150    10.00 100.00     -0.06070   0.00000  -0.00000 
  12   12   0.04040   12.79330    10.00 100.00      0.00000  -0.35910   0.00000 
  13   13   0.00160   13.37440    10.00 100.00     -0.00000   0.00000  -0.06970 
  14   14   0.04010   13.77040    10.00 100.00     -0.34480   0.00000  -0.00000 
  15   15   0.21650   14.02290    10.00 100.00     -0.00000  -0.00000   0.79380 
  16   16   0.04410   14.11410    10.00 100.00      0.00000  -0.35730  -0.00000 
  17   17   0.00000   14.35540    10.00 100.00      0.00000  -0.00000   0.00000 
  18   18   0.07490   14.45070    10.00 100.00      0.00000   0.00000   0.45990 
  19   19   0.00000   14.64710    10.00 100.00      0.00000  -0.00000  -0.00000 
  20   20   0.01670   14.64790    10.00 100.00      0.21590  -0.00000  -0.00000 
  21   21   0.01910   14.88220    10.00 100.00     -0.22880  -0.00000   0.00000 
  22   22   0.03480   15.18820    10.00 100.00     -0.00000  -0.30600  -0.00000 
  23   23   0.06120   15.26420    10.00 100.00     -0.00000  -0.40470   0.00000 
  24   24   0.13840   15.62380    10.00 100.00      0.00000  -0.00000  -0.60140 
  25   25   0.16230   15.69590    10.00 100.00     -0.64970  -0.00000  -0.00000 
  26   26   0.00110   15.94680    10.00 100.00     -0.00000   0.00000   0.05340 
  27   27   0.01160   16.13900    10.00 100.00      0.00000   0.17100  -0.00000 
  28   28   0.02380   16.49710    10.00 100.00      0.00000   0.00000   0.24280 
  29   29   0.09410   16.64170    10.00 100.00      0.00000  -0.00000   0.48030 
  30   30   0.00540   16.67350    10.00 100.00     -0.00000  -0.11450  -0.00000 
state state   Osc.      E(eV)      dum   dum        TrDx      TrDy       TrDz 
