0.5	0.0
0.50475	0.0
0.5095	0.0
0.51425	0.0
0.519	0.0
0.52375	0.0
0.5285	0.0
0.53325	0.0
0.538	0.0
0.54275	0.0
0.5475	0.0
0.55225	0.0
0.5569999999999999	0.0
0.56175	0.0
0.5665	0.0
0.57125	0.0
0.576	0.0
0.58075	0.0
0.5855	0.0
0.5902499999999999	0.0
0.595	0.0
0.59975	0.0
0.6045	0.0
0.60925	0.0
0.614	0.0
0.61875	0.0
0.6234999999999999	0.0
0.62825	0.0
0.633	0.0
0.63775	0.0
0.6425	0.0
0.64725	0.0
0.652	0.0
0.65675	0.0
0.6615	0.0
0.66625	0.0
0.671	0.0
0.67575	0.0
0.6805	0.0
0.68525	0.0
0.69	0.0
0.69475	0.0
0.6995	0.0
0.70425	0.0
0.709	0.0
0.71375	0.0
0.7185	0.0
0.72325	0.0
0.728	0.0
0.73275	0.0
0.7375	0.0
0.74225	0.0
0.747	0.0
0.7517499999999999	0.0
0.7565	0.0
0.76125	0.0
0.766	0.0
0.77075	0.0
0.7755	0.0
0.78025	0.0
0.7849999999999999	0.0
0.78975	0.0
0.7945	0.0
0.79925	0.0
0.804	0.0
0.80875	0.0
0.8135	0.0
0.8182499999999999	0.0
0.823	0.0
0.82775	0.0
0.8325	0.0
0.83725	0.0
0.842	0.0
0.84675	0.0
0.8514999999999999	0.0
0.85625	0.0
0.861	0.0
0.86575	0.0
0.8705	0.0
0.87525	0.0
0.88	0.0
0.8847499999999999	0.0
0.8895	0.0
0.89425	0.0
0.899	0.0
0.90375	0.0
0.9085	0.0
0.91325	0.0
0.9179999999999999	0.0
0.92275	0.0
0.9275	0.0
0.93225	0.0
0.937	0.0
0.94175	0.0
0.9465	0.0
0.9512499999999999	0.0
0.956	0.0
0.96075	0.0
0.9655	0.0
0.9702500000000001	0.0
0.975	0.0
0.97975	0.0
0.9844999999999999	0.0
0.98925	0.0
0.994	0.0
0.99875	0.0
1.0034999999999998	0.0
1.0082499999999999	0.0
1.013	0.0
1.01775	0.0
1.0225	0.0
1.02725	0.0
1.032	0.0
1.03675	0.0
1.0415	0.0
1.0462500000000001	0.0
1.051	0.0
1.05575	0.0
1.0605	0.0
1.06525	0.0
1.0699999999999998	0.0
1.0747499999999999	0.0
1.0795	0.0
1.08425	0.0
1.089	0.0
1.09375	0.0
1.0985	0.0
1.10325	0.0
1.108	0.0
1.1127500000000001	0.0
1.1175	0.0
1.12225	0.0
1.127	0.0
1.13175	0.0
1.1364999999999998	0.0
1.1412499999999999	0.0
1.146	0.0
1.15075	0.0
1.1555	0.0
1.16025	0.0
1.165	0.0
1.16975	0.0
1.1745	0.0
1.1792500000000001	0.0
1.184	0.0
1.18875	0.0
1.1935	0.0
1.19825	0.0
1.2029999999999998	0.0
1.2077499999999999	0.0
1.2125	0.0
1.21725	0.0
1.222	0.0
1.22675	0.0
1.2315	0.0
1.23625	0.0
1.241	0.0
1.2457500000000001	0.0
1.2505	0.0
1.25525	0.0
1.26	0.0
1.2647499999999998	0.0
1.2694999999999999	0.0
1.2742499999999999	0.0
1.279	0.0
1.28375	0.0
1.2885	0.0
1.29325	0.0
1.298	0.0
1.30275	0.0
1.3075	0.0
1.3122500000000001	0.0
1.317	0.0
1.32175	0.0
1.3265	0.0
1.3312499999999998	0.0
1.3359999999999999	0.0
1.3407499999999999	0.0
1.3455	0.0
1.35025	0.0
1.355	0.0
1.35975	0.0
1.3645	0.0
1.36925	0.0
1.374	0.0
1.3787500000000001	0.0
1.3835	0.0
1.38825	0.0
1.393	0.0
1.3977499999999998	0.0
1.4024999999999999	0.0
1.40725	0.0
1.412	0.0
1.41675	0.0
1.4215	0.0
1.42625	0.0
1.431	0.0
1.43575	0.0
1.4405000000000001	0.0
1.44525	0.0
1.45	0.0
1.45475	0.0
1.4595	0.0
1.4642499999999998	0.0
1.4689999999999999	0.0
1.47375	0.0
1.4785	0.0
1.48325	0.0
1.488	0.0
1.49275	0.0
1.4975	0.0
1.50225	0.0
1.507	0.0
1.51175	0.0
1.5165	0.0
1.52125	0.0
1.526	0.0
1.53075	0.0
1.5354999999999999	0.0
1.54025	0.0
1.545	0.0
1.54975	0.0
1.5545	0.0
1.55925	0.0
1.564	0.0
1.5687499999999999	0.0
1.5735	0.0
1.57825	0.0
1.583	0.0
1.58775	0.0
1.5925	0.0
1.59725	0.0
1.6019999999999999	0.0
1.60675	0.0
1.6115	0.0
1.61625	0.0
1.621	0.0
1.62575	0.0
1.6305	0.0
1.6352499999999999	0.0
1.64	0.0
1.64475	0.0
1.6495	0.0
1.65425	0.0
1.659	0.0
1.66375	0.0
1.6684999999999999	0.0
1.67325	0.0
1.678	0.0
1.68275	0.0
1.6875	0.0
1.69225	0.0
1.697	0.0
1.7017499999999999	0.0
1.7065	0.0
1.71125	0.0
1.716	0.0
1.72075	0.0
1.7255	0.0
1.73025	0.0
1.7349999999999999	0.0
1.73975	0.0
1.7445	0.0
1.74925	0.0
1.754	0.0
1.75875	0.0
1.7635	0.0
1.7682499999999999	0.0
1.773	0.0
1.77775	0.0
1.7825	0.0
1.78725	0.0
1.792	0.0
1.79675	0.0
1.8014999999999999	0.0
1.80625	0.0
1.811	0.0
1.81575	0.0
1.8205	0.0
1.82525	0.0
1.83	0.0
1.8347499999999999	0.0
1.8395	0.0
1.84425	0.0
1.849	0.0
1.85375	0.0
1.8585	0.0
1.86325	0.0
1.8679999999999999	0.0
1.87275	0.0
1.8775	0.0
1.88225	0.0
1.887	0.0
1.89175	0.0
1.8965	0.0
1.9012499999999999	0.0
1.906	0.0
1.91075	0.0
1.9155	0.0
1.92025	0.0
1.925	0.0
1.9297499999999999	0.0
1.9344999999999999	0.0
1.93925	0.0
1.944	0.0
1.94875	0.0
1.9535	0.0
1.95825	0.0
1.9629999999999999	0.0
1.9677499999999999	0.0
1.9725	0.0
1.97725	0.0
1.982	0.0
1.98675	0.0
1.9915	0.0
1.9962499999999999	0.0
2.001	0.0
2.00575	0.0
2.0105	0.0
2.01525	0.0
2.02	0.0
2.02475	0.0
2.0294999999999996	0.0
2.03425	0.0
2.0389999999999997	0.0
2.04375	0.0
2.0484999999999998	0.0
2.0532500000000002	0.0
2.058	0.0
2.06275	0.0
2.0675	0.0
2.07225	0.0
2.077	0.0
2.08175	0.0
2.0865	0.0
2.09125	0.0
2.096	0.0
2.1007499999999997	0.0
2.1055	0.0
2.1102499999999997	0.0
2.115	0.0
2.11975	0.0
2.1245000000000003	0.0
2.12925	0.0
2.134	0.0
2.13875	0.0
2.1435	0.0
2.14825	0.0
2.153	0.0
2.15775	0.0
2.1624999999999996	0.0
2.16725	0.0
2.1719999999999997	0.0
2.17675	0.0
2.1814999999999998	0.0
2.1862500000000002	0.0
2.191	0.0
2.19575	0.0
2.2005	0.0
2.20525	0.0
2.21	0.0
2.21475	0.0
2.2195	0.0
2.22425	0.0
2.229	0.0
2.2337499999999997	0.0
2.2385	0.0
2.2432499999999997	0.0
2.248	0.0
2.25275	0.0
2.2575000000000003	0.0
2.26225	0.0
2.267	0.0
2.27175	0.0
2.2765	0.0
2.28125	0.0
2.286	0.0
2.29075	0.0
2.2954999999999997	0.0
2.30025	0.0
2.3049999999999997	0.0
2.30975	0.0
2.3145	0.0
2.3192500000000003	0.0
2.324	0.0
2.32875	0.0
2.3335	0.0
2.33825	0.0
2.343	0.0
2.34775	0.0
2.3525	0.0
2.3572499999999996	0.0
2.362	0.0
2.3667499999999997	0.0
2.3715	0.0
2.3762499999999998	0.0
2.3810000000000002	0.0
2.38575	0.0
2.3905	0.0
2.39525	0.0
2.4	0.0
2.40475	0.0
2.4095	0.0
2.41425	0.0
2.419	0.0
2.42375	0.0
2.4284999999999997	0.0
2.43325	0.0
2.4379999999999997	0.0
2.44275	0.0
2.4475	0.0
2.4522500000000003	0.0
2.457	0.0
2.46175	0.0
2.4665	0.0
2.47125	0.0
2.476	0.0
2.48075	0.0
2.4855	0.0
2.4902499999999996	0.0
2.495	0.0
2.4997499999999997	0.0
2.5045	0.0
2.5092499999999998	0.0
2.514	0.0
2.51875	0.0
2.5235	0.0
2.52825	0.0
2.533	0.0
2.53775	0.0
2.5425	0.0
2.54725	0.0
2.552	0.0
2.55675	0.0
2.5615	0.0
2.56625	0.0
2.5709999999999997	0.0
2.5757499999999998	0.0
2.5805	0.0
2.58525	0.0
2.59	0.0
2.59475	0.0
2.5995	0.0
2.60425	0.0
2.609	0.0
2.61375	0.0
2.6185	0.0
2.62325	0.0
2.628	0.0
2.63275	0.0
2.6374999999999997	0.0
2.6422499999999998	0.0
2.647	0.0
2.65175	0.0
2.6565	0.0
2.66125	0.0
2.666	0.0
2.67075	0.0
2.6755	0.0
2.68025	0.0
2.685	0.0
2.68975	0.0
2.6945	0.0
2.69925	0.0
2.7039999999999997	0.0
2.7087499999999998	0.0
2.7135	0.0
2.71825	0.0
2.723	0.0
2.72775	0.0
2.7325	0.0
2.73725	0.0
2.742	0.0
2.74675	0.0
2.7515	0.0
2.75625	0.0
2.761	0.0
2.76575	0.0
2.7704999999999997	0.0
2.7752499999999998	0.0
2.78	0.0
2.78475	0.0
2.7895	0.0
2.79425	0.0
2.799	0.0
2.80375	0.0
2.8085	0.0
2.81325	0.0
2.818	0.0
2.82275	0.0
2.8275	0.0
2.83225	0.0
2.8369999999999997	0.0
2.8417499999999998	0.0
2.8465	0.0
2.85125	0.0
2.856	0.0
2.86075	0.0
2.8655	0.0
2.87025	0.0
2.875	0.0
2.87975	0.0
2.8845	0.0
2.88925	0.0
2.894	0.0
2.89875	0.0
2.9034999999999997	0.0
2.90825	0.0
2.913	0.0
2.91775	0.0
2.9225	0.0
2.92725	0.0
2.932	0.0
2.93675	0.0
2.9415	0.0
2.94625	0.0
2.951	0.0
2.95575	0.0
2.9605	0.0
2.9652499999999997	0.0
2.9699999999999998	0.0
2.97475	0.0
2.9795	0.0
2.98425	0.0
2.989	0.0
2.99375	0.0
2.9985	0.0
3.00325	0.0
3.008	0.0
3.01275	0.0
3.0175	0.0
3.02225	0.0
3.027	0.0
3.0317499999999997	0.0
3.0364999999999998	0.0
3.04125	0.0
3.046	0.0
3.05075	0.0
3.0555	0.0
3.06025	0.0
3.065	0.0
3.06975	0.0
3.0745	0.0
3.07925	0.0
3.084	0.0
3.08875	0.0
3.0935	0.0
3.0982499999999997	0.0
3.1029999999999998	0.0
3.10775	0.0
3.1125	0.0
3.11725	0.0
3.122	0.0
3.12675	0.0
3.1315	0.0
3.13625	0.0
3.141	0.0
3.14575	0.0
3.1505	0.0
3.15525	0.0
3.16	0.0
3.1647499999999997	0.0
3.1694999999999998	0.0
3.17425	0.0
3.179	0.0
3.18375	0.0
3.1885	0.0
3.19325	0.0
3.198	0.0
3.20275	0.0
3.2075	0.0
3.21225	0.0
3.217	0.0
3.22175	0.0
3.2265	0.0
3.2312499999999997	0.0
3.2359999999999998	0.0
3.24075	0.0
3.2455	0.0
3.25025	0.0
3.255	0.0
3.25975	0.0
3.2645	0.0
3.26925	0.0
3.274	0.0
3.27875	0.0
3.2835	0.0
3.28825	0.0
3.293	0.0
3.2977499999999997	0.0
3.3024999999999998	0.0
3.30725	0.0
3.312	0.0
3.31675	0.0
3.3215	0.0
3.32625	0.0
3.331	0.0
3.33575	0.0
3.3405	0.0
3.34525	0.0
3.35	0.0
3.35475	0.0
3.3594999999999997	0.0
3.3642499999999997	0.0
3.3689999999999998	0.0
3.37375	0.0
3.3785	0.0
3.38325	0.0
3.388	0.0
3.39275	0.0
3.3975	0.0
3.40225	0.0
3.407	0.0
3.41175	0.0
3.4165	0.0
3.42125	0.0
3.4259999999999997	0.0
3.4307499999999997	0.0
3.4354999999999998	0.0
3.44025	0.0
3.445	0.0
3.44975	0.0
3.4545	0.0
3.45925	0.0
3.464	0.0
3.46875	0.0
3.4735	0.0
3.47825	0.0
3.483	0.0
3.48775	0.0
3.4924999999999997	0.0
3.4972499999999997	0.0
3.502	0.0
3.50675	0.0
3.5115	0.0
3.51625	0.0
3.521	0.0
3.52575	0.0
3.5305	0.0
3.53525	0.0
3.54	0.0
3.54475	0.0
3.5495	0.0
3.55425	0.0
3.5589999999999997	0.0
3.5637499999999998	0.0
3.5685	0.0
3.57325	0.0
3.578	0.0
3.58275	0.0
3.5875	0.0
3.59225	0.0
3.597	0.0
3.60175	0.0
3.6065	0.0
3.61125	0.0
3.616	0.0
3.62075	0.0
3.6254999999999997	0.0
3.6302499999999998	0.0
3.635	0.0
3.63975	0.0
3.6445	0.0
3.64925	0.0
3.654	0.0
3.65875	0.0
3.6635	0.0
3.66825	0.0
3.673	0.0
3.67775	0.0
3.6825	0.0
3.68725	0.0
3.6919999999999997	0.0
3.6967499999999998	0.0
3.7015	0.0
3.70625	0.0
3.711	0.0
3.71575	0.0
3.7205	0.0
3.72525	0.0
3.73	0.0
3.73475	0.0
3.7395	0.0
3.74425	0.0
3.749	0.0
3.7537499999999997	0.0
3.7584999999999997	0.0
3.7632499999999998	0.0
3.768	0.0
3.77275	0.0
3.7775	0.0
3.78225	0.0
3.787	0.0
3.79175	0.0
3.7965	0.0
3.80125	0.0
3.806	0.0
3.81075	0.0
3.8155	0.0
3.8202499999999997	0.0
3.8249999999999997	0.0
3.8297499999999998	0.0
3.8345	0.0
3.83925	0.0
3.844	0.0
3.84875	0.0
3.8535	0.0
3.85825	0.0
3.863	0.0
3.86775	0.0
3.8725	0.0
3.87725	0.0
3.882	0.0
3.8867499999999997	0.0
3.8914999999999997	0.0
3.8962499999999998	0.0
3.901	0.0
3.90575	0.0
3.9105	0.0
3.91525	0.0
3.92	0.0
3.92475	0.0
3.9295	0.0
3.93425	0.0
3.939	0.0
3.94375	0.0
3.9485	0.0
3.9532499999999997	0.0
3.9579999999999997	0.0
3.9627499999999998	0.0
3.9675	0.0
3.97225	0.0
3.977	0.0
3.98175	0.0
3.9865	0.0
3.99125	0.0
3.996	0.0
4.00075	0.0
4.0055	0.0
4.01025	0.0
4.015000000000001	0.0
4.01975	0.0
4.0245	0.0
4.029249999999999	0.0
4.034	0.0
4.03875	0.0
4.0435	0.0
4.0482499999999995	0.0
4.053	0.0
4.05775	0.0
4.0625	0.0
4.06725	0.0
4.072	0.0
4.0767500000000005	0.0
4.0815	0.0
4.08625	0.0
4.090999999999999	0.0
4.09575	0.0
4.1005	0.0
4.10525	0.0
4.109999999999999	0.0
4.11475	0.0
4.1195	0.0
4.12425	0.0
4.129	0.0
4.13375	0.0
4.1385000000000005	0.0
4.14325	0.0
4.148	0.0
4.152749999999999	0.0
4.1575	0.0
4.16225	0.0
4.167	0.0
4.171749999999999	0.0
4.1765	0.0
4.18125	0.0
4.186	0.0
4.1907499999999995	0.0
4.1955	0.0
4.2002500000000005	0.0
4.205	0.0
4.20975	0.0
4.214499999999999	0.0
4.21925	0.0
4.224	0.0
4.22875	0.0
4.233499999999999	0.0
4.23825	0.0
4.243	0.0
4.24775	0.0
4.2524999999999995	0.0
4.25725	0.0
4.2620000000000005	0.0
4.26675	0.0
4.2715	0.0
4.27625	0.0
4.281	0.0
4.28575	0.0
4.2905	0.0
4.295249999999999	0.0
4.3	5e-324
4.30475	5.4e-322
4.3095	9.278e-320
4.3142499999999995	1.5718664e-317
4.319	2.615403595e-315
4.32375	4.2738849477e-313
4.3285	6.859112439894e-311
4.33325	1.0811202504125444e-308
4.338	1.6735591505482785e-306
4.3427500000000006	2.5443046749422303e-304
4.3475	3.7989025199583284e-302
4.35225	5.570679439699498e-300
4.356999999999999	8.022674479257867e-298
4.36175	1.1347263987711068e-295
4.3665	1.576246483765337e-293
4.37125	2.1503942373651638e-291
4.3759999999999994	2.881197497750716e-289
4.38075	3.791307019121687e-287
4.3855	4.899659111342448e-285
4.39025	6.218759487763986e-283
4.395	7.751801450700575e-281
4.39975	9.489918984180944e-279
4.4045000000000005	1.1409939821040119e-276
4.40925	1.3473027227185315e-274
4.414	1.5624567537718584e-272
4.418749999999999	1.7795566116051758e-270
4.4235	1.9905660642487858e-268
4.42825	2.1867662768669797e-266
4.433	2.359332359995516e-264
4.437749999999999	2.4999819071769885e-262
4.4425	2.6016303565816748e-260
4.44725	2.658981414938026e-258
4.452	2.6689841630887035e-256
4.4567499999999995	2.6311019498266612e-254
4.4615	2.547360091738584e-252
4.4662500000000005	2.4221664786464825e-250
4.471	2.2619271989475574e-248
4.47575	2.0745038295792774e-246
4.480499999999999	1.8685763314327587e-244
4.48525	1.652983165932434e-242
4.49	1.4361076727667746e-240
4.49475	1.2253680683945624e-238
4.499499999999999	1.0268502187904752e-236
4.50425	8.451010194595296e-235
4.509	6.830793175086672e-233
4.51375	5.422438445131481e-231
4.5184999999999995	4.227456136214567e-229
4.52325	3.2368649065706516e-227
4.528	2.434058561220287e-225
4.53275	1.7976223372286535e-223
4.5375	1.3038477257615816e-221
4.54225	9.287873169267231e-220
4.547	6.497804840270536e-218
4.55175	4.464553534221579e-216
4.5565	3.012661872565244e-214
4.56125	1.9965662799008695e-212
4.566	1.2995053070769266e-210
4.57075	8.306792603199825e-209
4.5755	5.2149441559610406e-207
4.5802499999999995	3.21534028193183e-205
4.585	1.946996654434645e-203
4.5897499999999996	1.1578824028858595e-201
4.5945	6.762771079676077e-200
4.59925	3.879233346875391e-198
4.604	2.185385748960818e-196
4.60875	1.2091252582730633e-194
4.6135	6.570152725588287e-193
4.61825	3.506231774044006e-191
4.623	1.8376667681326693e-189
4.62775	9.459188651501427e-188
4.6325	4.781916593732849e-186
4.63725	2.3741660552279805e-184
4.6419999999999995	1.1576603806710171e-182
4.64675	5.543859740313851e-181
4.6514999999999995	2.6073797144194297e-179
4.65625	1.2043627516152978e-177
4.661	5.4635048472315134e-176
4.66575	2.4341443810759567e-174
4.6705	1.0650802253109648e-172
4.67525	4.576982930520419e-171
4.68	1.931689186455991e-169
4.68475	8.006748537616114e-168
4.6895	3.259388389812483e-166
4.69425	1.3030978370305842e-164
4.699	5.1165699776407447e-163
4.70375	1.9730668370601285e-161
4.7085	7.472495472790767e-160
4.7132499999999995	2.7793965153784864e-158
4.718	1.0153045709165168e-156
4.72275	3.642530179216239e-155
4.7275	1.2834263767513468e-153
4.73225	4.441194027371035e-152
4.737	1.509348467725982e-150
4.74175	5.037792481302155e-149
4.7465	1.6513989883572786e-147
4.75125	5.316486790112199e-146
4.756	1.680964139601812e-144
4.76075	5.219791342672512e-143
4.7655	1.5918744837362798e-141
4.77025	4.767881848909614e-140
4.7749999999999995	1.4025008485721835e-138
4.77975	4.051741831304573e-137
4.7844999999999995	1.14958577803264e-135
4.78925	3.203332235125602e-134
4.794	8.766446169988011e-133
4.79875	2.356167391994676e-131
4.8035	6.219417292624855e-130
4.80825	1.612331121768642e-128
4.813	4.105062386697444e-127
4.81775	1.0264700236178701e-125
4.8225	2.5207731538239574e-124
4.82725	6.079701312555403e-123
4.832	1.4400968705759019e-121
4.83675	3.350133814160807e-120
4.8415	7.654090390959506e-119
4.8462499999999995	1.7174575189662386e-117
4.851	3.7847692382303816e-116
4.85575	8.191318095966855e-115
4.8605	1.7411218356479273e-113
4.86525	3.6346744444468436e-112
4.87	7.451828605068503e-111
4.87475	1.50044880491118e-109
4.8795	2.967156757656451e-108
4.88425	5.762630650719702e-107
4.889	1.0991629050091384e-105
4.89375	2.059037831618941e-104
4.8985	3.7881535434119473e-103
4.90325	6.844658832696914e-102
4.9079999999999995	1.2146104762155076e-100
4.91275	2.1168165583327863e-99
4.9174999999999995	3.623184168228135e-98
4.92225	6.090578997608354e-97
4.927	1.0055131062577194e-95
4.93175	1.6303388419623414e-94
4.9365	2.596145327844736e-93
4.94125	4.0601409336440794e-92
4.946	6.236116249736734e-91
4.95075	9.406937977534508e-90
4.9555	1.3936167046800694e-88
4.96025	2.0276798751143245e-87
4.965	2.897453152251821e-86
4.9697499999999994	4.0662533992530736e-85
4.9745	5.604455698283125e-84
4.9792499999999995	7.586359626782834e-83
4.984	1.0085429472663348e-81
4.98875	1.3167894904791877e-80
4.9935	1.688493104121377e-79
4.99825	2.1263914409118404e-78
5.003	2.629953829784708e-77
5.00775	3.194581833807551e-76
5.0125	3.811017084525892e-75
5.01725	4.465075001511449e-74
5.022	5.1378048632713756e-73
5.02675	5.806139114865399e-72
5.0315	6.444040388165471e-71
5.03625	7.024089792084281e-70
5.0409999999999995	7.519393979394838e-69
5.04575	7.905632292582402e-68
5.0504999999999995	8.16302948816166e-67
5.05525	8.278032073665792e-66
5.06	8.244490630402617e-65
5.06475	8.06420459086359e-64
5.0695	7.746762304413307e-63
5.07425	7.308696174193971e-62
5.079	6.772056469538053e-61
5.08375	6.162575001489589e-60
5.0885	5.507631174974405e-59
5.09325	4.8342428742494064e-58
5.098	4.167283692762965e-57
5.1027499999999995	3.528081849846615e-56
5.1075	2.9334941200038487e-55
5.1122499999999995	2.395481254366526e-54
5.117	1.9211501803851335e-53
5.12175	1.5131808614586674e-52
5.1265	1.1705267638195513e-51
5.13125	8.892683615433686e-51
5.136	6.635067094767545e-50
5.14075	4.8620428397238335e-49
5.1455	3.499074811546184e-48
5.15025	2.4731397592620597e-47
5.155	1.7167421707564186e-46
5.15975	1.1703681003484816e-45
5.1645	7.836116090642683e-45
5.16925	5.152763754128694e-44
5.1739999999999995	3.3276725610895887e-43
5.17875	2.110580516664424e-42
5.1834999999999996	1.314692690701485e-41
5.18825	8.042805322449402e-41
5.193	4.832277313577616e-40
5.19775	2.8513933143561157e-39
5.2025	1.6524312100197832e-38
5.20725	9.404823199886206e-38
5.212	5.257010772767228e-37
5.21675	2.885945217639747e-36
5.2215	1.5559594812206348e-35
5.22625	8.238904491900593e-35
5.231	4.2845147084971245e-34
5.2357499999999995	2.1882391932487824e-33
5.2405	1.097612214269352e-32
5.2452499999999995	5.407095681433756e-32
5.25	2.61601459601123e-31
5.25475	1.2430175358352207e-30
5.2595	5.8006322492360375e-30
5.26425	2.658486104439424e-29
5.269	1.1966149960508783e-28
5.27375	5.2897539585218355e-28
5.2785	2.296558369354037e-27
5.28325	9.792204805230914e-27
5.288	4.100572295035175e-26
5.29275	1.6864343620404163e-25
5.2975	6.811698182836687e-25
5.30225	2.702105711327651e-24
5.3069999999999995	1.0527136608362295e-23
5.31175	4.0279045145144965e-23
5.3165	1.513592820758473e-22
5.32125	5.585987200393774e-22
5.326	2.0246585785410917e-21
5.33075	7.207167977031717e-21
5.3355	2.5196398890964188e-20
5.34025	8.651139013704159e-20
5.345	2.9172193849686874e-19
5.34975	9.6610843856337e-19
5.3545	3.142271054241874e-18
5.35925	1.0037426976438792e-17
5.364	3.148923697690572e-17
5.3687499999999995	9.702035522526927e-17
5.3735	2.935787169532914e-16
5.3782499999999995	8.724634867219855e-16
5.383	2.5464252813038237e-15
5.38775	7.299205635580128e-15
5.3925	2.0548553007229727e-14
5.39725	5.681302002149966e-14
5.402	1.542678728112108e-13
5.40675	4.1139981403518314e-13
5.4115	1.077491060247732e-12
5.41625	2.7715597440116876e-12
5.421	7.001575857419237e-12
5.42575	1.737114065507893e-11
5.430499999999999	4.2327426061841694e-11
5.43525	1.0129228477453784e-10
5.4399999999999995	2.3806297659411287e-10
5.44475	5.49500809064489e-10
5.4495	1.2456780089991168e-09
5.45425	2.7733472029752802e-09
5.459	6.064062574042588e-09
5.46375	1.3022191846864744e-08
5.4685	2.7464107413832926e-08
5.47325	5.688632436839275e-08
5.478	1.1572075069165283e-07
5.48275	2.311934872864799e-07
5.4875	4.5362912877384293e-07
5.49225	8.741526063535149e-07
5.497	1.6543773066038886e-06
5.5017499999999995	3.074983970019463e-06
5.5065	5.613220888711198e-06
5.5112499999999995	1.0063345743367824e-05
5.516	1.771877280962969e-05
5.52075	3.0639796041557686e-05
5.5255	5.203542248185915e-05
5.53025	8.67907186751181e-05
5.535	0.00014217016542847694
5.53975	0.00022872026079334075
5.5445	0.0003613780673302857
5.54925	0.0005607637468666063
5.554	0.0008545924496707636
5.55875	0.0012790842718197898
5.5634999999999994	0.0018801835579083696
5.56825	0.002714328000879042
5.5729999999999995	0.0038484459184437115
5.57775	0.005358823256386694
5.5825	0.007328489394024786
5.58725	0.009842841200361871
5.592	0.012983371317588963
5.59675	0.016819592199270112
5.6015	0.021399539631741828
5.60625	0.02673956782057435
5.611	0.03281446450738699
5.61575	0.03954915818908111
5.6205	0.04681339637356151
5.62525	0.05442068982717092
5.63	0.06213251291018489
5.6347499999999995	0.06966823041972746
5.6395	0.07672053540664273
5.6442499999999995	0.08297541916212707
5.649	0.08813497174295963
5.65375	0.09194075564719854
5.6585	0.09419521736874345
5.66325	0.09477867239944504
5.668	0.09365983192780325
5.67275	0.09089858270529778
5.6775	0.08664067636371184
5.68225	0.0811049835972369
5.687	0.0745648643698346
5.69175	0.06732585978366469
5.6964999999999995	0.059702232156815416
5.70125	0.051994836171748465
5.7059999999999995	0.044472428339014373
5.71075	0.03735790027384315
5.7155	0.030820171956632572
5.72025	0.024971730605051878
5.725	0.019871159501924078
5.72975	0.01552954609735186
5.7345	0.011919424845551727
5.73925	0.008984891183552345
5.744	0.006651679700143882
5.74875	0.004836273128107155
5.7535	0.003453435073822866
5.75825	0.0024218807536585435
5.763	0.0016680735693034876
5.7677499999999995	0.0011283364831534155
5.7725	0.0007495887240910377
5.7772499999999996	0.0004890670948002313
5.782	0.00031338256238298416
5.78675	0.00019721602237677646
5.7915	0.00012189069350430911
5.79625	7.39877610451014e-05
5.801	4.410727294500928e-05
5.80575	2.582388111059495e-05
5.8105	1.4848883663427856e-05
5.81525	8.385463644354046e-06
5.82	4.65073228684812e-06
5.82475	2.533241450034238e-06
5.8294999999999995	1.3551669922393917e-06
5.83425	7.119836639264346e-07
5.8389999999999995	3.673738400101946e-07
5.84375	1.8616901934119765e-07
5.8485	9.265472661342096e-08
5.85325	4.528858288253963e-08
5.858	2.174056710686639e-08
5.86275	1.0249766934467548e-08
5.8675	4.745894683687111e-09
5.87225	2.158157756405891e-09
5.877	9.638495810759568e-10
5.88175	4.22762369181638e-10
5.8865	1.8211443372217487e-10
5.891249999999999	7.704658556185956e-11
5.896	3.2012781540985824e-11
5.9007499999999995	1.3063345386406151e-11
5.9055	5.235358096114161e-12
5.91025	2.06062687797937e-12
5.915	7.965504963866547e-13
5.91975	3.0240450001284975e-13
5.9245	1.1275197841980703e-13
5.92925	4.128773676271685e-14
5.934	1.484837638888397e-14
5.93875	5.244424567692678e-15
5.9435	1.819188504830363e-15
5.94825	6.197528714672635e-16
5.953	2.0735780013100636e-16
5.95775	6.813702861149839e-17
5.9624999999999995	2.1989076430710128e-17
5.96725	6.969341919480835e-18
5.9719999999999995	2.1693895273502975e-18
5.97675	6.631996546934901e-19
5.9815	1.9911869080911746e-19
5.98625	5.87138757557098e-20
5.991	1.7003191864268454e-20
5.99575	4.835942695679367e-21
6.0005	1.3508055026631923e-21
6.00525	3.7056592426093345e-22
6.01	9.983874776612947e-23
6.01475	2.6417623972406936e-23
6.0195	6.865139518236148e-24
6.024249999999999	1.7521285482954156e-24
6.029	4.391810054282281e-25
6.0337499999999995	1.0811404494702937e-25
6.0385	2.613856091496353e-26
6.04325	6.2064365600083855e-27
6.048	1.4473254273774877e-27
6.05275	3.3151153144377625e-28
6.0575	7.474842064862333e-29
6.06225	1.7367532805424206e-29
6.067	7.710894625693487e-30
6.07175	1.9495523343170216e-29
6.0765	8.346478541394516e-29
6.08125	3.6384179396102385e-28
6.086	1.5604014071444207e-27
6.09075	6.572892959932329e-27
6.0954999999999995	2.7191892918265784e-26
6.10025	1.1047992889068478e-25
6.1049999999999995	4.408474358066584e-25
6.10975	1.7276439229469747e-24
6.1145	6.649379792532279e-24
6.11925	2.5134429162809378e-23
6.124	9.33077888396799e-23
6.12875	3.4019486508576113e-22
6.1335	1.2181439003008812e-21
6.13825	4.283812169867248e-21
6.143	1.4795281421378033e-20
6.14775	5.0185357809774246e-20
6.1525	1.6718288066735347e-19
6.1572499999999994	5.469751146005166e-19
6.162	1.7575363513997706e-18
6.1667499999999995	5.54628330179389e-18
6.1715	1.718940194758788e-17
6.17625	5.232153409324807e-17
6.181	1.5640878992106858e-16
6.18575	4.592010024658598e-16
6.1905	1.3240533471218438e-15
6.19525	3.749463447546761e-15
6.2	1.0427825363954386e-14
6.20475	2.848258218640052e-14
6.2095	7.640573425817597e-14
6.21425	2.0129525268643653e-13
6.218999999999999	5.208373209260002e-13
6.22375	1.3235234624536248e-12
6.2284999999999995	3.3031034638024717e-12
6.23325	8.09605956705666e-12
6.2379999999999995	1.9488849277900778e-11
6.24275	4.607439948785048e-11
6.2475	1.0697792129244497e-10
6.25225	2.4394370223082544e-10
6.257	5.463186808880235e-10
6.26175	1.2016098400619766e-09
6.2665	2.595624625513938e-09
6.27125	5.506571466597754e-09
6.276	1.147312324718767e-08
6.28075	2.347702283478017e-08
6.2855	4.7180807593978465e-08
6.2902499999999995	9.312122985752456e-08
6.295	1.8050657273065432e-07
6.2997499999999995	3.4363573660957104e-07
6.3045	6.42487390654564e-07
6.30925	1.1797551443541481e-06
6.314	2.1275517642083296e-06
6.31875	3.7681603524492455e-06
6.3235	6.554500495308491e-06
6.32825	1.1197235441794255e-05
6.333	1.878637573875764e-05
6.33775	3.0955383087727716e-05
6.3425	5.009453462377328e-05
6.34725	7.96169423062506e-05
6.351999999999999	0.000124274386335361
6.35675	0.00019051042458661962
6.3614999999999995	0.00028682489783974437
6.36625	0.00042410748320776727
6.3709999999999996	0.0006158798695557721
6.37575	0.0008783691401738728
6.3805	0.0012303229273218322
6.38525	0.0016924745830039793
6.39	0.0022865788772898905
6.39475	0.003033969563258054
6.3995	0.003953641286822627
6.40425	0.005059927997274011
6.409	0.0063599319946300355
6.41375	0.007850941144586792
6.4185	0.009518141935116183
6.4232499999999995	0.011332976562313694
6.428	0.013252488113661455
6.4327499999999995	0.015219939146797064
6.4375	0.01716687386260461
6.44225	0.019016631493852115
6.447	0.020689128079590897
6.45175	0.02210653364203963
6.4565	0.02319931416930265
6.46125	0.023912012971740646
6.466	0.024208135737934636
6.47075	0.02407358608809339
6.4755	0.023518265258754438
6.48025	0.02257567650719367
6.484999999999999	0.02130062576007585
6.48975	0.019765343603695827
6.4944999999999995	0.018054531315795073
6.49925	0.016259926876090527
6.504	0.014474982966830292
6.50875	0.012790152882491386
6.5135	0.0112891134583289
6.51825	0.010046050058646004
6.523	0.009123926307297886
6.52775	0.0085734978870029
6.5325	0.008432734452570341
6.53725	0.008726302512177254
6.542	0.009464835499627958
6.54675	0.010643860174573846
6.5515	0.01224243292173776
6.5562499999999995	0.014221728924185975
6.561	0.01652398240469236
6.5657499999999995	0.019072262022794068
6.5705	0.02177155738659531
6.57525	0.02451154146057941
6.58	0.027171169053624773
6.58475	0.029625001732631013
6.5895	0.03175085751748327
6.59425	0.03343812065141957
6.599	0.034595862470643404
6.60375	0.03515985777894364
6.6085	0.03509765172394276
6.61325	0.034411035363789456
6.617999999999999	0.033135595036641576
6.62275	0.031337363107626255
6.6274999999999995	0.029106957215685368
6.63225	0.026551894307223243
6.637	0.02378795898086068
6.64175	0.020930567578863718
6.6465	0.01808699857056795
6.65125	0.015350177251585802
6.656	0.012794446712786244
6.66075	0.01047347381364894
6.6655	0.00842017389411256
6.67025	0.006648327487177114
6.675	0.005155428416898939
6.679749999999999	0.003926251540727059
6.6845	0.002936651923193105
6.6892499999999995	0.0021571871141046407
6.694	0.0015562671470745468
6.6987499999999995	0.0011026596140345495
6.7035	0.000767290415129988
6.70825	0.0005243714803052471
6.713	0.00035194867792418905
6.71775	0.00023199605397280696
6.7225	0.0001501906312611743
6.72725	9.549179828850783e-05
6.732	5.962800592844085e-05
6.73675	3.6567518062597064e-05
6.7415	2.202427736828838e-05
6.74625	1.3027732592916944e-05
6.7509999999999994	7.5682764630785054e-06
6.75575	4.318034671568147e-06
6.7604999999999995	2.4195591680119887e-06
6.76525	1.331518954464039e-06
6.77	7.196468751880835e-07
6.77475	3.819904623292516e-07
6.7795	1.991345328077554e-07
6.78425	1.0195337904077029e-07
6.789	5.126460948761785e-08
6.79375	2.5315975536033235e-08
6.7985	1.2278142395706223e-08
6.80325	5.8483270183137875e-09
6.808	2.735845805596012e-09
6.812749999999999	1.2569342743954692e-09
6.8175	5.67145519842016e-10
6.8222499999999995	2.513260046131335e-10
6.827	1.0938085990866625e-10
6.8317499999999995	4.675264910844224e-11
6.8365	1.9626013772866392e-11
6.84125	8.09131221121375e-12
6.846	3.2761728252196772e-12
6.85075	1.3027936490355317e-12
6.8555	5.087980596982573e-13
6.86025	1.9515345514298683e-13
6.865	7.351365700370126e-14
6.86975	2.71969870931533e-14
6.8745	9.881765583052745e-15
6.87925	3.5262190227297507e-15
6.8839999999999995	1.235790935301734e-15
6.88875	4.2534537140595484e-16
6.8934999999999995	1.437803053831575e-16
6.89825	4.773292815811041e-17
6.903	1.5563158358873456e-17
6.90775	4.983544961784763e-18
6.9125	1.5672562476082264e-18
6.91725	4.840638195007898e-19
6.922	1.4683386190326602e-19
6.92675	4.374322556112017e-20
6.9315	1.279842039278767e-20
6.93625	3.677586727517199e-21
6.941	1.037840130992249e-21
6.945749999999999	2.8764642515685397e-22
6.9505	7.82976065999367e-23
6.9552499999999995	2.0931433733617044e-23
6.96	5.495540996319836e-24
6.9647499999999996	1.4170426165906624e-24
6.9695	3.588528136049479e-25
6.97425	8.925052602332841e-26
6.979	2.180048711916076e-26
6.98375	5.22977007534422e-27
6.9885	1.2321397775274947e-27
6.99325	2.8510074055524182e-28
6.998	6.47884659841169e-29
7.00275	1.445965841129951e-29
7.007499999999999	3.169416791262061e-30
7.01225	6.822784591765453e-31
7.0169999999999995	1.4424638904032779e-31
7.02175	2.9950855020728026e-32
7.0264999999999995	6.107654816556155e-33
7.03125	1.2232091701111016e-33
7.036	2.405957529342934e-34
7.04075	4.647679479690723e-35
7.0455	8.81749795680494e-36
7.05025	1.6429167223054e-36
7.055	3.006399683499855e-37
7.05975	5.403048532846809e-38
7.0645	9.536565692934224e-39
7.06925	1.6531266437442787e-39
7.074	2.814370247397118e-40
7.078749999999999	4.70562506943451e-41
7.0835	7.727061974036265e-42
7.0882499999999995	1.2461561198821593e-42
7.093	1.9737470705191585e-43
7.09775	3.0702343535903635e-44
7.1025	4.690428713243832e-45
7.10725	7.037437281250852e-46
7.112	1.0369970467324048e-46
7.11675	1.5007262751193198e-47
7.1215	2.1329783029074227e-48
7.12625	2.9773670221111555e-49
7.131	4.081683203931711e-50
7.13575	5.495499839484028e-51
7.140499999999999	7.2666808961618e-52
7.14525	9.436826353881136e-53
7.1499999999999995	1.2035851555303057e-53
7.15475	1.507608808765886e-54
7.1594999999999995	1.8546479956485027e-55
7.16425	2.240759814580496e-56
7.169	2.658827149404095e-57
7.17375	3.098459948602938e-58
7.1785	3.546195328345182e-59
7.18325	3.986028545737107e-60
7.188	4.400268123640806e-61
7.19275	4.77066433721853e-62
7.1975	5.07971756318617e-63
7.20225	5.312039006512215e-64
7.207	5.455617698891192e-65
7.211749999999999	5.502848907036819e-66
7.2165	5.451201451645566e-67
7.2212499999999995	5.303442442772569e-68
7.226	5.067391662401239e-69
7.23075	4.7552359356764694e-70
7.2355	4.382487152219376e-71
7.24025	3.9667078715981503e-72
7.245	3.5261498871390827e-73
7.24975	3.0784514210751153e-74
7.2545	2.6395191968724864e-75
7.25925	2.222687104067136e-76
7.264	1.8382002430492052e-77
7.26875	1.4930291714153863e-78
7.273499999999999	1.1909807771513681e-79
7.27825	9.330441517991648e-81
7.2829999999999995	7.178944948332905e-82
7.28775	5.424753833738599e-83
7.2924999999999995	4.025876355001293e-84
7.29725	2.9342817608388485e-85
7.302	2.10041049851516e-86
7.30675	1.4766158683092412e-87
7.3115	1.019510884306989e-88
7.31625	6.913169205506829e-90
7.321	4.603874658821144e-91
7.32575	3.0111388391289048e-92
7.3305	1.934189647739421e-93
7.33525	1.2201923924748526e-94
7.34	7.559943609102863e-96
7.3447499999999994	4.60012659626957e-97
7.3495	2.7490459302776227e-98
7.3542499999999995	1.6134488165947064e-99
7.359	9.300137602526992e-101
7.36375	5.264832277823931e-102
7.3685	2.9271211050775524e-103
7.37325	1.5982982588293658e-104
7.378	8.571087845261876e-106
7.38275	4.514140277390637e-107
7.3875	2.334936852781606e-108
7.39225	1.1861407146722263e-109
7.397	5.917772587362871e-111
7.40175	2.8996215223910064e-112
7.406499999999999	1.3953570215412993e-113
7.41125	6.594628789556304e-115
7.4159999999999995	3.0609508130885944e-116
7.42075	1.3953505638102917e-117
7.4254999999999995	6.246997010199452e-119
7.43025	2.746757054510089e-120
7.435	1.186124246324288e-121
7.43975	5.0303835912473095e-123
7.4445	2.0952362905868733e-124
7.44925	8.57088951156265e-126
7.454	3.443338909479783e-127
7.45875	1.3586094410588916e-128
7.4635	5.2646617202016095e-130
7.468249999999999	2.0035828158793665e-131
7.473	7.488677190337192e-133
7.4777499999999995	2.74893142881286e-134
7.4825	9.910228948123892e-136
7.4872499999999995	3.5088471765711617e-137
7.492	1.2201302761821627e-138
7.49675	4.166860284282988e-140
7.5015	1.3975670672639686e-141
7.50625	4.603597678213449e-143
7.511	1.4893029545575168e-144
7.51575	4.731836439526869e-146
7.5205	1.4765133646659013e-147
7.52525	4.524869150579232e-149
7.53	1.361869996496363e-150
7.53475	4.02555962598219e-152
7.539499999999999	1.1686322311020569e-153
7.54425	3.33188835786018e-155
7.5489999999999995	9.329621105459683e-157
7.55375	2.5656567703883165e-158
7.5584999999999996	6.929375423557685e-160
7.56325	1.8380215998059013e-161
7.568	4.7881540513782326e-163
7.57275	1.2250296584034405e-164
7.5775	3.0781237541453856e-166
7.58225	7.596027601416921e-168
7.587	1.8409753627332973e-169
7.59175	4.381980125177773e-171
7.5965	1.0243628387759973e-172
7.601249999999999	2.3517882226361046e-174
7.606	5.30277978381014e-176
7.6107499999999995	1.1742753847920258e-177
7.6155	2.5538613009953714e-179
7.6202499999999995	5.454885534895989e-181
7.625	1.1442869918964121e-182
7.62975	2.357465059753815e-184
7.6345	4.769979945120844e-186
7.63925	9.478701046834147e-188
7.644	1.8498737240609357e-189
7.64875	3.545653777777815e-191
7.6535	6.674389580379871e-193
7.65825	1.2339221604808345e-194
7.663	2.2403968838318514e-196
7.66775	3.9950584761406086e-198
7.672499999999999	6.996523637139389e-200
7.67725	1.2033790750064931e-201
7.6819999999999995	2.032748221969942e-203
7.68675	3.3722961665312866e-205
7.6915	5.494508030133577e-207
7.69625	8.792105700485786e-209
7.701	1.3817134126293305e-210
7.70575	2.1325736108534895e-212
7.7105	3.2325933322980832e-214
7.71525	4.812370982076961e-216
7.72	7.036036935217024e-218
7.72475	1.010318036911513e-219
7.7295	1.4247841881028915e-221
7.734249999999999	1.973336058640051e-223
7.739	2.6841946189909413e-225
7.7437499999999995	3.585815462330723e-227
7.7485	4.704601626735396e-229
7.7532499999999995	6.062039443205045e-231
7.758	7.671417975465729e-233
7.76275	9.534403300926699e-235
7.7675	1.163783982702927e-236
7.77225	1.3951220970425105e-238
7.777	1.6425289917210283e-240
7.78175	1.899218162721073e-242
7.7865	2.156739292181568e-244
7.79125	2.405367455790085e-246
7.795999999999999	2.6346698134307177e-248
7.80075	2.8342094711317333e-250
7.805499999999999	2.994323226106549e-252
7.81025	3.1068937228390644e-254
7.8149999999999995	3.166030547738618e-256
7.81975	3.168580817755049e-258
7.8245	3.1144076762576065e-260
7.82925	3.0064024603924826e-262
7.834	2.8502290345457506e-264
7.83875	2.653831752687959e-266
7.8435	2.4267665320868995e-268
7.84825	2.1794333504216655e-270
7.853	1.9222956022164573e-272
7.85775	1.6651667756805258e-274
7.8625	1.416629516076593e-276
7.867249999999999	1.1836296074414722e-278
7.872	9.712618680238674e-281
7.8767499999999995	7.827405653509306e-283
7.8815	6.195271296411643e-285
7.8862499999999995	4.8157485386759844e-287
7.891	3.676446567044746e-289
7.89575	2.756472726887963e-291
7.9005	2.0297386702037457e-293
7.90525	1.4678698039701504e-295
7.91	1.0425476935500905e-297
7.91475	7.272191583076983e-300
7.9195	4.981907689294383e-302
7.92425	3.3518689098390537e-304
7.928999999999999	2.2148247036488056e-306
7.93375	1.4373173802425885e-308
7.9384999999999994	9.160664546238e-311
7.94325	5.7340604556e-313
7.9479999999999995	3.524995277e-315
7.95275	2.1282164e-317
7.9575	1.26194e-319
7.96225	7.36e-322
7.967	5e-324
7.97175	0.0
7.9765	0.0
7.98125	0.0
7.986	0.0
7.99075	0.0
7.9955	0.0
8.00025	0.0
8.004999999999999	0.0
8.00975	0.0
8.0145	0.0
8.01925	0.0
8.024000000000001	0.0
8.028749999999999	0.0
8.0335	0.0
8.03825	0.0
8.043	0.0
8.04775	0.0
8.0525	0.0
8.05725	0.0
8.062	0.0
8.066749999999999	0.0
8.0715	0.0
8.07625	0.0
8.081	0.0
8.08575	0.0
8.090499999999999	0.0
8.09525	0.0
8.1	0.0
8.10475	0.0
8.1095	0.0
8.11425	0.0
8.119	0.0
8.123750000000001	0.0
8.128499999999999	0.0
8.13325	0.0
8.138	0.0
8.14275	0.0
8.1475	0.0
8.152249999999999	0.0
8.157	0.0
8.16175	0.0
8.1665	0.0
8.17125	0.0
8.176	0.0
8.18075	0.0
8.185500000000001	0.0
8.190249999999999	0.0
8.195	0.0
8.19975	0.0
8.2045	0.0
8.20925	0.0
8.213999999999999	0.0
8.21875	0.0
8.2235	0.0
8.22825	0.0
8.233	0.0
8.23775	0.0
8.2425	0.0
8.247250000000001	0.0
8.251999999999999	0.0
8.25675	0.0
8.2615	0.0
8.26625	0.0
8.271	0.0
8.275749999999999	0.0
8.2805	0.0
8.28525	0.0
8.29	0.0
8.29475	0.0
8.2995	0.0
8.30425	0.0
8.309000000000001	0.0
8.313749999999999	0.0
8.3185	0.0
8.32325	0.0
8.328	0.0
8.33275	0.0
8.337499999999999	0.0
8.34225	0.0
8.347	0.0
8.35175	0.0
8.3565	0.0
8.36125	0.0
8.366	0.0
8.370750000000001	1.5e-323
8.375499999999999	2.875e-321
8.38025	4.9448e-319
8.385	8.3503892e-317
8.38975	1.384927652e-314
8.3945	2.255840690987e-312
8.399249999999999	3.60869975738313e-310
8.404	5.669621402521271e-308
8.40875	8.748192936338404e-306
8.413499999999999	1.3256950374827353e-303
8.41825	1.9730127564135488e-301
8.423	2.883879702503432e-299
8.42775	4.139857307821436e-297
8.432500000000001	5.836528204582589e-295
8.437249999999999	8.081366249766126e-293
8.442	1.0989450449495174e-290
8.44675	1.467669081687208e-288
8.4515	1.9250468355482416e-286
8.45625	2.4797930561939324e-284
8.460999999999999	3.137260370552703e-282
8.46575	3.8980434183082017e-280
8.4705	4.756678134175394e-278
8.475249999999999	5.700616732421837e-276
8.48	6.709666056224173e-274
8.48475	7.756056295597524e-272
8.4895	8.8052559452237e-270
8.494250000000001	9.817569863909304e-268
8.498999999999999	1.0750458853585864e-265
8.50375	1.1561414897483545e-263
8.5085	1.2211132867284419e-261
8.51325	1.2666654110145328e-259
8.518	1.2904133595078589e-257
8.52275	1.2910907642596602e-255
8.5275	1.2686612730556936e-253
8.53225	1.2243217813594026e-251
8.536999999999999	1.16039661576055e-249
8.54175	1.0801356885945161e-247
8.5465	9.874410154738783e-246
8.55125	8.86553592604028e-244
8.556	7.817354560758133e-242
8.56075	6.769796449128394e-240
8.5655	5.757744590545922e-238
8.57025	4.809391880222652e-236
8.575	3.945380740895084e-234
8.57975	3.1786935400758965e-232
8.5845	2.5151818068199173e-230
8.58925	1.9545693814736567e-228
8.594	1.491742228802283e-226
8.598749999999999	1.1181432889699963e-224
8.6035	8.231180466524225e-223
8.60825	5.950970127980874e-221
8.613	4.225463956619728e-219
8.61775	2.9466056507540928e-217
8.6225	2.0180439385761733e-215
8.62725	1.3573761150556524e-213
8.632	8.966661448964857e-212
8.63675	5.81731159666376e-210
8.6415	3.706592696831169e-208
8.64625	2.3194680209635454e-206
8.651	1.425485805963535e-204
8.65575	8.603960143676295e-203
8.660499999999999	5.100289960451175e-201
8.66525	2.9692880406280888e-199
8.67	1.6977384147930028e-197
8.67475	9.533452490993256e-196
8.679499999999999	5.2576372937907684e-194
8.68425	2.8476854916795622e-192
8.689	1.5147968993976494e-190
8.69375	7.913667098366473e-189
8.6985	4.060337471377182e-187
8.70325	2.0460086702948233e-185
8.708	1.0125437401491669e-183
8.71275	4.9213142864263095e-182
8.7175	2.3491426697977967e-180
8.722249999999999	1.1012823287401256e-178
8.727	5.070478344847019e-177
8.73175	2.2927683530860448e-175
8.7365	1.0181983981544441e-173
8.741249999999999	4.440845100476842e-172
8.746	1.9022159770714217e-170
8.75075	8.002303336450727e-169
8.7555	3.3062156637243645e-167
8.76025	1.34155453903407e-165
8.765	5.34621563317077e-164
8.76975	2.0924042555765958e-162
8.7745	8.042770982225654e-161
8.77925	3.036174963107845e-159
8.783999999999999	1.1256642449452411e-157
8.78875	4.0987547512609985e-156
8.7935	1.4657367577752106e-154
8.79825	5.147792229147064e-153
8.802999999999999	1.77560772285531e-151
8.80775	6.014977750452615e-150
8.8125	2.0011609045166833e-148
8.81725	6.538693477484526e-147
8.822	2.098267880224387e-145
8.82675	6.612898714432178e-144
8.8315	2.046839521035856e-142
8.83625	6.222095912788655e-141
8.841	1.8575931185569964e-139
8.84575	5.446599856723448e-138
8.8505	1.568416244091723e-136
8.85525	4.4356592662280313e-135
8.86	1.232015035910848e-133
8.864749999999999	3.360739289856021e-132
8.8695	9.003567462533725e-131
8.87425	2.3689473433001082e-129
8.879	6.121490450516122e-128
8.88375	1.5535310216859862e-126
8.8885	3.872074173300075e-125
8.89325	9.478255047109881e-124
8.898	2.2786315070892962e-122
8.90275	5.379981597244577e-121
8.9075	1.2475227283479245e-119
8.91225	2.8410385575401498e-118
8.917	6.354286227194263e-117
8.92175	1.3957813913411156e-115
8.926499999999999	3.0111266246166245e-114
8.93125	6.379720002445634e-113
8.936	1.3275020569726274e-111
8.94075	2.712874925363314e-110
8.9455	5.44484253977976e-109
8.95025	1.0732523864201025e-107
8.955	2.0776834740452918e-106
8.95975	3.950189157246066e-105
8.9645	7.375940154537659e-104
8.96925	1.3526264037355008e-102
8.974	2.4361236151630407e-101
8.97875	4.3090523205103464e-100
8.9835	7.485575542584987e-99
8.988249999999999	1.2771138428224695e-97
8.993	2.139907553348651e-96
8.99775	3.521448940497975e-95
9.0025	5.69126442776624e-94
9.007249999999999	9.033522227100124e-93
9.012	1.4082068588770006e-91
9.01675	2.155940533423723e-90
9.0215	3.241664646900652e-89
9.02625	4.786966368415227e-88
9.031	6.942464257226177e-87
9.03575	9.888442973287441e-86
9.0405	1.3832578983881992e-84
9.04525	1.900375350978127e-83
9.049999999999999	2.5641097101510177e-82
9.05475	3.3977764548717597e-81
9.0595	4.421951616468007e-80
9.06425	5.651895908127278e-79
9.068999999999999	7.0947207762733e-78
9.07375	8.746563337972602e-77
9.0785	1.059011235240965e-75
9.08325	1.2592868678762377e-74
9.088	1.470651485264867e-73
9.09275	1.6867698976081227e-72
9.0975	1.9000406940794677e-71
9.10225	2.1019914625983733e-70
9.107	2.2838100387062945e-69
9.111749999999999	2.4369689290665533e-68
9.1165	2.5538829638262808e-67
9.12125	2.628530221699039e-66
9.126	2.6569656694895596e-65
9.130749999999999	2.6376665742475273e-64
9.1355	2.5716675996169523e-63
9.14025	2.462468905886257e-62
9.145	2.3157286136539322e-61
9.14975	2.1387772365565794e-60
9.1545	1.9400120568968564e-59
9.15925	1.7282409424620303e-58
9.164	1.5120464557122383e-57
9.16875	1.2992327643445085e-56
9.1735	1.096401897353188e-55
9.17825	9.086854566106794e-55
9.183	7.396365441363075e-54
9.18775	5.912676645484377e-53
9.192499999999999	4.642061410073988e-52
9.19725	3.5793042716502735e-51
9.202	2.7104870744322957e-50
9.20675	2.0158445881178258e-49
9.2115	1.4724065411417603e-48
9.21625	1.0562322259266972e-47
9.221	7.441355863971507e-47
9.22575	5.1487964020832175e-46
9.2305	3.498809913760558e-45
9.23525	2.335048806492519e-44
9.24	1.5304972766965412e-43
9.24475	9.852130242210972e-43
9.2495	6.228575201543987e-42
9.254249999999999	3.8673035769553633e-41
9.259	2.3582443461411134e-40
9.26375	1.4123109410982215e-39
9.2685	8.306782319686105e-39
9.273249999999999	4.79839858957331e-38
9.278	2.7222048051399464e-37
9.28275	1.516722943313735e-36
9.2875	8.299514748753002e-36
9.29225	4.4602595352259824e-35
9.297	2.354119713976598e-34
9.30175	1.2202756429943207e-33
9.3065	6.212241432948926e-33
9.31125	3.1059874281333725e-32
9.315999999999999	1.5251481976387783e-31
9.32075	7.35504582226644e-31
9.3255	3.483531197096242e-30
9.33025	1.6203730461390213e-29
9.334999999999999	7.402378726840466e-29
9.33975	3.3211506530801613e-28
9.3445	1.4634127560359361e-27
9.34925	6.3329503153217486e-27
9.354	2.691573909950278e-26
9.35875	1.123485634470728e-25
9.3635	4.605637175512405e-25
9.36825	1.854269713609603e-24
9.373	7.331909107091877e-24
9.377749999999999	2.847227859849334e-23
9.3825	1.0858963198158362e-22
9.38725	4.0673868724405837e-22
9.392	1.4962480193958164e-21
9.396749999999999	5.405709199202412e-21
9.4015	1.91806249851517e-20
9.40625	6.683959564930481e-20
9.411	2.287525048311347e-19
9.41575	7.688805717870599e-19
9.4205	2.538124380029595e-18
9.42525	8.22863689986049e-18
9.43	2.6200156268479648e-17
9.43475	8.19296027257707e-17
9.439499999999999	2.5161631688180433e-16
9.44425	7.589230396318942e-16
9.449	2.2481105237968976e-15
9.45375	6.540313474576573e-15
9.458499999999999	1.8687037397819387e-14
9.46325	5.2437663185001e-14
9.468	1.445130906543639e-13
9.47275	3.911398216591269e-13
9.4775	1.0397235050015639e-12
9.48225	2.714342679922998e-12
9.487	6.9594108114162236e-12
9.49175	1.7524323273101333e-11
9.4965	4.333821534419436e-11
9.50125	1.0525961446546524e-10
9.506	2.5108080440676214e-10
9.51075	5.882016417337342e-10
9.5155	1.353318248220905e-09
9.520249999999999	3.057979911274009e-09
9.525	6.7862570034899416e-09
9.52975	1.4790639851809825e-08
9.5345	3.165954042030991e-08
9.53925	6.655539032955399e-08
9.544	1.3741142644757445e-07
9.54875	2.7862715838881784e-07
9.5535	5.548620577439812e-07
9.55825	1.0851945278535498e-06
9.563	2.0844483903532118e-06
9.56775	3.932200761177074e-06
9.5725	7.285195383547258e-06
9.57725	1.325585390831459e-05
9.581999999999999	2.368837115755797e-05
9.58675	4.157417824447204e-05
9.5915	7.165939428851042e-05
9.59625	0.00012130636154110317
9.600999999999999	0.0002016763650304523
9.60575	0.00032929673002913927
9.6105	0.0005280570141738661
9.61525	0.0008316396709960977
9.62	0.0012863245687985412
9.62475	0.0019540106037300477
9.6295	0.00291517245790635
9.63425	0.004271324558894812
9.639	0.006146414970885312
9.643749999999999	0.008686446872942632
9.6485	0.012056560845629978
9.65325	0.016434848357719984
9.658	0.0220023437172066
9.662749999999999	0.02892898345516376
9.6675	0.037355829621054895
9.67225	0.04737449388998179
9.677	0.059005400893529826
9.68175	0.07217718366856257
9.6865	0.08670997944066428
9.69125	0.10230555579040171
9.696	0.1185469376290564
9.70075	0.13490947261543276
9.705499999999999	0.15078409516522442
9.71025	0.1655120464334365
9.715	0.17842868191462832
9.71975	0.18891250668664306
9.724499999999999	0.19643448780031356
9.72925	0.20060222763553376
9.734	0.20119387197799615
9.73875	0.19817767574492898
9.7435	0.19171482491115074
9.74825	0.1821451655385398
9.753	0.1699575983651125
9.75775	0.1557487280339873
9.7625	0.14017463060225668
9.76725	0.12390114700862566
9.772	0.1075578824574944
9.77675	0.0917001841993644
9.7815	0.07678198134842207
9.786249999999999	0.06314075904471592
9.791	0.050994371395142055
9.79575	0.04044809757605229
9.8005	0.03150946176720876
9.80525	0.024107928249354704
9.81	0.018116620621257136
9.81475	0.013373606162457039
9.8195	0.009700903972935269
9.82425	0.00692008292318973
9.829	0.004863994361363886
9.83375	0.003384749412255729
9.8385	0.0023584541934140754
9.84325	0.001687446125994415
9.847999999999999	0.0013008450506758102
9.85275	0.0011541741866668708
9.8575	0.0012286540098935435
9.86225	0.0015305613676287314
9.866999999999999	0.002090806070337501
9.87175	0.002964632103253776
9.8765	0.004231121819016826
9.88125	0.0059919905113140015
9.886	0.008369029684757463
9.89075	0.011499516988468681
9.8955	0.015528986057726202
9.90025	0.02060096142930345
9.905	0.026843619262772952
9.909749999999999	0.03435381821716335
9.9145	0.043179511861776376
9.91925	0.053302129225032836
9.924	0.06462099334933696
9.928749999999999	0.07694212766106868
9.9335	0.08997377474908819
9.93825	0.10333055381632318
9.943	0.11654740022531292
9.94775	0.12910332319227935
9.9525	0.14045371874391996
9.95725	0.15006867569040128
9.962	0.1574736316150691
9.96675	0.16228807964561745
9.971499999999999	0.1642579446069178
9.97625	0.163277796812408
9.981	0.15940020063854998
9.98575	0.1528310442165005
9.990499999999999	0.14391142771875123
9.99525	0.13308832759441647
