   1    1   0.00000    1.47100    10.00 100.00     -0.00000   0.00000  -0.00000 
   2    2   0.04180    3.85830    10.00 100.00      0.00000   0.00000   0.66480 
   3    3   0.00080    4.32290    10.00 100.00      0.08610   0.00000   0.00000 
   4    4   0.00430    4.41950    10.00 100.00      0.00000  -0.19840   0.00000 
   5    5   0.00750    5.28560    10.00 100.00     -0.24120  -0.00000   0.00000 
   6    6   0.00170    6.92350    10.00 100.00      0.00000  -0.09940   0.00000 
   7    7   0.00000    7.05700    10.00 100.00      0.00000   0.00000  -0.00000 
   8    8   0.07290    7.54280    10.00 100.00     -0.62790   0.00000   0.00000 
   9    9   0.01620    8.02090    10.00 100.00     -0.00000  -0.00000  -0.28710 
  10   10   0.00000    8.57940    10.00 100.00     -0.00000  -0.00000  -0.00000 
  11   11   0.03340    8.58780    10.00 100.00      0.00000  -0.39860  -0.00000 
  12   12   0.00000    8.62460    10.00 100.00      0.00000  -0.00000   0.00000 
  13   13   0.07260    9.20740    10.00 100.00      0.00000   0.00000   0.56750 
  14   14   0.03210    9.26430    10.00 100.00     -0.37620  -0.00000   0.00000 
  15   15   0.26620    9.47970    10.00 100.00      0.00000  -0.00000  -1.07050 
  16   16   0.06520   10.03680    10.00 100.00      0.00000  -0.00000  -0.51480 
  17   17   0.01720   10.07150    10.00 100.00      0.00000  -0.26440   0.00000 
  18   18   0.00800   10.50180    10.00 100.00      0.00000   0.17680   0.00000 
  19   19   0.04900   10.63500    10.00 100.00     -0.43350  -0.00000   0.00000 
  20   20   0.01360   10.92640    10.00 100.00     -0.00000  -0.22540   0.00000 
  21   21   0.00000   10.92990    10.00 100.00     -0.00000  -0.00000   0.00000 
  22   22   0.24530   11.00920    10.00 100.00      0.00000   0.00000  -0.95360 
  23   23   0.00220   11.46720    10.00 100.00     -0.08900  -0.00000  -0.00000 
  24   24   0.00230   11.52930    10.00 100.00     -0.00000  -0.08980  -0.00000 
  25   25   0.00000   12.08000    10.00 100.00     -0.00000  -0.00000  -0.00000 
  26   26   0.14100   12.21840    10.00 100.00     -0.00000  -0.68640  -0.00000 
  27   27   0.37910   12.30930    10.00 100.00      0.00000  -0.00000   1.12120 
  28   28   0.00280   12.33620    10.00 100.00      0.09600  -0.00000   0.00000 
  29   29   0.00560   12.90970    10.00 100.00      0.00000  -0.00000  -0.13270 
  30   30   0.14040   13.01600    10.00 100.00     -0.00000   0.00000  -0.66350 
state state   Osc.      E(eV)      dum   dum        TrDx      TrDy       TrDz 
