0.5	0.0
0.50475	0.0
0.5095	0.0
0.51425	0.0
0.519	0.0
0.52375	0.0
0.5285	0.0
0.53325	0.0
0.538	0.0
0.54275	0.0
0.5475	0.0
0.55225	0.0
0.5569999999999999	0.0
0.56175	0.0
0.5665	0.0
0.57125	0.0
0.576	0.0
0.58075	0.0
0.5855	0.0
0.5902499999999999	0.0
0.595	0.0
0.59975	0.0
0.6045	0.0
0.60925	0.0
0.614	0.0
0.61875	0.0
0.6234999999999999	0.0
0.62825	0.0
0.633	0.0
0.63775	0.0
0.6425	0.0
0.64725	0.0
0.652	0.0
0.65675	0.0
0.6615	0.0
0.66625	0.0
0.671	0.0
0.67575	0.0
0.6805	0.0
0.68525	0.0
0.69	0.0
0.69475	0.0
0.6995	0.0
0.70425	0.0
0.709	0.0
0.71375	0.0
0.7185	0.0
0.72325	0.0
0.728	0.0
0.73275	0.0
0.7375	0.0
0.74225	0.0
0.747	0.0
0.7517499999999999	0.0
0.7565	0.0
0.76125	0.0
0.766	0.0
0.77075	0.0
0.7755	0.0
0.78025	0.0
0.7849999999999999	0.0
0.78975	0.0
0.7945	0.0
0.79925	0.0
0.804	0.0
0.80875	0.0
0.8135	0.0
0.8182499999999999	0.0
0.823	0.0
0.82775	0.0
0.8325	0.0
0.83725	0.0
0.842	0.0
0.84675	0.0
0.8514999999999999	0.0
0.85625	0.0
0.861	0.0
0.86575	0.0
0.8705	0.0
0.87525	0.0
0.88	0.0
0.8847499999999999	0.0
0.8895	0.0
0.89425	0.0
0.899	0.0
0.90375	0.0
0.9085	0.0
0.91325	0.0
0.9179999999999999	0.0
0.92275	0.0
0.9275	0.0
0.93225	0.0
0.937	0.0
0.94175	0.0
0.9465	0.0
0.9512499999999999	0.0
0.956	0.0
0.96075	0.0
0.9655	0.0
0.9702500000000001	0.0
0.975	0.0
0.97975	0.0
0.9844999999999999	0.0
0.98925	0.0
0.994	0.0
0.99875	0.0
1.0034999999999998	0.0
1.0082499999999999	0.0
1.013	0.0
1.01775	0.0
1.0225	0.0
1.02725	0.0
1.032	0.0
1.03675	0.0
1.0415	0.0
1.0462500000000001	0.0
1.051	0.0
1.05575	0.0
1.0605	0.0
1.06525	0.0
1.0699999999999998	0.0
1.0747499999999999	0.0
1.0795	0.0
1.08425	0.0
1.089	0.0
1.09375	0.0
1.0985	0.0
1.10325	0.0
1.108	0.0
1.1127500000000001	0.0
1.1175	0.0
1.12225	0.0
1.127	0.0
1.13175	0.0
1.1364999999999998	0.0
1.1412499999999999	0.0
1.146	0.0
1.15075	0.0
1.1555	0.0
1.16025	0.0
1.165	0.0
1.16975	0.0
1.1745	0.0
1.1792500000000001	0.0
1.184	0.0
1.18875	0.0
1.1935	0.0
1.19825	0.0
1.2029999999999998	0.0
1.2077499999999999	0.0
1.2125	0.0
1.21725	0.0
1.222	0.0
1.22675	0.0
1.2315	0.0
1.23625	0.0
1.241	0.0
1.2457500000000001	0.0
1.2505	0.0
1.25525	0.0
1.26	0.0
1.2647499999999998	0.0
1.2694999999999999	0.0
1.2742499999999999	0.0
1.279	0.0
1.28375	0.0
1.2885	0.0
1.29325	0.0
1.298	0.0
1.30275	0.0
1.3075	0.0
1.3122500000000001	0.0
1.317	0.0
1.32175	0.0
1.3265	0.0
1.3312499999999998	0.0
1.3359999999999999	0.0
1.3407499999999999	0.0
1.3455	0.0
1.35025	0.0
1.355	0.0
1.35975	0.0
1.3645	0.0
1.36925	0.0
1.374	0.0
1.3787500000000001	0.0
1.3835	0.0
1.38825	0.0
1.393	0.0
1.3977499999999998	0.0
1.4024999999999999	0.0
1.40725	0.0
1.412	0.0
1.41675	0.0
1.4215	0.0
1.42625	0.0
1.431	0.0
1.43575	0.0
1.4405000000000001	0.0
1.44525	0.0
1.45	0.0
1.45475	0.0
1.4595	0.0
1.4642499999999998	0.0
1.4689999999999999	0.0
1.47375	0.0
1.4785	0.0
1.48325	0.0
1.488	0.0
1.49275	0.0
1.4975	0.0
1.50225	0.0
1.507	0.0
1.51175	0.0
1.5165	0.0
1.52125	0.0
1.526	0.0
1.53075	0.0
1.5354999999999999	0.0
1.54025	0.0
1.545	0.0
1.54975	0.0
1.5545	0.0
1.55925	0.0
1.564	0.0
1.5687499999999999	0.0
1.5735	0.0
1.57825	0.0
1.583	0.0
1.58775	0.0
1.5925	0.0
1.59725	0.0
1.6019999999999999	0.0
1.60675	0.0
1.6115	0.0
1.61625	0.0
1.621	0.0
1.62575	0.0
1.6305	0.0
1.6352499999999999	0.0
1.64	0.0
1.64475	0.0
1.6495	0.0
1.65425	0.0
1.659	0.0
1.66375	0.0
1.6684999999999999	0.0
1.67325	0.0
1.678	0.0
1.68275	0.0
1.6875	0.0
1.69225	0.0
1.697	0.0
1.7017499999999999	0.0
1.7065	0.0
1.71125	0.0
1.716	0.0
1.72075	0.0
1.7255	0.0
1.73025	0.0
1.7349999999999999	0.0
1.73975	0.0
1.7445	0.0
1.74925	0.0
1.754	0.0
1.75875	0.0
1.7635	0.0
1.7682499999999999	0.0
1.773	0.0
1.77775	0.0
1.7825	0.0
1.78725	0.0
1.792	0.0
1.79675	0.0
1.8014999999999999	0.0
1.80625	0.0
1.811	0.0
1.81575	0.0
1.8205	0.0
1.82525	0.0
1.83	0.0
1.8347499999999999	0.0
1.8395	0.0
1.84425	0.0
1.849	0.0
1.85375	0.0
1.8585	0.0
1.86325	0.0
1.8679999999999999	0.0
1.87275	0.0
1.8775	0.0
1.88225	0.0
1.887	0.0
1.89175	0.0
1.8965	0.0
1.9012499999999999	0.0
1.906	0.0
1.91075	0.0
1.9155	0.0
1.92025	0.0
1.925	0.0
1.9297499999999999	0.0
1.9344999999999999	0.0
1.93925	0.0
1.944	0.0
1.94875	0.0
1.9535	0.0
1.95825	0.0
1.9629999999999999	0.0
1.9677499999999999	0.0
1.9725	0.0
1.97725	0.0
1.982	0.0
1.98675	0.0
1.9915	0.0
1.9962499999999999	0.0
2.001	0.0
2.00575	0.0
2.0105	0.0
2.01525	0.0
2.02	0.0
2.02475	0.0
2.0294999999999996	0.0
2.03425	0.0
2.0389999999999997	0.0
2.04375	0.0
2.0484999999999998	0.0
2.0532500000000002	0.0
2.058	0.0
2.06275	0.0
2.0675	0.0
2.07225	0.0
2.077	0.0
2.08175	0.0
2.0865	0.0
2.09125	0.0
2.096	0.0
2.1007499999999997	0.0
2.1055	0.0
2.1102499999999997	0.0
2.115	0.0
2.11975	0.0
2.1245000000000003	0.0
2.12925	0.0
2.134	0.0
2.13875	0.0
2.1435	0.0
2.14825	0.0
2.153	0.0
2.15775	0.0
2.1624999999999996	0.0
2.16725	0.0
2.1719999999999997	0.0
2.17675	0.0
2.1814999999999998	0.0
2.1862500000000002	0.0
2.191	0.0
2.19575	0.0
2.2005	0.0
2.20525	0.0
2.21	0.0
2.21475	0.0
2.2195	0.0
2.22425	0.0
2.229	0.0
2.2337499999999997	0.0
2.2385	0.0
2.2432499999999997	0.0
2.248	0.0
2.25275	0.0
2.2575000000000003	0.0
2.26225	0.0
2.267	0.0
2.27175	0.0
2.2765	0.0
2.28125	0.0
2.286	0.0
2.29075	0.0
2.2954999999999997	0.0
2.30025	0.0
2.3049999999999997	0.0
2.30975	0.0
2.3145	0.0
2.3192500000000003	0.0
2.324	0.0
2.32875	0.0
2.3335	0.0
2.33825	0.0
2.343	0.0
2.34775	0.0
2.3525	0.0
2.3572499999999996	0.0
2.362	0.0
2.3667499999999997	0.0
2.3715	0.0
2.3762499999999998	0.0
2.3810000000000002	0.0
2.38575	0.0
2.3905	0.0
2.39525	0.0
2.4	0.0
2.40475	0.0
2.4095	0.0
2.41425	0.0
2.419	0.0
2.42375	0.0
2.4284999999999997	0.0
2.43325	0.0
2.4379999999999997	0.0
2.44275	0.0
2.4475	0.0
2.4522500000000003	0.0
2.457	0.0
2.46175	0.0
2.4665	0.0
2.47125	0.0
2.476	0.0
2.48075	0.0
2.4855	0.0
2.4902499999999996	0.0
2.495	0.0
2.4997499999999997	0.0
2.5045	0.0
2.5092499999999998	0.0
2.514	0.0
2.51875	0.0
2.5235	0.0
2.52825	0.0
2.533	0.0
2.53775	0.0
2.5425	0.0
2.54725	0.0
2.552	0.0
2.55675	0.0
2.5615	0.0
2.56625	0.0
2.5709999999999997	0.0
2.5757499999999998	0.0
2.5805	0.0
2.58525	0.0
2.59	0.0
2.59475	0.0
2.5995	0.0
2.60425	0.0
2.609	0.0
2.61375	0.0
2.6185	0.0
2.62325	0.0
2.628	0.0
2.63275	0.0
2.6374999999999997	0.0
2.6422499999999998	0.0
2.647	0.0
2.65175	0.0
2.6565	0.0
2.66125	0.0
2.666	0.0
2.67075	0.0
2.6755	0.0
2.68025	0.0
2.685	0.0
2.68975	0.0
2.6945	0.0
2.69925	0.0
2.7039999999999997	0.0
2.7087499999999998	0.0
2.7135	0.0
2.71825	0.0
2.723	0.0
2.72775	0.0
2.7325	0.0
2.73725	0.0
2.742	0.0
2.74675	0.0
2.7515	0.0
2.75625	0.0
2.761	0.0
2.76575	0.0
2.7704999999999997	0.0
2.7752499999999998	0.0
2.78	0.0
2.78475	0.0
2.7895	0.0
2.79425	0.0
2.799	0.0
2.80375	0.0
2.8085	0.0
2.81325	0.0
2.818	0.0
2.82275	0.0
2.8275	0.0
2.83225	0.0
2.8369999999999997	0.0
2.8417499999999998	0.0
2.8465	0.0
2.85125	0.0
2.856	0.0
2.86075	0.0
2.8655	0.0
2.87025	0.0
2.875	0.0
2.87975	0.0
2.8845	0.0
2.88925	0.0
2.894	0.0
2.89875	0.0
2.9034999999999997	0.0
2.90825	0.0
2.913	0.0
2.91775	0.0
2.9225	0.0
2.92725	0.0
2.932	0.0
2.93675	0.0
2.9415	0.0
2.94625	0.0
2.951	0.0
2.95575	0.0
2.9605	0.0
2.9652499999999997	0.0
2.9699999999999998	0.0
2.97475	0.0
2.9795	0.0
2.98425	0.0
2.989	0.0
2.99375	0.0
2.9985	0.0
3.00325	0.0
3.008	0.0
3.01275	0.0
3.0175	0.0
3.02225	0.0
3.027	0.0
3.0317499999999997	0.0
3.0364999999999998	0.0
3.04125	0.0
3.046	0.0
3.05075	0.0
3.0555	0.0
3.06025	0.0
3.065	0.0
3.06975	0.0
3.0745	0.0
3.07925	0.0
3.084	0.0
3.08875	0.0
3.0935	0.0
3.0982499999999997	0.0
3.1029999999999998	0.0
3.10775	0.0
3.1125	0.0
3.11725	0.0
3.122	0.0
3.12675	0.0
3.1315	0.0
3.13625	0.0
3.141	0.0
3.14575	0.0
3.1505	0.0
3.15525	0.0
3.16	0.0
3.1647499999999997	0.0
3.1694999999999998	0.0
3.17425	0.0
3.179	0.0
3.18375	0.0
3.1885	0.0
3.19325	0.0
3.198	0.0
3.20275	0.0
3.2075	0.0
3.21225	0.0
3.217	0.0
3.22175	0.0
3.2265	0.0
3.2312499999999997	0.0
3.2359999999999998	0.0
3.24075	0.0
3.2455	0.0
3.25025	0.0
3.255	0.0
3.25975	0.0
3.2645	0.0
3.26925	0.0
3.274	0.0
3.27875	0.0
3.2835	0.0
3.28825	0.0
3.293	0.0
3.2977499999999997	0.0
3.3024999999999998	0.0
3.30725	0.0
3.312	0.0
3.31675	0.0
3.3215	0.0
3.32625	0.0
3.331	0.0
3.33575	0.0
3.3405	0.0
3.34525	0.0
3.35	0.0
3.35475	0.0
3.3594999999999997	0.0
3.3642499999999997	0.0
3.3689999999999998	0.0
3.37375	0.0
3.3785	0.0
3.38325	0.0
3.388	0.0
3.39275	0.0
3.3975	0.0
3.40225	0.0
3.407	0.0
3.41175	0.0
3.4165	0.0
3.42125	0.0
3.4259999999999997	0.0
3.4307499999999997	0.0
3.4354999999999998	0.0
3.44025	0.0
3.445	0.0
3.44975	0.0
3.4545	0.0
3.45925	0.0
3.464	0.0
3.46875	0.0
3.4735	0.0
3.47825	0.0
3.483	0.0
3.48775	0.0
3.4924999999999997	0.0
3.4972499999999997	0.0
3.502	0.0
3.50675	0.0
3.5115	0.0
3.51625	0.0
3.521	0.0
3.52575	0.0
3.5305	0.0
3.53525	0.0
3.54	0.0
3.54475	0.0
3.5495	0.0
3.55425	0.0
3.5589999999999997	0.0
3.5637499999999998	0.0
3.5685	0.0
3.57325	0.0
3.578	0.0
3.58275	0.0
3.5875	0.0
3.59225	0.0
3.597	0.0
3.60175	0.0
3.6065	0.0
3.61125	0.0
3.616	0.0
3.62075	0.0
3.6254999999999997	0.0
3.6302499999999998	0.0
3.635	0.0
3.63975	0.0
3.6445	0.0
3.64925	0.0
3.654	0.0
3.65875	0.0
3.6635	0.0
3.66825	0.0
3.673	0.0
3.67775	0.0
3.6825	0.0
3.68725	0.0
3.6919999999999997	0.0
3.6967499999999998	0.0
3.7015	0.0
3.70625	0.0
3.711	0.0
3.71575	0.0
3.7205	0.0
3.72525	0.0
3.73	0.0
3.73475	0.0
3.7395	0.0
3.74425	0.0
3.749	0.0
3.7537499999999997	0.0
3.7584999999999997	0.0
3.7632499999999998	0.0
3.768	0.0
3.77275	0.0
3.7775	0.0
3.78225	0.0
3.787	0.0
3.79175	0.0
3.7965	0.0
3.80125	0.0
3.806	0.0
3.81075	0.0
3.8155	0.0
3.8202499999999997	0.0
3.8249999999999997	0.0
3.8297499999999998	0.0
3.8345	0.0
3.83925	0.0
3.844	0.0
3.84875	0.0
3.8535	0.0
3.85825	0.0
3.863	0.0
3.86775	0.0
3.8725	0.0
3.87725	0.0
3.882	0.0
3.8867499999999997	0.0
3.8914999999999997	0.0
3.8962499999999998	0.0
3.901	0.0
3.90575	0.0
3.9105	0.0
3.91525	0.0
3.92	0.0
3.92475	0.0
3.9295	0.0
3.93425	0.0
3.939	0.0
3.94375	0.0
3.9485	0.0
3.9532499999999997	0.0
3.9579999999999997	0.0
3.9627499999999998	0.0
3.9675	0.0
3.97225	0.0
3.977	0.0
3.98175	0.0
3.9865	0.0
3.99125	0.0
3.996	0.0
4.00075	0.0
4.0055	0.0
4.01025	0.0
4.015000000000001	0.0
4.01975	0.0
4.0245	0.0
4.029249999999999	0.0
4.034	0.0
4.03875	0.0
4.0435	0.0
4.0482499999999995	0.0
4.053	0.0
4.05775	0.0
4.0625	0.0
4.06725	0.0
4.072	0.0
4.0767500000000005	0.0
4.0815	0.0
4.08625	0.0
4.090999999999999	0.0
4.09575	0.0
4.1005	0.0
4.10525	0.0
4.109999999999999	0.0
4.11475	0.0
4.1195	0.0
4.12425	0.0
4.129	0.0
4.13375	0.0
4.1385000000000005	0.0
4.14325	0.0
4.148	0.0
4.152749999999999	0.0
4.1575	0.0
4.16225	0.0
4.167	0.0
4.171749999999999	0.0
4.1765	0.0
4.18125	0.0
4.186	0.0
4.1907499999999995	0.0
4.1955	0.0
4.2002500000000005	0.0
4.205	4.25e-322
4.20975	7.332e-320
4.214499999999999	1.24337e-317
4.21925	2.07079011e-315
4.224	3.38713707356e-313
4.22875	5.4411468546967e-311
4.233499999999999	8.58438342330772e-309
4.23825	1.3301136537852332e-306
4.243	2.0240879551219093e-304
4.24775	3.0250391107733895e-302
4.2524999999999995	4.440108595503853e-300
4.25725	6.400548236207648e-298
4.2620000000000005	9.061534373524068e-296
4.26675	1.2599325447707907e-293
4.2715	1.7204966474200876e-291
4.27625	2.3073918367725154e-289
4.281	3.0391340585191076e-287
4.28575	3.931328618769995e-285
4.2905	4.994474761373827e-283
4.295249999999999	6.231624590245779e-281
4.3	7.636137264852356e-279
4.30475	9.189823180237665e-277
4.3095	1.0861794168446157e-274
4.3142499999999995	1.2608312564226926e-272
4.319	1.4373857967166398e-270
4.32375	1.6093507853865825e-268
4.3285	1.7696568766524227e-266
4.33325	1.9111219668705683e-264
4.338	2.0269765545337e-262
4.3427500000000006	2.111397635777293e-260
4.3475	2.1599928874481002e-258
4.35225	2.170179195803243e-256
4.356999999999999	2.141410141959121e-254
4.36175	2.0752245628308128e-252
4.3665	1.975110181484449e-250
4.37125	1.8461991255068774e-248
4.3759999999999994	1.6948323254711561e-246
4.38075	1.5280442151248525e-244
4.3855	1.353025831383529e-242
4.39025	1.1766227456643718e-240
4.395	1.0049151086728698e-238
4.39975	8.429125044738891e-237
4.4045000000000005	6.943790382009758e-235
4.40925	5.617870086990255e-233
4.414	4.463831232403058e-231
4.418749999999999	3.483411856464924e-229
4.4235	2.669702508125564e-227
4.42825	2.0094717167517417e-225
4.433	1.4854632464070632e-223
4.437749999999999	1.0784571857103483e-221
4.4425	7.68962021220632e-220
4.44725	5.384778672823257e-218
4.452	3.7033248457066645e-216
4.4567499999999995	2.5013631345668984e-214
4.4615	1.6592914121985348e-212
4.4662500000000005	1.0810096495588015e-210
4.471	6.916676447708967e-209
4.47575	4.346366401982359e-207
4.480499999999999	2.68235462487174e-205
4.48525	1.6257996940884393e-203
4.49	9.677849535415738e-202
4.49475	5.657853246443306e-200
4.499499999999999	3.2485194841088285e-198
4.50425	1.8318092931565884e-196
4.509	1.0144625625364533e-194
4.51375	5.51763255997441e-193
4.5184999999999995	2.947341855574505e-191
4.52325	1.5462126856164794e-189
4.528	7.966525251537757e-188
4.53275	4.031156200793793e-186
4.5375	2.0033244934515474e-184
4.54225	9.777638124212493e-183
4.547	4.6868127550908076e-181
4.55175	2.2063897496542267e-179
4.5565	1.0201119705542544e-177
4.56125	4.6320628245205684e-176
4.566	2.065675140111743e-174
4.57075	9.047124969834762e-173
4.5755	3.8915278279942472e-171
4.5802499999999995	1.643957841373659e-169
4.585	6.820593962768725e-168
4.5897499999999996	2.779167363726646e-166
4.5945	1.1121623544808567e-164
4.59925	4.371018701479606e-163
4.604	1.6871671981773103e-161
4.60875	6.395795462093791e-160
4.6135	2.381178729170594e-158
4.61825	8.706636373643982e-157
4.623	3.1265818604409363e-155
4.62775	1.102681746810501e-153
4.6325	3.81936841084541e-152
4.63725	1.299253521724389e-150
4.6419999999999995	4.3406746810397015e-149
4.64675	1.4242346852998887e-147
4.6514999999999995	4.589515732061172e-146
4.65625	1.452490003605826e-144
4.661	4.514611941852533e-143
4.66575	1.378125232746002e-141
4.6705	4.1315967541931454e-140
4.67525	1.2164889132533087e-138
4.68	3.517704606812113e-137
4.68475	9.990139770153021e-136
4.6895	2.7864082408204857e-134
4.69425	7.632712636473476e-133
4.699	2.0534023875217745e-131
4.70375	5.425380447856244e-130
4.7085	1.4078206067168728e-128
4.7132499999999995	3.587776842042506e-127
4.718	8.979755489729882e-126
4.72275	2.207316374860281e-124
4.7275	5.328753653119857e-123
4.73225	1.2634198218596371e-121
4.737	2.9419190181069267e-120
4.74175	6.727825612493924e-119
4.7465	1.5110530874869094e-117
4.75125	3.3330797408525755e-116
4.756	7.220589737721616e-115
4.76075	1.5362454877445727e-113
4.7655	3.210033430943366e-112
4.77025	6.587482509222924e-111
4.7749999999999995	1.3276707256124179e-109
4.77975	2.6279812863757388e-108
4.7844999999999995	5.108755777206416e-107
4.78925	9.753691158715338e-106
4.794	1.8288742392664197e-104
4.79875	3.367903738496892e-103
4.8035	6.091110552145449e-102
4.80825	1.0819178310184549e-100
4.813	1.887352668723127e-99
4.81775	3.233499702164194e-98
4.8225	5.440684916988534e-97
4.82725	8.990737347994797e-96
4.832	1.4591435847424926e-94
4.83675	2.3257430626664076e-93
4.8415	3.640712818848856e-92
4.8462499999999995	5.59721637819766e-91
4.851	8.451207291038559e-90
4.85575	1.253217344105201e-88
4.8605	1.8251351276848522e-87
4.86525	2.6105056386801626e-86
4.87	3.667036493370668e-85
4.87475	5.059024852744211e-84
4.8795	6.854556782848383e-83
4.88425	9.121219952758483e-82
4.889	1.1920307626497949e-80
4.89375	1.5299702379700523e-79
4.8985	1.9285881175849377e-78
4.90325	2.3875747383886466e-77
4.9079999999999995	2.902922545751111e-76
4.91275	3.466369910004841e-75
4.9174999999999995	4.065138516982217e-74
4.92225	4.6820578505645193e-73
4.927	5.296136709079897e-72
4.93175	5.8835924660119255e-71
4.9365	6.419289526742076e-70
4.94125	6.878477631489756e-69
4.946	7.238668350368611e-68
4.95075	7.481454066261785e-67
4.9555	7.594065401144209e-66
4.96025	7.570483840976119e-65
4.965	7.411974647847257e-64
4.9697499999999994	7.126974389052652e-63
4.9745	6.730346996658079e-62
4.9792499999999995	6.242099655364203e-61
4.984	5.685712880126851e-60
4.98875	5.086278496778046e-59
4.9935	4.4686499126185904e-58
4.99825	3.855791242931558e-57
5.003	3.267470519208358e-56
5.00775	2.7193858137739027e-55
5.0125	2.2227517560573242e-54
5.01725	1.7843172785444963e-53
5.022	1.4067411272866864e-52
5.02675	1.089224177520891e-51
5.0315	8.282879545006649e-51
5.03625	6.185949966707153e-50
5.0409999999999995	4.537247238776031e-49
5.04575	3.2684321336423117e-48
5.0504999999999995	2.312317589549378e-47
5.05525	1.6066322437363615e-46
5.06	1.0963430277820893e-45
5.06475	7.347463275814027e-45
5.0695	4.836034313300821e-44
5.07425	3.1260959794363965e-43
5.079	1.984614804437342e-42
5.08375	1.2374029017306773e-41
5.0885	7.577169773565507e-41
5.09325	4.556841163331843e-40
5.098	2.691421689597797e-39
5.1027499999999995	1.5612073592450222e-38
5.1075	8.894067399553091e-38
5.1122499999999995	4.976238961821537e-37
5.117	2.7344061545530212e-36
5.12175	1.4756582938875384e-35
5.1265	7.821131140112258e-35
5.13125	4.071123876939166e-34
5.136	2.081229875315823e-33
5.14075	1.0449289703897566e-32
5.1455	5.152458153653969e-32
5.15025	2.495187356559902e-31
5.155	1.1867324928970983e-30
5.15975	5.543237554579194e-30
5.1645	2.5429342560753476e-29
5.16925	1.145691678002478e-28
5.1739999999999995	5.069456132797482e-28
5.17875	2.203007444825047e-27
5.1834999999999996	9.402244592596736e-27
5.18825	3.9410151965674905e-26
5.193	1.6223541302325803e-25
5.19775	6.559099100141415e-25
5.2025	2.604376159053393e-24
5.20725	1.0156035590678528e-23
5.212	3.889606809379421e-23
5.21675	1.4630129625438438e-22
5.2215	5.404451588722776e-22
5.22625	1.960722228413608e-21
5.231	6.986207786770445e-21
5.2357499999999995	2.4447131531251975e-20
5.2405	8.40185736475915e-20
5.2452499999999995	2.8358528000923233e-19
5.25	9.400545347317917e-19
5.25475	3.060436675733605e-18
5.2595	9.785313217218501e-18
5.26425	3.0727487437497366e-17
5.269	9.476333854653362e-17
5.27375	2.870216390405198e-16
5.2785	8.537877360599331e-16
5.28325	2.4942855395182227e-15
5.288	7.156545062095827e-15
5.29275	2.0166086982557994e-14
5.2975	5.580856383121641e-14
5.30225	1.516844431942953e-13
5.3069999999999995	4.0489482065387907e-13
5.31175	1.0614618399156053e-12
5.3165	2.7329238743314945e-12
5.32125	6.9105349550901444e-12
5.326	1.7161560914506465e-11
5.33075	4.1856497941701066e-11
5.3355	1.0026052541104627e-10
5.34025	2.358620386989419e-10
5.345	5.449380139410465e-10
5.34975	1.2365086126796455e-09
5.3545	2.755549210868625e-09
5.35925	6.030872981577759e-09
5.364	1.2963228509977529e-08
5.3687499999999995	2.736573746189972e-08
5.3735	5.673644500675611e-08
5.3782499999999995	1.155255564353971e-07
5.383	2.3102288464096936e-07
5.38775	4.5372522036621644e-07
5.3925	8.751687923746398e-07
5.39725	1.6578747223228227e-06
5.402	3.0844134028758386e-06
5.40675	5.635785274215841e-06
5.4115	1.0113402196168085e-05
5.41625	1.782383300055563e-05
5.421	3.085076336157354e-05
5.42575	5.2443504967971306e-05
5.430499999999999	8.755450330352807e-05
5.43525	0.00014355762095246167
5.4399999999999995	0.00023117187797469632
5.44475	0.0003655987769832477
5.4495	0.0005678523821385226
5.45425	0.0008662179006948193
5.459	0.0012977165439628517
5.46375	0.0019093850280306641
5.4685	0.0027591046236092763
5.47325	0.0039156494972374745
5.478	0.0054575840784476535
5.48275	0.007470644062895418
5.4875	0.010043304718775771
5.49225	0.0132603876034572
5.497	0.017194786292861284
5.5017499999999995	0.021897691391671744
5.5065	0.027388034347356545
5.5112499999999995	0.03364219946370055
5.516	0.04058531149704824
5.52075	0.0480855259179443
5.5255	0.055952673388577234
5.53025	0.06394230646793346
5.535	0.07176566909240506
5.53975	0.07910540592513678
5.5445	0.08563603938194603
5.54925	0.09104748789111422
5.554	0.09506931102920683
5.55875	0.09749306188914045
5.5634999999999994	0.09819018049098364
5.56825	0.09712329126310826
5.5729999999999995	0.09434952292475829
5.57775	0.09001544037703578
5.5825	0.08434421432561083
5.58725	0.0776165917355835
5.592	0.07014792420887116
5.59675	0.062263863374461575
5.6015	0.05427730671459332
5.60625	0.046468804447465165
5.611	0.039072004588308236
5.61575	0.03226494076063017
5.6205	0.026167186845287946
5.62525	0.02084222996752313
5.63	0.016303930526848226
5.6347499999999995	0.012525683487726803
5.6395	0.009450864467464914
5.6442499999999995	0.007003298240919922
5.649	0.005096765971533588
5.65375	0.0036429041806479287
5.6585	0.0025571828807539367
5.66325	0.0017629370830811897
5.668	0.0011936385119976042
5.67275	0.0007937245560654923
5.6775	0.0005183556005808737
5.68225	0.00033246563266324194
5.687	0.00020942412341216294
5.69175	0.00012955901535284826
5.6964999999999995	7.871718514896856e-05
5.70125	4.6971286728066076e-05
5.7059999999999995	2.7526839054408455e-05
5.71075	1.5843138340881838e-05
5.7155	8.955442914774701e-06
5.72025	4.971574020739894e-06
5.725	2.7105769105103503e-06
5.72975	1.4514114464830877e-06
5.7345	7.632737692800434e-07
5.73925	3.942131580660877e-07
5.744	1.9995988537882554e-07
5.74875	9.96129098665107e-08
5.7535	4.873594135171417e-08
5.75825	2.3417691256736327e-08
5.763	1.1050954157430969e-08
5.7677499999999995	5.121727442825841e-09
5.7725	2.3312783689549324e-09
5.7772499999999996	1.04215613454981e-09
5.782	4.5754354124480136e-10
5.78675	1.9728454003534054e-10
5.7915	8.35438841353731e-11
5.79625	3.474539524540449e-11
5.801	1.4191909550975599e-11
5.80575	5.693055235677552e-12
5.8105	2.2429053401496085e-12
5.81525	8.678356307985171e-13
5.82	3.2978051637521695e-13
5.82475	1.2307603452906663e-13
5.8294999999999995	4.5111054678207256e-14
5.83425	1.623878198973772e-14
5.8389999999999995	5.740965095420398e-15
5.84375	1.993321477010935e-15
5.8485	6.797211294272526e-16
5.85325	2.276382190736466e-16
5.858	7.487219627092866e-17
5.86275	2.4185604729205197e-17
5.8675	7.672807694590859e-18
5.87225	2.390631627391222e-18
5.877	7.315297498270656e-19
5.88175	2.198428316056094e-19
5.8865	6.488638966108052e-20
5.891249999999999	1.8808575120109533e-20
5.896	5.3545030006326805e-21
5.9007499999999995	1.4970745282274153e-21
5.9055	4.110821892035109e-22
5.91025	1.1086000268766468e-22
5.915	2.9361760610183207e-23
5.91975	7.637483531564456e-24
5.9245	1.951099711513536e-24
5.92925	4.89519083650982e-25
5.934	1.2062040277755049e-25
5.93875	2.918992010530019e-26
5.9435	6.93754843109952e-27
5.94825	1.6193482120016915e-27
5.953	3.712255875139328e-28
5.95775	8.358924227404213e-29
5.9624999999999995	1.853545644870207e-29
5.96725	4.2760753722006995e-30
5.9719999999999995	2.0860908290983262e-30
5.97675	5.83235720656268e-30
5.9815	2.55498127517037e-29
5.98625	1.13090274822941e-28
5.991	4.92260726797661e-28
5.99575	2.104515687084801e-27
6.0005	8.836317633898078e-27
6.00525	3.6437746411183433e-26
6.01	1.475681682119709e-25
6.01475	5.869415415541854e-25
6.0195	2.2927568253787424e-24
6.024249999999999	8.795937326081245e-24
6.029	3.314112463803521e-23
6.0337499999999995	1.2263469137619906e-22
6.0385	4.456772108005557e-22
6.04325	1.5907007913541673e-21
6.048	5.575933060253929e-21
6.05275	1.919586072227788e-20
6.0575	6.490207973436226e-20
6.06225	2.1551158534709148e-19
6.067	7.02819195204091e-19
6.07175	2.2510108667363362e-18
6.0765	7.080640639577687e-18
6.08125	2.1874014710597148e-17
6.086	6.636596763197789e-17
6.09075	1.977531210694244e-16
6.0954999999999995	5.787116787746527e-16
6.10025	1.663267615251407e-15
6.1049999999999995	4.6948638365777794e-15
6.10975	1.3015020459587945e-14
6.1145	3.543461298754922e-14
6.11925	9.47483197641986e-14
6.124	2.4881486613982336e-13
6.12875	6.417148912637073e-13
6.1335	1.625432332984401e-12
6.13825	4.043492632386063e-12
6.143	9.878827508252278e-12
6.14775	2.3703644945007524e-11
6.1525	5.585806006876971e-11
6.1572499999999994	1.2927589370461369e-10
6.162	2.938395386575629e-10
6.1667499999999995	6.559396786664157e-10
6.1715	1.4380651330719292e-09
6.17625	3.096379582818219e-09
6.181	6.54773083671873e-09
6.18575	1.359841922433793e-08
6.1905	2.7736203696686663e-08
6.19525	5.556055752495738e-08
6.2	1.0930679400406947e-07
6.20475	2.1119746575278878e-07
6.2095	4.007663353017967e-07
6.21425	7.46886739001041e-07
6.218999999999999	1.3670337868714452e-06
6.22375	2.4573370743229027e-06
6.2284999999999995	4.3382163029443e-06
6.23325	7.521745862237844e-06
6.2379999999999995	1.2808170320476733e-05
6.24275	2.141985452915406e-05
6.2475	3.518089831274911e-05
6.25225	5.674901355450575e-05
6.257	8.990227744080227e-05
6.26175	0.0001398762739968168
6.2665	0.00021373635628848018
6.27125	0.00032075521976981567
6.276	0.0004727483793897141
6.28075	0.0006843012767425685
6.2855	0.0009728046497497014
6.2902499999999995	0.0013582037087665289
6.295	0.0018623666017090724
6.2997499999999995	0.002507993626604121
6.3045	0.0033170244901757438
6.30925	0.004308557875348549
6.314	0.0054963730445092935
6.31875	0.006886229793074899
6.3235	0.00847320863217393
6.32825	0.010239421832252585
6.333	0.012152460836193738
6.33775	0.014164931569088718
6.3425	0.01621535721139416
6.34725	0.018230598148986567
6.351999999999999	0.020129762331347927
6.35675	0.02182937840629795
6.3614999999999995	0.023249409260730533
6.36625	0.02431952870085414
6.3709999999999996	0.024984999398184955
6.37575	0.025211496505977475
6.3805	0.024988324150335136
6.38525	0.02432965968412747
6.39	0.02327370549281058
6.39475	0.02187989127891673
6.3995	0.020224508096929893
6.40425	0.01839533013090389
6.409	0.01648586409119134
6.41375	0.014589848562421435
6.4185	0.012796514281495197
6.4232499999999995	0.011186934990198953
6.428	0.009831582253903624
6.4327499999999995	0.00878898600002355
6.4375	0.008105232392774336
6.44225	0.007813930087493436
6.447	0.007936259857208411
6.45175	0.0084807909864912
6.4565	0.009442886046974394
6.46125	0.010803697068704253
6.466	0.012528946276532945
6.47075	0.014567846579592512
6.4755	0.01685261736652659
6.48025	0.01929906540271711
6.484999999999999	0.021808618063342555
6.48975	0.024272022797860022
6.4944999999999995	0.026574685713755916
6.49925	0.028603350979813362
6.504	0.030253567553931732
6.50875	0.03143719740524051
6.5135	0.032089128593622535
6.51825	0.03217238977126919
6.523	0.03168102091629342
6.52775	0.030640316848761607
6.5325	0.0291043846570934
6.53725	0.027151291332212044
6.542	0.02487636983196942
6.54675	0.022384455328415525
6.5515	0.01978191034214122
6.5562499999999995	0.01716926114446559
6.561	0.014635122930265866
6.5657499999999995	0.012251869599510566
6.5705	0.010073246948195225
6.57525	0.00813387815127422
6.58	0.006450403402524647
6.58475	0.005023855068656466
6.5895	0.003842804842566506
6.59425	0.0028868256185577493
6.599	0.002129873265768886
6.60375	0.001543291491358824
6.6085	0.0010982548954665522
6.61325	0.0007675723458411619
6.617999999999999	0.0005268615152296882
6.62275	0.00035516864510444523
6.6274999999999995	0.00023514391537931181
6.63225	0.00015289520195167167
6.637	9.763711833103087e-05
6.64175	6.123462097289445e-05
6.6465	3.7717256870847826e-05
6.65125	2.2816243844381566e-05
6.656	1.3555301583449096e-05
6.66075	7.909248188469754e-06
6.6655	4.532337140682768e-06
6.67025	2.550763513826702e-06
6.675	1.4098703242412502e-06
6.679749999999999	7.653306866210702e-07
6.6845	4.0801870156238877e-07
6.6892499999999995	2.136347990069476e-07
6.694	1.0985628488334258e-07
6.6987499999999995	5.5480300428812065e-08
6.7035	2.7517798417884413e-08
6.70825	1.3404467012071504e-08
6.713	6.412780873765675e-09
6.71775	3.0130354040626665e-09
6.7225	1.3903465192727112e-09
6.72725	6.300903926543016e-10
6.732	2.804423812704735e-10
6.73675	1.2258728287057046e-10
6.7415	5.26269470291526e-11
6.74625	2.218870308903812e-11
6.7509999999999994	9.187908163367864e-12
6.75575	3.736477375967005e-12
6.7604999999999995	1.4923443750085834e-12
6.76525	5.853784542936023e-13
6.77	2.255097890629145e-13
6.77475	8.532082546439933e-14
6.7795	3.170338851788021e-14
6.78425	1.1569572233461005e-14
6.789	4.1465786331883666e-15
6.79375	1.459565178590468e-15
6.7985	5.045660976978278e-16
6.80325	1.7130641395711853e-16
6.808	5.71202587216192e-17
6.812749999999999	1.870542983950109e-17
6.8175	6.0159775050968954e-18
6.8222499999999995	1.9002279401205942e-18
6.827	5.894760705973274e-19
6.8317499999999995	1.7959227208158997e-19
6.8365	5.3736588868039056e-20
6.84125	1.5791141629464948e-20
6.846	4.557408390032589e-21
6.85075	1.2917645171016463e-21
6.8555	3.5959176627118917e-22
6.86025	9.830986767941817e-23
6.865	2.6396446674362623e-23
6.86975	6.960730358629002e-24
6.8745	1.8027069663664685e-24
6.87925	4.585180619137953e-25
6.8839999999999995	1.1453777536181422e-25
6.88875	2.809972203808282e-26
6.8934999999999995	6.77043056865505e-27
6.89825	1.6021070744679644e-27
6.903	3.723297786797865e-28
6.90775	8.498161707457078e-29
6.9125	1.9049483024631185e-29
6.91725	4.193748497177684e-30
6.922	9.067395399818052e-31
6.92675	1.925412164757984e-31
6.9315	4.0153726172359444e-32
6.93625	8.224111301564645e-33
6.941	1.6542955064990056e-33
6.945749999999999	3.2681214358040142e-34
6.9505	6.340803074692589e-35
6.9552499999999995	1.2082347720585626e-35
6.96	2.2610979668619482e-36
6.9647499999999996	4.1557404289646885e-37
6.9695	7.501332769403144e-38
6.97425	1.3298095112370903e-38
6.979	2.3152688167334598e-39
6.98375	3.958898750686608e-40
6.9885	6.64826545176947e-41
6.99325	1.0964865103353248e-41
6.998	1.77606648535731e-42
7.00275	2.825375206706765e-43
7.007499999999999	4.414220517790072e-44
7.01225	6.773184485945267e-45
7.0169999999999995	1.0206874371724347e-45
7.02175	1.510614393665552e-46
7.0264999999999995	2.195712388164678e-47
7.03125	3.1344277993502906e-48
7.036	4.394425167813974e-49
7.04075	6.050717277445138e-50
7.0455	8.182247891826505e-51
7.05025	1.086674283742229e-51
7.055	1.4173827104687433e-52
7.05975	1.815665563684585e-53
7.0645	2.2842601703040007e-54
7.06925	2.822385045300593e-55
7.074	3.42490036655814e-56
7.078749999999999	4.0816955343287874e-57
7.0835	4.777429150634371e-58
7.0882499999999995	5.491726353153185e-59
7.093	6.199897460040771e-60
7.09775	6.874183316748821e-61
7.1025	7.485463495487405e-62
7.10725	8.005293674774198e-63
7.112	8.408079805858027e-64
7.11675	8.673160161253228e-65
7.1215	8.786560262615649e-66
7.12625	8.74221337496651e-67
7.131	8.542498224493942e-68
7.13575	8.198027611529912e-69
7.140499999999999	7.726714061477983e-70
7.14525	7.152226995741676e-71
7.1499999999999995	6.502026315326727e-72
7.15475	5.80519938766603e-73
7.1594999999999995	5.090337094200956e-74
7.16425	4.3836606848514965e-75
7.169	3.7075609743659885e-76
7.17375	3.0796450108022563e-77
7.1785	2.5123144680694904e-78
7.18325	2.0128356924414446e-79
7.188	1.5838120215597636e-80
7.19275	1.223939440421207e-81
7.1975	9.289176378131776e-83
7.20225	6.923974711896367e-84
7.207	5.068678222856197e-85
7.211749999999999	3.644139173063056e-86
7.2165	2.573097083053559e-87
7.2212499999999995	1.784343137025837e-88
7.226	1.215238616922202e-89
7.23075	8.128412467375898e-91
7.2355	5.339626619153639e-92
7.24025	3.4449032573158826e-93
7.245	2.1827507973586158e-94
7.24975	1.3582892561023553e-95
7.2545	8.301209225340037e-97
7.25925	4.982547403134233e-98
7.264	2.937125494119236e-99
7.26875	1.7004135275361541e-100
7.273499999999999	9.668243599159727e-102
7.27825	5.39885423285055e-103
7.2829999999999995	2.960851349184442e-104
7.28775	1.5947499263279721e-105
7.2924999999999995	8.43586385515349e-107
7.29725	4.3825564430726196e-108
7.302	2.2360754766195646e-109
7.30675	1.1204858690766714e-110
7.3115	5.514260687681629e-112
7.31625	2.6651962159233185e-113
7.321	1.2651210064658977e-114
7.32575	5.897879979779599e-116
7.3305	2.7003544815945774e-117
7.33525	1.214245804314592e-118
7.34	5.362328663354634e-120
7.3447499999999994	2.325740367186533e-121
7.3495	9.906722943179902e-123
7.3542499999999995	4.144382093889378e-124
7.359	1.7027486491833285e-125
7.36375	6.870720546747159e-127
7.3685	2.7227954099477426e-128
7.37325	1.0597141159359812e-129
7.378	4.050637822632768e-131
7.38275	1.520614377296248e-132
7.3875	5.606292540081361e-134
7.39225	2.0299876875010682e-135
7.397	7.21891679858555e-137
7.40175	2.5212252829477006e-138
7.406499999999999	8.647931788290934e-140
7.41125	2.913223749573653e-141
7.4159999999999995	9.638210626328075e-143
7.42075	3.131698674072874e-144
7.4254999999999995	9.993658588580698e-146
7.43025	3.13205971391791e-147
7.435	9.64043304873724e-149
7.43975	2.91423142421464e-150
7.4445	8.651920406923133e-152
7.44925	2.52267892326406e-153
7.454	7.223911662081433e-155
7.45875	2.0316264530153008e-156
7.4635	5.611465226505075e-158
7.468249999999999	1.5221928498950978e-159
7.473	4.055310049215741e-161
7.4777499999999995	1.0610587587168838e-162
7.4825	2.726564589391089e-164
7.4872499999999995	6.881024911743548e-166
7.492	1.705498943780201e-167
7.49675	4.1515546957199916e-169
7.5015	9.925012396105495e-171
7.50625	2.3303026889127998e-172
7.511	5.373467163895776e-174
7.51575	1.216908282451866e-175
7.5205	2.7065875465677957e-177
7.52525	5.912175209783251e-179
7.53	1.2683335994944558e-180
7.53475	2.672272137847617e-182
7.539499999999999	5.529538092526393e-184
7.54425	1.1237197385655482e-185
7.5489999999999995	2.2427876157148006e-187
7.55375	4.396218543349176e-189
7.5584999999999996	8.463137226488747e-191
7.56325	1.6000902412321747e-192
7.568	2.971108793872069e-194
7.57275	5.418182355278561e-196
7.5775	9.703974912748848e-198
7.58225	1.706894571376023e-199
7.587	2.9486601046935402e-201
7.59175	5.0026914187420786e-203
7.5965	8.335731187817054e-205
7.601249999999999	1.3640951708567254e-206
7.606	2.1923335321323307e-208
7.6107499999999995	3.460425998064423e-210
7.6155	5.364305343056178e-212
7.6202499999999995	8.166921841520555e-214
7.625	1.2211367256619178e-215
7.62975	1.7932100777724015e-217
7.6345	2.5861816959368045e-219
7.63925	3.663092460621705e-221
7.644	5.095627969759922e-223
7.64875	6.961591397173151e-225
7.6535	9.340719497028604e-227
7.65825	1.2308726337994855e-228
7.663	1.5929673936483477e-230
7.66775	2.0247044680160112e-232
7.672499999999999	2.5274197841438813e-234
7.67725	3.0985185809654408e-236
7.6819999999999995	3.730712768504064e-238
7.68675	4.4115428996625533e-240
7.6915	5.123304690116341e-242
7.69625	5.843470383608806e-244
7.701	6.545645700957757e-246
7.70575	7.201038387374525e-248
7.7105	7.780342980224756e-250
7.71525	8.255879457738814e-252
7.72	8.603772708132268e-254
7.72475	8.80593547612625e-256
7.7295	8.851625956409127e-258
7.734249999999999	8.738393406652544e-260
7.739	8.472295929668624e-262
7.7437499999999995	8.067363491417959e-264
7.7485	7.544372416139717e-266
7.7532499999999995	6.929080330636594e-268
7.758	6.2501301151839265e-270
7.76275	5.53685952869384e-272
7.7675	4.817247245079911e-274
7.77225	4.116189430721266e-276
7.777	3.45424194801011e-278
7.78175	2.846892965078139e-280
7.7865	2.3043609615210688e-282
7.79125	1.8318540277066886e-284
7.795999999999999	1.4301849475593426e-286
7.80075	1.096615869963366e-288
7.805499999999999	8.258056215474962e-291
7.81025	6.107481046468824e-293
7.8149999999999995	4.4361620825327726e-295
7.81975	3.16456242850219e-297
7.8245	2.2170777031205433e-299
7.82925	1.5254892294006284e-301
7.834	1.0308568511864835e-303
7.83875	6.84145637811186e-306
7.8435	4.45922870837589e-308
7.84825	2.8545122895072e-310
7.853	1.794589289555e-312
7.85775	1.108049623e-314
7.8625	6.71915e-317
7.867249999999999	4.0016e-319
7.872	2.34e-321
7.8767499999999995	1.5e-323
7.8815	0.0
7.8862499999999995	0.0
7.891	0.0
7.89575	0.0
7.9005	0.0
7.90525	0.0
7.91	0.0
7.91475	0.0
7.9195	0.0
7.92425	0.0
7.928999999999999	0.0
7.93375	0.0
7.9384999999999994	0.0
7.94325	0.0
7.9479999999999995	0.0
7.95275	0.0
7.9575	0.0
7.96225	0.0
7.967	0.0
7.97175	0.0
7.9765	0.0
7.98125	0.0
7.986	0.0
7.99075	0.0
7.9955	0.0
8.00025	0.0
8.004999999999999	0.0
8.00975	0.0
8.0145	0.0
8.01925	0.0
8.024000000000001	0.0
8.028749999999999	0.0
8.0335	0.0
8.03825	0.0
8.043	0.0
8.04775	0.0
8.0525	0.0
8.05725	0.0
8.062	0.0
8.066749999999999	0.0
8.0715	0.0
8.07625	0.0
8.081	0.0
8.08575	0.0
8.090499999999999	0.0
8.09525	0.0
8.1	0.0
8.10475	0.0
8.1095	0.0
8.11425	0.0
8.119	0.0
8.123750000000001	0.0
8.128499999999999	0.0
8.13325	0.0
8.138	0.0
8.14275	0.0
8.1475	0.0
8.152249999999999	0.0
8.157	0.0
8.16175	0.0
8.1665	0.0
8.17125	0.0
8.176	0.0
8.18075	0.0
8.185500000000001	0.0
8.190249999999999	0.0
8.195	0.0
8.19975	0.0
8.2045	0.0
8.20925	0.0
8.213999999999999	0.0
8.21875	0.0
8.2235	0.0
8.22825	0.0
8.233	0.0
8.23775	0.0
8.2425	0.0
8.247250000000001	0.0
8.251999999999999	0.0
8.25675	0.0
8.2615	0.0
8.26625	0.0
8.271	0.0
8.275749999999999	0.0
8.2805	0.0
8.28525	7e-323
8.29	1.2174e-320
8.29475	2.081563e-318
8.2995	3.49521e-316
8.30425	5.76392273e-314
8.309000000000001	9.335208260874e-312
8.313749999999999	1.48487828724062e-309
8.3185	2.3196298405347743e-307
8.32325	3.558832122151224e-305
8.328	5.362376477434853e-303
8.33275	7.93538651939768e-301
8.337499999999999	1.1532935256884403e-298
8.34225	1.6461621328371875e-296
8.347	2.3076308969657527e-294
8.35175	3.177028184104557e-292
8.3565	4.29572800028247e-290
8.36125	5.704445907412942e-288
8.366	7.439626668191123e-286
8.370750000000001	9.529054336672992e-284
8.375499999999999	1.1986970840188726e-281
8.38025	1.4809148187893003e-279
8.385	1.7968494605315755e-277
8.38975	2.1411854957905528e-275
8.3945	2.505866191151817e-273
8.399249999999999	2.8801986678689235e-271
8.404	3.251232280411412e-269
8.40875	3.6044129049057465e-267
8.413499999999999	3.9244794400659866e-265
8.41825	4.1965322509667054e-263
8.423	4.407172572106224e-261
8.42775	4.545592843514406e-259
8.432500000000001	4.604494868628972e-257
8.437249999999999	4.580727305119974e-255
8.442	4.4755649956858525e-253
8.44675	4.294595680652643e-251
8.4515	4.0472281030607843e-249
8.45625	3.745881769829916e-247
8.460999999999999	3.4049554500238573e-245
8.46575	3.03969344488691e-243
8.4705	2.6650730919038008e-241
8.475249999999999	2.294824334447881e-239
8.48	1.9406658034904765e-237
8.48475	1.6118070258114857e-235
8.4895	1.3147292355384417e-233
8.494250000000001	1.0532235974928009e-231
8.498999999999999	8.286398709182408e-230
8.50375	6.402831247243781e-228
8.5085	4.8589146451895844e-226
8.51325	3.6213247174678473e-224
8.518	2.6506760401701458e-222
8.52275	1.9054906433343084e-220
8.5275	1.3452963790964908e-218
8.53225	9.328033789640787e-217
8.536999999999999	6.352186383479319e-215
8.54175	4.248321144265853e-213
8.5465	2.7904383383888043e-211
8.55125	1.800066318866051e-209
8.556	1.1404219460608106e-207
8.56075	7.095836680693158e-206
8.5655	4.336133459497657e-204
8.57025	2.6023317162690415e-202
8.575	1.533852694209435e-200
8.57975	8.879032320046082e-199
8.5845	5.0478751487087917e-197
8.58925	2.818464423939245e-195
8.594	1.5455301955677262e-193
8.598749999999999	8.323450789006e-192
8.6035	4.402408339862788e-190
8.60825	2.2868528136968977e-188
8.613	1.1666674709057534e-186
8.61775	5.845436528243825e-185
8.6225	2.8763901568244925e-183
8.62725	1.390079450587328e-181
8.632	6.5976980718998905e-180
8.63675	3.075432756637538e-178
8.6415	1.4079298572984653e-176
8.64625	6.330190599706115e-175
8.651	2.7952041923972936e-173
8.65575	1.2121916161252774e-171
8.660499999999999	5.162855827159636e-170
8.66525	2.1595820233931203e-168
8.67	8.871772455993442e-167
8.67475	3.5794151326567455e-165
8.679499999999999	1.4183216419949828e-163
8.68425	5.519482673445863e-162
8.689	2.1095168734260043e-160
8.69375	7.918239203636057e-159
8.6985	2.919007532417302e-157
8.70325	1.056824319503301e-155
8.708	3.757780134775822e-154
8.71275	1.31226310449213e-152
8.7175	4.5006107706761806e-151
8.722249999999999	1.515943365078615e-149
8.727	5.014821539324466e-148
8.73175	1.6292546648475836e-146
8.7365	5.198564638463274e-145
8.741249999999999	1.6290668568525487e-143
8.746	5.0136654655554395e-142
8.75075	1.5154191865008754e-140
8.7555	4.498535945766833e-139
8.76025	1.3115069406621483e-137
8.765	3.75518187504062e-136
8.76975	1.055971856075206e-134
8.7745	2.91631677162435e-133
8.77925	7.91002820487011e-132
8.783999999999999	2.1070864450004356e-130
8.78875	5.512488025440247e-129
8.7935	1.4163609663539186e-127
8.79825	3.574054942791228e-126
8.802999999999999	8.857465799312643e-125
8.80775	2.1558509339319135e-123
8.8125	5.153341903669554e-122
8.81725	1.2098183587058363e-120
8.822	2.789410096617482e-119
8.82675	6.316340752257584e-118
8.8315	1.4046875020708352e-116
8.83625	3.0679965733308113e-115
8.841	6.580986601950217e-114
8.84575	1.3863986526930308e-112
8.8505	2.8684430595843097e-111
8.85525	5.828614381063224e-110
8.86	1.1631759078675835e-108
8.864749999999999	2.2797459758194104e-107
8.8695	4.388221104774554e-106
8.87425	8.29567120061463e-105
8.879	1.540194413005815e-103
8.88375	2.808410198762313e-102
8.8885	5.0292882076348635e-101
8.89325	8.845318815594782e-100
8.898	1.5278525474059207e-98
8.90275	2.5918530746089524e-97
8.9075	4.318175606349244e-96
8.91225	7.065635105497768e-95
8.917	1.1354371383769277e-93
8.92175	1.791991601241677e-92
8.926499999999999	2.77760080343888e-91
8.93125	4.22828909405207e-90
8.936	6.321505227775122e-89
8.94075	9.281909175513366e-88
8.9455	1.3384899422703184e-86
8.95025	1.895631402135922e-85
8.955	2.6366571500869655e-84
8.95975	3.601757031807603e-83
8.9645	4.832102619054562e-82
8.96925	6.366765722687956e-81
8.974	8.238773714631436e-80
8.97875	1.047049622620432e-78
8.9835	1.3068716565256429e-77
8.988249999999999	1.6019892525120936e-76
8.993	1.9286225565403822e-75
8.99775	2.2803203873052542e-74
9.0025	2.6479237989996424e-73
9.007249999999999	3.0197853957552036e-72
9.012	3.382265241666868e-71
9.01675	3.720490750888777e-70
9.0215	4.0193310723491366e-69
9.02625	4.2645019407765545e-68
9.031	4.443690846592346e-67
9.03575	4.5475799388393356e-66
9.0405	4.570648583812093e-65
9.04525	4.511659400648065e-64
9.049999999999999	4.373768221987636e-63
9.05475	4.1642443805096475e-62
9.0595	3.8938358245144144e-61
9.06425	3.5758562284300583e-60
9.068999999999999	3.225101939614823e-59
9.07375	2.85672100668561e-58
9.0785	2.485153362518373e-57
9.08325	2.1232422422345584e-56
9.088	1.781586370801367e-55
9.09275	1.468166133813197e-54
9.0975	1.1882409270986749e-53
9.10225	9.444844158914637e-53
9.107	7.373031180227817e-52
9.111749999999999	5.652731134369139e-51
9.1165	4.256293546212465e-50
9.12125	3.1475004471169934e-49
9.126	2.2859199242494013e-48
9.130749999999999	1.6304865105303906e-47
9.1355	1.1421795807995432e-46
9.14025	7.85800965648727e-46
9.145	5.3094765753497315e-45
9.14975	3.5233180167547894e-44
9.1545	2.2962171948123754e-43
9.15925	1.4697215749168168e-42
9.164	9.238855164510808e-42
9.16875	5.703772996305642e-41
9.1735	3.4583368421471623e-40
9.17825	2.059365033353386e-39
9.183	1.2043712012507075e-38
9.18775	6.917487364349908e-38
9.192499999999999	3.90209080395716e-37
9.19725	2.1617593846315765e-36
9.202	1.1761922653703664e-35
9.20675	6.285072183841077e-35
9.2115	3.2983991149390054e-34
9.21625	1.7000321133447245e-33
9.221	8.605419172003128e-33
9.22575	4.278070319912009e-32
9.2305	2.08874196703922e-31
9.23525	1.0015730981272123e-30
9.24	4.7167351846866214e-30
9.24475	2.1815306623511259e-29
9.2495	9.909280765912905e-29
9.254249999999999	4.420627596267924e-28
9.259	1.936808631330651e-27
9.26375	8.33394207991651e-27
9.2685	3.5218854666121383e-26
9.273249999999999	1.4617091432846057e-25
9.278	5.958098563074258e-25
9.28275	2.385148303432919e-24
9.2875	9.377435306407027e-24
9.29225	3.620876816986888e-23
9.297	1.3731070863216581e-22
9.30175	5.113944980216946e-22
9.3065	1.8705472313791813e-21
9.31125	6.719582503553501e-21
9.315999999999999	2.3707015693481387e-20
9.32075	8.214336096070738e-20
9.3255	2.795303924035578e-19
9.33025	9.34214458809095e-19
9.334999999999999	3.06637396972075e-18
9.33975	9.884726086028934e-18
9.3445	3.129429292246942e-17
9.34925	9.730309000357515e-17
9.354	2.971317806169961e-16
9.35875	8.911125570750733e-16
9.3635	2.624683893303396e-15
9.36825	7.592458615337158e-15
9.373	2.156993543660815e-14
9.377749999999999	6.018333382310525e-14
9.3825	1.6491669492993589e-13
9.38725	4.4382727531938813e-13
9.392	1.1730711077026239e-12
9.396749999999999	3.0450587296317874e-12
9.4015	7.762971515959447e-12
9.40625	1.9436644735228767e-11
9.411	4.7794242775267316e-11
9.41575	1.1542260147244341e-10
9.4205	2.737581871858086e-10
9.42525	6.376822944353182e-10
9.43	1.4588229460495891e-09
9.43475	3.2776441232783418e-09
9.439499999999999	7.232392608015711e-09
9.44425	1.5673398452807606e-08
9.449	3.3358409824705875e-08
9.45375	6.972820573046905e-08
9.458499999999999	1.4314382717371122e-07
9.46325	2.8860094167148135e-07
9.468	5.714573825449358e-07
9.47275	1.1112990320999924e-06
9.4775	2.1224575314151827e-06
9.48225	3.981145652442437e-06
9.487	7.333952773578418e-06
9.49175	1.3268723247277881e-05
9.4965	2.3576598479917486e-05
9.50125	4.114282830858096e-05
9.506	7.051282655691656e-05
9.51075	0.00011868698272239208
9.5155	0.00019620001630733867
9.520249999999999	0.00031853413077092776
9.525	0.000507894947659433
9.52975	0.0007953399475576051
9.5345	0.0012231865150677957
9.53925	0.0018475387561988049
9.544	0.0027406616004326746
9.54875	0.003992806436765459
9.5535	0.005712971843678801
9.55825	0.008027991332421535
9.563	0.011079309404524293
9.56775	0.015016871733847893
9.5725	0.01998974418466486
9.57725	0.0261334042221035
9.581999999999999	0.033554109718968994
9.58675	0.04231130682939881
9.5915	0.05239962062212998
9.59625	0.0637324818180881
9.600999999999999	0.07612976749529662
9.60575	0.0893118654882995
9.6105	0.10290223382119024
9.61525	0.1164397941794047
9.62	0.12940141942204852
9.62475	0.14123347206701806
9.6295	0.15139000948330403
9.63425	0.1593741131368512
9.639	0.16477803919214776
9.643749999999999	0.16731769178550662
9.6485	0.16685736593574668
9.65325	0.1634217612418036
9.658	0.1571937862180185
9.662749999999999	0.14849842490102896
9.6675	0.13777464619551996
9.67225	0.12553873452956119
9.677	0.11234329922093085
9.68175	0.09873646792653622
9.6865	0.0852253884791084
9.69125	0.07224726108306492
9.696	0.06014988472657634
9.70075	0.049182349687050125
9.705499999999999	0.03949525630488974
9.71025	0.031148857730454227
9.715	0.024126911284761677
9.71975	0.01835380400916037
9.724499999999999	0.01371265069229341
9.72925	0.010062457972627215
9.734	0.007252994706219114
9.73875	0.005136596984961086
9.7435	0.0035766761159300954
9.74825	0.0024531296493664223
9.753	0.0016651513884046274
9.75775	0.0011320961456007493
9.7625	0.0007930981022390522
9.76725	0.0006060969919477557
9.772	0.0005468240769706561
9.77675	0.0006081649679960523
9.7815	0.0008001653529596992
9.786249999999999	0.0011507866635604201
9.791	0.0017073533077296692
9.79575	0.002538460631231615
9.8005	0.00373593486833711
9.80525	0.005416261443018215
9.81	0.0077207445580799285
9.81475	0.01081355844238464
9.8195	0.014876836882829623
9.82425	0.020102063272331685
9.829	0.02667730194096533
9.83375	0.03477026788612059
9.8385	0.04450785062598674
9.84325	0.055953434228492895
9.847999999999999	0.06908409415424237
9.85275	0.083770373500905
9.8575	0.09976170223999524
9.86225	0.11668049047689139
9.866999999999999	0.1340274115116066
9.87175	0.15119937653048712
9.8765	0.16752026673776285
9.88125	0.18228280215211393
9.886	0.1947982366267119
9.89075	0.20444916013862588
9.8955	0.21073982987116166
9.90025	0.2133383363117059
9.905	0.2121056159093727
9.909749999999999	0.20710778098982147
9.9145	0.19861024549346562
9.91925	0.1870543729197776
9.924	0.17301950587556214
9.928749999999999	0.15717492213529657
9.9335	0.1402272525186259
9.93825	0.12286907270215454
9.943	0.10573377083498911
9.94775	0.08936055261348537
9.9525	0.07417182335235875
9.95725	0.06046346745118377
9.962	0.04840699552252312
9.96675	0.03806135027855892
9.971499999999999	0.0293914653759898
9.97625	0.022290472362867592
9.981	0.01660268349906452
9.98575	0.012145021574561427
9.990499999999999	0.008725278076979762
9.99525	0.006156320876879176
