0.5	0.0
0.50475	0.0
0.5095	0.0
0.51425	0.0
0.519	0.0
0.52375	0.0
0.5285	0.0
0.53325	0.0
0.538	0.0
0.54275	0.0
0.5475	0.0
0.55225	0.0
0.5569999999999999	0.0
0.56175	0.0
0.5665	0.0
0.57125	0.0
0.576	0.0
0.58075	0.0
0.5855	0.0
0.5902499999999999	0.0
0.595	0.0
0.59975	0.0
0.6045	0.0
0.60925	0.0
0.614	0.0
0.61875	0.0
0.6234999999999999	0.0
0.62825	0.0
0.633	0.0
0.63775	0.0
0.6425	0.0
0.64725	0.0
0.652	0.0
0.65675	0.0
0.6615	0.0
0.66625	0.0
0.671	0.0
0.67575	0.0
0.6805	0.0
0.68525	0.0
0.69	0.0
0.69475	0.0
0.6995	0.0
0.70425	0.0
0.709	0.0
0.71375	0.0
0.7185	0.0
0.72325	0.0
0.728	0.0
0.73275	0.0
0.7375	0.0
0.74225	0.0
0.747	0.0
0.7517499999999999	0.0
0.7565	0.0
0.76125	0.0
0.766	0.0
0.77075	0.0
0.7755	0.0
0.78025	0.0
0.7849999999999999	0.0
0.78975	0.0
0.7945	0.0
0.79925	0.0
0.804	0.0
0.80875	0.0
0.8135	0.0
0.8182499999999999	0.0
0.823	0.0
0.82775	0.0
0.8325	0.0
0.83725	0.0
0.842	0.0
0.84675	0.0
0.8514999999999999	0.0
0.85625	0.0
0.861	0.0
0.86575	0.0
0.8705	0.0
0.87525	0.0
0.88	0.0
0.8847499999999999	0.0
0.8895	0.0
0.89425	0.0
0.899	0.0
0.90375	0.0
0.9085	0.0
0.91325	0.0
0.9179999999999999	0.0
0.92275	0.0
0.9275	0.0
0.93225	0.0
0.937	0.0
0.94175	0.0
0.9465	0.0
0.9512499999999999	0.0
0.956	0.0
0.96075	0.0
0.9655	0.0
0.9702500000000001	0.0
0.975	0.0
0.97975	0.0
0.9844999999999999	0.0
0.98925	0.0
0.994	0.0
0.99875	0.0
1.0034999999999998	0.0
1.0082499999999999	0.0
1.013	0.0
1.01775	0.0
1.0225	0.0
1.02725	0.0
1.032	0.0
1.03675	0.0
1.0415	0.0
1.0462500000000001	0.0
1.051	0.0
1.05575	0.0
1.0605	0.0
1.06525	0.0
1.0699999999999998	0.0
1.0747499999999999	0.0
1.0795	0.0
1.08425	0.0
1.089	0.0
1.09375	0.0
1.0985	0.0
1.10325	0.0
1.108	0.0
1.1127500000000001	0.0
1.1175	0.0
1.12225	0.0
1.127	0.0
1.13175	0.0
1.1364999999999998	0.0
1.1412499999999999	0.0
1.146	0.0
1.15075	0.0
1.1555	0.0
1.16025	0.0
1.165	0.0
1.16975	0.0
1.1745	0.0
1.1792500000000001	0.0
1.184	0.0
1.18875	0.0
1.1935	0.0
1.19825	0.0
1.2029999999999998	0.0
1.2077499999999999	0.0
1.2125	0.0
1.21725	0.0
1.222	0.0
1.22675	0.0
1.2315	0.0
1.23625	0.0
1.241	0.0
1.2457500000000001	0.0
1.2505	0.0
1.25525	0.0
1.26	0.0
1.2647499999999998	0.0
1.2694999999999999	0.0
1.2742499999999999	0.0
1.279	0.0
1.28375	0.0
1.2885	0.0
1.29325	0.0
1.298	0.0
1.30275	0.0
1.3075	0.0
1.3122500000000001	0.0
1.317	0.0
1.32175	0.0
1.3265	0.0
1.3312499999999998	0.0
1.3359999999999999	0.0
1.3407499999999999	0.0
1.3455	0.0
1.35025	0.0
1.355	0.0
1.35975	0.0
1.3645	0.0
1.36925	0.0
1.374	0.0
1.3787500000000001	0.0
1.3835	0.0
1.38825	0.0
1.393	0.0
1.3977499999999998	0.0
1.4024999999999999	0.0
1.40725	0.0
1.412	0.0
1.41675	0.0
1.4215	0.0
1.42625	0.0
1.431	0.0
1.43575	0.0
1.4405000000000001	0.0
1.44525	3.8e-322
1.45	6.5315e-320
1.45475	1.1019606e-317
1.4595	1.825887005e-315
1.4642499999999998	2.97127369435e-313
1.4689999999999999	4.7486745082693e-311
1.47375	7.453549353495507e-309
1.4785	1.1489862860512402e-306
1.48325	1.7395124577276235e-304
1.488	2.586432960874394e-302
1.49275	3.776903542503571e-300
1.4975	5.416659620584084e-298
1.50225	7.629361304228221e-296
1.507	1.0553725729713425e-293
1.51175	1.4337862440404153e-291
1.5165	1.9130397752932628e-289
1.52125	2.506828219177873e-287
1.526	3.226161725582131e-285
1.53075	4.077638102647319e-283
1.5354999999999999	5.061651120100381e-281
1.54025	6.1707325118655986e-279
1.545	7.388260831143781e-277
1.54975	8.687777739797007e-275
1.5545	1.0033123752770518e-272
1.55925	1.1379537750989784e-270
1.564	1.2675761447981303e-268
1.5687499999999999	1.3867062674880811e-266
1.5735	1.489895759575958e-264
1.57825	1.5721293455492258e-262
1.583	1.6292271894987363e-260
1.58775	1.658196555639818e-258
1.5925	1.657491663564763e-256
1.59725	1.6271503406340204e-254
1.6019999999999999	1.5687906588676023e-252
1.60675	1.4854679724554136e-250
1.6115	1.3814099349492069e-248
1.61625	1.2616614753983035e-246
1.621	1.1316811806910493e-244
1.62575	9.969338219799384e-243
1.6305	8.625207483026653e-241
1.6352499999999999	7.3288149575395986e-239
1.64	6.115879874303793e-237
1.64475	5.012393074661223e-235
1.6495	4.034523788984539e-233
1.65425	3.1893370972291375e-231
1.659	2.4761078268997455e-229
1.66375	1.887989897322753e-227
1.6684999999999999	1.4138090709299638e-225
1.67325	1.0397833194240716e-223
1.678	7.510276267704464e-222
1.68275	5.3275798106278285e-220
1.6875	3.7116327708691873e-218
1.69225	2.5395748719665292e-216
1.697	1.7065461075700788e-214
1.7017499999999999	1.1262531443410863e-212
1.7065	7.299867729987856e-211
1.71125	4.64681037243733e-209
1.716	2.9050652660047094e-207
1.72075	1.78368361191159e-205
1.7255	1.0755750887967617e-203
1.73025	6.369782928627706e-202
1.7349999999999999	3.704840492545666e-200
1.73975	2.11629098247484e-198
1.7445	1.1872501489453853e-196
1.74925	6.541390391142451e-195
1.754	3.53963832879661e-193
1.75875	1.881086186785502e-191
1.7635	9.817919888415989e-190
1.7682499999999999	5.032586617209587e-188
1.773	2.5335181349313824e-186
1.77775	1.2526154407276365e-184
1.7825	6.0823651482505235e-183
1.78725	2.900602398363333e-181
1.792	1.3585164421917628e-179
1.79675	6.248885701003904e-178
1.8014999999999999	2.822937399977831e-176
1.80625	1.2524514466043458e-174
1.811	5.4573465678430254e-173
1.81575	2.335410103896481e-171
1.8205	9.81534930575765e-170
1.82525	4.051439419028211e-168
1.83	1.6423810424960304e-166
1.8347499999999999	6.538821504229979e-165
1.8395	2.5567368184830915e-163
1.84425	9.818237956722125e-162
1.849	3.7029007024490034e-160
1.85375	1.3715497435029449e-158
1.8585	4.989327879288657e-157
1.86325	1.7825163061549976e-155
1.8679999999999999	6.254404453951651e-154
1.87275	2.1552586557072572e-152
1.8775	7.29413535475753e-151
1.88225	2.4244276192530434e-149
1.887	7.914174325815359e-148
1.89175	2.5372483937060106e-146
1.8965	7.988796249348045e-145
1.9012499999999999	2.4703625105980786e-143
1.906	7.502413826614138e-142
1.91075	2.2377024025868644e-140
1.9155	6.554878183889722e-139
1.92025	1.8857664581858172e-137
1.925	5.328097616012501e-136
1.9297499999999999	1.478486705551594e-134
1.9344999999999999	4.029244846687898e-133
1.93925	1.0784273143841915e-131
1.944	2.834778196357983e-130
1.94875	7.31826738217779e-129
1.9535	1.855489267915859e-127
1.95825	4.620293931496761e-126
1.9629999999999999	1.1299045257300864e-124
1.9677499999999999	2.713781489132704e-123
1.9725	6.40131189362909e-122
1.97725	1.4829417246430344e-120
1.982	3.37396183935759e-119
1.98675	7.539060566183618e-118
1.9915	1.6544562334405858e-116
1.9962499999999999	3.5657781397257744e-115
2.001	7.547694928364017e-114
2.00575	1.5690447947885893e-112
2.0105	3.203445439234345e-111
2.01525	6.42333104466082e-110
2.02	1.2649235070055533e-108
2.02475	2.4464097917948365e-107
2.0294999999999996	4.646812338246238e-106
2.03425	8.668461924481738e-105
2.0389999999999997	1.5881442356970984e-103
2.04375	2.857582805101196e-102
2.0484999999999998	5.049736186659098e-101
2.0532500000000002	8.763942921799678e-100
2.058	1.4937962867976385e-98
2.06275	2.500599818523743e-97
2.0675	4.111099610468162e-96
2.07225	6.637931840936869e-95
2.077	1.0526125951992517e-93
2.08175	1.6393259760389202e-92
2.0865	2.507396777895324e-91
2.09125	3.766533122595532e-90
2.096	5.55675825126961e-89
2.1007499999999997	8.051229378610219e-88
2.1055	1.1456814495467501e-86
2.1102499999999997	1.6011298244130588e-85
2.115	2.1976078509251447e-84
2.11975	2.9623395255098318e-83
2.1245000000000003	3.921754948688366e-82
2.12925	5.099024020906163e-81
2.134	6.511104223850209e-80
2.13875	8.165508235877063e-79
2.1435	1.0057100264319065e-77
2.14825	1.2165314005279165e-76
2.153	1.4452229559004222e-75
2.15775	1.686193318378862e-74
2.1624999999999996	1.9321500990989504e-73
2.16725	2.174379494577145e-72
2.1719999999999997	2.4032049552254484e-71
2.17675	2.6085986343475653e-70
2.1814999999999998	2.780895690936903e-69
2.1862500000000002	2.911542410234105e-68
2.191	2.993798226286914e-67
2.19575	3.0233116518041514e-66
2.2005	2.9985016614040466e-65
2.20525	2.920698009675875e-64
2.21	2.7940231526860353e-63
2.21475	2.6250303648802543e-62
2.2195	2.422142261861651e-61
2.22425	2.1949566548403865e-60
2.229	1.953499185817278e-59
2.2337499999999997	1.7075031201339454e-58
2.2385	1.4657866523098553e-57
2.2432499999999997	1.235779551527463e-56
2.248	1.0232275672162876e-55
2.25275	8.320787772608776e-55
2.2575000000000003	6.645346700571014e-54
2.26225	5.212329094899933e-53
2.267	4.015198298535646e-52
2.27175	3.037687926275554e-51
2.2765	2.257045414059544e-50
2.28125	1.6470183074013218e-49
2.286	1.1803683124663123e-48
2.29075	8.308022126631643e-48
2.2954999999999997	5.742998911090761e-47
2.30025	3.898888457179692e-46
2.3049999999999997	2.599584118415846e-45
2.30975	1.7022679697536747e-44
2.3145	1.0947449945537189e-43
2.3192500000000003	6.9144716078357605e-43
2.324	4.2890984644718785e-42
2.32875	2.61296760174452e-41
2.3335	1.563374499421112e-40
2.33825	9.186562068223646e-40
2.343	5.30156383748305e-39
2.34775	3.004802758660865e-38
2.3525	1.6725878466117459e-37
2.3572499999999996	9.143719580302312e-37
2.362	4.9092806021133487e-36
2.3667499999999997	2.5886528293912134e-35
2.3715	1.3405739074331767e-34
2.3762499999999998	6.818183947088545e-34
2.3810000000000002	3.405710017554672e-33
2.38575	1.6707352006926025e-32
2.3905	8.049494057885507e-32
2.39525	3.808820911869658e-31
2.4	1.7700010817995145e-30
2.40475	8.078254359091756e-30
2.4095	3.6209500309408367e-29
2.41425	1.594000888898107e-28
2.419	6.8915293565833385e-28
2.42375	2.926197869348477e-27
2.4284999999999997	1.220261198332677e-26
2.43325	4.997616793036166e-26
2.4379999999999997	2.0101762936011597e-25
2.44275	7.9408390339902045e-25
2.4475	3.0807729815293776e-24
2.4522500000000003	1.1738539556870897e-23
2.457	4.392679473859227e-23
2.46175	1.6143810381175373e-22
2.4665	5.826982028941712e-22
2.47125	2.065581902220865e-21
2.476	7.191215200840254e-21
2.48075	2.4588004911344836e-20
2.4855	8.256680026408365e-20
2.4902499999999996	2.723007233387797e-19
2.495	8.819690274583849e-19
2.4997499999999997	2.8055569947722462e-18
2.5045	8.76488267194008e-18
2.5092499999999998	2.6892699383763057e-17
2.514	8.103712028064213e-17
2.51875	2.3982527492915113e-16
2.5235	6.970553940057129e-16
2.52825	1.9897617079143534e-15
2.533	5.57822889914644e-15
2.53775	1.5358653267198797e-14
2.5425	4.153091939573404e-14
2.54725	1.1029393444838123e-13
2.552	2.876692658363837e-13
2.55675	7.368806265158484e-13
2.5615	1.8537994363362644e-12
2.56625	4.580262758822176e-12
2.5709999999999997	1.1114250965932377e-11
2.5757499999999998	2.648697096836389e-11
2.5805	6.199359599410257e-11
2.58525	1.4250298504310902e-10
2.59	3.217094925735174e-10
2.59475	7.132910456798541e-10
2.5995	1.553219646188893e-09
2.60425	3.321715507313475e-09
2.609	6.976791200337381e-09
2.61375	1.439173184908441e-08
2.6185	2.9156458763614082e-08
2.62325	5.801245657124381e-08
2.628	1.1336341649059666e-07
2.63275	2.1756561321108654e-07
2.6374999999999997	4.100848898772996e-07
2.6422499999999998	7.591437924730327e-07
2.647	1.380199086357997e-06
2.65175	2.4644928260005047e-06
2.6565	4.321975623720191e-06
2.66125	7.444008991648236e-06
2.666	1.2592219173813629e-05
2.67075	2.092037989187448e-05
2.6755	3.413579222403146e-05
2.68025	5.470473132325894e-05
2.685	8.61025040004019e-05
2.68975	0.00013310192488962886
2.6945	0.0002020842241028239
2.69925	0.000301343667930516
2.7039999999999997	0.0004413423508028783
2.7087499999999998	0.0006348564782484887
2.7135	0.0008969427987331164
2.71825	0.001244647326741758
2.723	0.0016963822464843184
2.72775	0.0022709147069467552
2.7325	0.0029859456093560984
2.73725	0.0038563075106958036
2.742	0.004891875094825753
2.74675	0.006095352091478771
2.7515	0.007460164253335574
2.75625	0.00896873587755899
2.761	0.010591444047427769
2.76575	0.0122865195906528
2.7704999999999997	0.014001091613583637
2.7752499999999998	0.015673456213052665
2.78	0.017236501373075315
2.78475	0.018622059027858302
2.7895	0.019765807051652894
2.79425	0.020612234684559517
2.799	0.02111913653598426
2.80375	0.021261125672879792
2.8085	0.021031755900121445
2.81325	0.0204440044733682
2.818	0.019529065157346138
2.82275	0.018333606830315267
2.8275	0.01691583275641268
2.83225	0.015340803233296573
2.8369999999999997	0.013675542530592538
2.8417499999999998	0.011984435449749364
2.8465	0.010325337673768625
2.85125	0.008746695662739412
2.856	0.007285820330256414
2.86075	0.005968309081480566
2.8655	0.0048084842756072645
2.87025	0.0038106271571711
2.875	0.002970740843571482
2.87975	0.002278572227444741
2.8845	0.0017196527339805655
2.88925	0.001277170341674686
2.894	0.0009335478783912541
2.89875	0.0006716644850290283
2.9034999999999997	0.0004757102716083816
2.90825	0.0003317039531735032
2.913	0.00022772824418359594
2.91775	0.00015394913581070937
2.9225	0.00010248560605870061
2.92725	6.718922412938375e-05
2.932	4.338185240514691e-05
2.93675	2.7587015912281298e-05
2.9415	1.7278512678486605e-05
2.94625	1.0659687630684924e-05
2.951	6.479008071199002e-06
2.95575	3.882175109699974e-06
2.9605	2.2976841506850637e-06
2.9652499999999997	1.351062282071569e-06
2.9699999999999998	8.024886536809966e-07
2.97475	5.027224801332464e-07
2.9795	3.6288462568248036e-07
2.98425	3.344190796292239e-07
2.989	3.963410366639686e-07
2.99375	5.475676299193255e-07
2.9985	8.026839112252917e-07
3.00325	1.18991193590845e-06
3.008	1.7503371366524462e-06
3.01275	2.5376282863554963e-06
3.0175	3.6175969647469915e-06
3.02225	5.067014721582355e-06
3.027	6.971176754836134e-06
3.0317499999999997	9.419802790627739e-06
3.0364999999999998	1.2501024896807314e-05
3.04125	1.629344227432913e-05
3.046	2.0856522111881658e-05
3.05075	2.621997084359106e-05
3.0555	3.2373048754065485e-05
3.06025	3.9255093533596906e-05
3.065	4.674868810217253e-05
3.06975	5.467689298874594e-05
3.0745	6.280572218160033e-05
3.07925	7.085256624438322e-05
3.084	7.850059356462524e-05
3.08875	8.541837025412798e-05
3.0935	9.128314742944131e-05
3.0982499999999997	9.580560456122794e-05
3.1029999999999998	9.87534348028093e-05
3.10775	9.99711041756993e-05
3.1125	9.939344700519301e-05
3.11725	9.705144376275173e-05
3.122	9.30694683661798e-05
3.12675	8.765434532322611e-05
3.1315	8.107755664271652e-05
3.13625	7.36527282733333e-05
3.141	6.571098993375282e-05
3.14575	5.7576885052556693e-05
3.1505	4.9547221572159815e-05
3.15525	4.187467320219488e-05
3.16	3.4757180577488976e-05
3.1647499999999997	2.8333396181436823e-05
3.1694999999999998	2.2683690497902606e-05
3.17425	1.7835684291733325e-05
3.179	1.3772945349573133e-05
3.18375	1.044539473424029e-05
3.1885	7.780076616244141e-06
3.19325	5.691200362962244e-06
3.198	4.088696380965081e-06
3.20275	2.8848738879473224e-06
3.2075	1.9990782233396394e-06
3.21225	1.3604849077129046e-06
3.217	9.093239987790285e-07
3.22175	5.969041005950895e-07
3.2265	3.84814525003681e-07
3.2312499999999997	2.4364602748499797e-07
3.2359999999999998	1.515054298604588e-07
3.24075	9.252477670950508e-08
3.2455	5.5494363940283414e-08
3.25025	3.268892923155076e-08
3.255	1.8910956535482423e-08
3.25975	1.0744526530671956e-08
3.2645	5.995453697729028e-09
3.26925	3.2856235949969366e-09
3.274	1.7683757412556876e-09
3.27875	9.347431110068205e-10
3.2835	4.852560762915911e-10
3.28825	2.474062553391876e-10
3.293	1.238828974442934e-10
3.2977499999999997	6.092184078198926e-11
3.3024999999999998	2.942359030573862e-11
3.30725	1.3956589243526161e-11
3.312	6.501654896479095e-12
3.31675	2.9746064483347145e-12
3.3215	1.336583517179594e-12
3.32625	5.898256732943e-13
3.331	2.556302420616447e-13
3.33575	1.0880824434960241e-13
3.3405	4.548545904624415e-14
3.34525	1.8674377231700235e-14
3.35	7.529998666260253e-15
3.35475	2.9827611065872506e-15
3.3594999999999997	1.1628171090490011e-15
3.3642499999999997	4.52626148677407e-16
3.3689999999999998	1.9521570387995113e-16
3.37375	1.4679051709265863e-16
3.3785	2.696490779199954e-16
3.38325	7.108773110632642e-16
3.388	1.9638674783135177e-15
3.39275	5.3738590509479184e-15
3.3975	1.445727851447973e-14
3.40225	3.820375510810246e-14
3.407	9.915025359029993e-14
3.41175	2.5272226335260955e-13
3.4165	6.326365425600972e-13
3.42125	1.5553425195593598e-12
3.4259999999999997	3.755422481484109e-12
3.4307499999999997	8.905381799244031e-12
3.4354999999999998	2.0739929229361137e-11
3.44025	4.74376297588599e-11
3.445	1.065613409301224e-10
3.44975	2.350917328469391e-10
3.4545	5.093731186378491e-10
3.45925	1.0839161108786355e-09
3.464	2.2652508685297292e-09
3.46875	4.649410844824888e-09
3.4735	9.372177984301116e-09
3.47825	1.8554280395796134e-08
3.483	3.607519505352704e-08
3.48775	6.888651989802065e-08
3.4924999999999997	1.2918758708434867e-07
3.4972499999999997	2.3794046885791716e-07
3.502	4.304045203801712e-07
3.50675	7.646211722752156e-07
3.5115	1.3340644138236667e-06
3.51625	2.2859580915569787e-06
3.521	3.846986954007166e-06
3.52575	6.3581994539936315e-06
3.5305	1.0320686018989385e-05
3.53525	1.6452957241140918e-05
3.54	2.57596736567725e-05
3.54475	3.960935122989618e-05
3.5495	5.981582347455592e-05
3.55425	8.871466715763097e-05
3.5589999999999997	0.0001292217902808527
3.5637499999999998	0.00018485749529627347
3.5685	0.00025971639119283074
3.57325	0.00035836256759515575
3.578	0.0004856315615327319
3.58275	0.0006463267834101775
3.5875	0.0008448087180433627
3.59225	0.0010844901335734243
3.597	0.0013672684994626564
3.60175	0.0016929455716346742
3.6065	0.0020587004898411612
3.61125	0.002458693112188321
3.616	0.0028838752239807486
3.62075	0.0033220762154577295
3.6254999999999997	0.0037584060835304635
3.6302499999999998	0.004175983726117459
3.635	0.004556956441159772
3.63975	0.004883733327800079
3.6445	0.005140318042729405
3.64925	0.005313602029423009
3.654	0.005394473230189078
3.65875	0.005378609876779342
3.6635	0.005266863128612747
3.66825	0.0050651814106281124
3.673	0.004784085811003961
3.67775	0.004437760927207115
3.6825	0.00404287047612638
3.68725	0.003617235114812392
3.6919999999999997	0.0031785176921393867
3.6967499999999998	0.002743048665681035
3.7015	0.002324895178647375
3.70625	0.0019352372979655264
3.711	0.0015820713248514049
3.71575	0.0012702197964543542
3.7205	0.0010015962261851856
3.72525	0.0007756529824125911
3.73	0.000589933744155521
3.73475	0.0004406563114781053
3.7395	0.00032326429278253175
3.74425	0.00023290373939371722
3.749	0.00016479960696515837
3.7537499999999997	0.00011452409442916383
3.7584999999999997	7.816251873234782e-05
3.7632499999999998	5.239154548233495e-05
3.768	3.448933799162342e-05
3.77275	2.2298183830085915e-05
3.7775	1.4158430370104263e-05
3.78225	8.829207259966993e-06
3.787	5.4074099859215255e-06
3.79175	3.252504231986196e-06
3.7965	1.921354166623517e-06
3.80125	1.114699913208287e-06
3.806	6.351400409673956e-07
3.81075	3.554201147214824e-07
3.8155	1.9533294474258905e-07
3.8202499999999997	1.054314007465613e-07
3.8249999999999997	5.5888884349093076e-08
3.8297499999999998	2.909657621852161e-08
3.8345	1.4877135609820665e-08
3.83925	7.470638804864512e-09
3.844	3.6843182860819374e-09
3.84875	1.7845040108225669e-09
3.8535	8.488655326201451e-10
3.85825	3.9657127705947877e-10
3.863	1.8195525232793292e-10
3.86775	8.199151698551839e-11
3.8725	3.628559354714004e-11
3.87725	1.577104699782728e-11
3.882	6.7320573177582696e-12
3.8867499999999997	2.822253813870468e-12
3.8914999999999997	1.161997829487129e-12
3.8962499999999998	4.698676547902831e-13
3.901	1.865979065623185e-13
3.90575	7.277780770399299e-14
3.9105	2.787739288485582e-14
3.91525	1.048736363932308e-14
3.92	3.874730335320954e-15
3.92475	1.405975080432003e-15
3.9295	5.010427107659092e-16
3.93425	1.7536093725283278e-16
3.939	6.027704482872123e-17
3.94375	2.0348482691222588e-17
3.9485	6.7464156462868346e-18
3.9532499999999997	2.1967222180700263e-18
3.9579999999999997	7.024868115681194e-19
3.9627499999999998	2.206287947331251e-19
3.9675	6.80529873493536e-20
3.97225	2.061546716808113e-20
3.977	6.133383942842147e-21
3.98175	1.7921242130401668e-21
3.9865	5.142769360467685e-22
3.99125	1.4493957137886494e-22
3.996	4.0117871423730694e-23
4.00075	1.0905605318362445e-23
4.0055	2.9115392884837257e-24
4.01025	7.634076684802478e-25
4.015000000000001	1.9658544775720417e-25
4.01975	4.971726143740421e-26
4.0245	1.2348778921435126e-26
4.029249999999999	3.012324938501841e-27
4.034	7.216732429859625e-28
4.03875	1.6980105115562094e-28
4.0435	3.923748203870468e-29
4.0482499999999995	8.90477334986863e-30
4.053	1.9847490131556883e-30
4.05775	4.3445950591618465e-31
4.0625	9.340153160040904e-32
4.06725	1.9720579662484816e-32
4.072	4.089275207176282e-33
4.0767500000000005	8.327870959246572e-34
4.0815	1.6656456672258676e-34
4.08625	3.271841346658525e-35
4.090999999999999	6.311939650186504e-36
4.09575	1.1958987830303676e-36
4.1005	2.2252919385935065e-37
4.10525	4.066685150891485e-38
4.109999999999999	7.298860947248371e-39
4.11475	1.2865616873738028e-39
4.1195	2.2272405425179735e-40
4.12425	3.7867324140673766e-41
4.129	6.322998743378444e-42
4.13375	1.0369135707829866e-42
4.1385000000000005	1.6700251285175408e-43
4.14325	2.641584076859438e-44
4.148	4.1036173258007606e-45
4.152749999999999	6.260806134588756e-46
4.1575	9.381118934616296e-47
4.16225	1.3805114484237594e-47
4.167	1.9951996854743574e-48
4.171749999999999	2.832002989079016e-49
4.1765	3.947862622725932e-50
4.18125	5.404945767546312e-51
4.186	7.26744299996877e-52
4.1907499999999995	9.596942932927037e-53
4.1955	1.244644072215201e-53
4.2002500000000005	1.5853254163665338e-54
4.205	1.9831367121831456e-55
4.20975	2.4363959611214384e-56
4.214499999999999	2.9397071726456767e-57
4.21925	3.4835436581253895e-58
4.224	4.054146405584763e-59
4.22875	4.63381384771441e-60
4.233499999999999	5.2016212051863986e-61
4.23825	5.734556642210899e-62
4.243	6.209004227275929e-63
4.24775	6.602448903569231e-64
4.2524999999999995	6.895235867891911e-65
4.25725	7.072194389744766e-66
4.2620000000000005	7.123939729516824e-67
4.26675	7.047697714586911e-68
4.2715	6.84755114432227e-69
4.27625	6.534077565525132e-70
4.281	6.123423142513432e-71
4.28575	5.635925470721846e-72
4.2905	5.0944487328855306e-73
4.295249999999999	4.522620380876829e-74
4.3	3.943156911835005e-75
4.30475	3.376439466997632e-76
4.3095	2.8394541560589245e-77
4.3142499999999995	2.3451560091888185e-78
4.319	1.902258798009089e-79
4.32375	1.515404066727619e-80
4.3285	1.1856275436411456e-81
4.33325	9.110224854176863e-83
4.338	6.874971417490236e-84
4.3427500000000006	5.0953460254638626e-85
4.3475	3.7088344842591724e-86
4.35225	2.651320360266352e-87
4.356999999999999	1.8614353023351478e-88
4.36175	1.2834964443625652e-89
4.3665	8.69165297580313e-91
4.37125	5.780575412359028e-92
4.3759999999999994	3.7757284200287814e-93
4.38075	2.422096327029629e-94
4.3855	1.525959677753007e-95
4.39025	9.44181940352231e-97
4.395	5.7375872830614054e-98
4.39975	3.424237711641919e-99
4.4045000000000005	2.0070560044672505e-100
4.40925	1.1553566301272009e-101
4.414	6.531811083358756e-103
4.418749999999999	3.626704359569798e-104
4.4235	1.977660220185567e-105
4.42825	1.0591371126680947e-106
4.433	5.570750129020578e-108
4.437749999999999	2.877637977492652e-109
4.4425	1.45988826786668e-110
4.44725	7.273845380817309e-112
4.452	3.5593401726186803e-113
4.4567499999999995	1.71055054683298e-114
4.4615	8.073527196098666e-116
4.4662500000000005	3.7424128665561904e-117
4.471	1.7037311632004382e-118
4.47575	7.617481733228422e-120
4.480499999999999	3.344897086931831e-121
4.48525	1.442497548418346e-122
4.49	6.109538301035947e-124
4.49475	2.5413394863161823e-125
4.499499999999999	1.0381926780450024e-126
4.50425	4.165376125676007e-128
4.509	1.6413132290366602e-129
4.51375	6.351695955225892e-131
4.5184999999999995	2.4140647615539196e-132
4.52325	9.010919645103784e-134
4.528	3.3033173753351584e-135
4.53275	1.1893028817099394e-136
4.5375	4.205286851091457e-138
4.54225	1.4603594451984407e-139
4.547	4.980636961379084e-141
4.55175	1.6682878812845185e-142
4.5565	5.488050354318155e-144
4.56125	1.7730711548124933e-145
4.566	5.625941684817596e-147
4.57075	1.7531750138246517e-148
4.5755	5.365575414296811e-150
4.5802499999999995	1.6127547096550825e-151
4.585	4.760815145694382e-153
4.5897499999999996	1.3802422064260679e-154
4.5945	3.929979390262358e-156
4.59925	1.0989709859392722e-157
4.604	3.0181662972743405e-159
4.60875	8.14068758728855e-161
4.6135	2.1564529942419734e-162
4.61825	5.610219950405895e-164
4.623	1.4334441121704228e-165
4.62775	3.597018128496222e-167
4.6325	8.864729187744616e-169
4.63725	2.1456026820679576e-170
4.6419999999999995	5.1002811699052544e-172
4.64675	1.1906933238630013e-173
4.6514999999999995	2.7300254965441594e-175
4.65625	6.1474424561414435e-177
4.661	1.3595125651530903e-178
4.66575	2.9527927384323553e-180
4.6705	6.298595043159506e-182
4.67525	1.3195182297274648e-183
4.68	2.7148640500534644e-185
4.68475	5.485822651235491e-187
4.6895	1.0886704243030269e-188
4.69425	2.1218372557692914e-190
4.699	4.061520981504748e-192
4.70375	7.635303701620849e-194
4.7085	1.4096942098559683e-195
4.7132499999999995	2.5561391981838188e-197
4.718	4.552029513349227e-199
4.72275	7.961348271796003e-201
4.7275	1.3675057490799018e-202
4.73225	2.3069207932425426e-204
4.737	3.8220572751766213e-206
4.74175	6.219030443499569e-208
4.7465	9.938232652870083e-210
4.75125	1.5597558402194645e-211
4.756	2.4041694053837882e-213
4.76075	3.6394394346096615e-215
4.7655	5.4108427350087484e-217
4.77025	7.900531536291507e-219
4.7749999999999995	1.1329446556987325e-220
4.77975	1.595592785060055e-222
4.7844999999999995	2.2069699364074465e-224
4.78925	2.9980008741040377e-226
4.794	3.99970607524449e-228
4.79875	5.240652760656676e-230
4.8035	6.743784387702945e-232
4.80825	8.52281286812415e-234
4.813	1.0578478649880885e-235
4.81775	1.2895092429599867e-237
4.8225	1.5437845476148023e-239
4.82725	1.81513906778931e-241
4.832	2.0960136359556462e-243
4.83675	2.3770553128420696e-245
4.8415	2.6475578369222282e-247
4.8462499999999995	2.8960937032835354e-249
4.851	3.1112918198186728e-251
4.85575	3.282689979815811e-253
4.8605	3.4015744163375677e-255
4.86525	3.461713071998677e-257
4.87	3.4598967931178103e-259
4.87475	3.3962230484050687e-261
4.8795	3.274087263325017e-263
4.88425	3.09988284242465e-265
4.889	2.8824467631302315e-267
4.89375	2.6323176397761748e-269
4.8985	2.360892855224906e-271
4.90325	2.0795781527430824e-273
4.9079999999999995	1.799016718154271e-275
4.91275	1.5284672470268082e-277
4.9174999999999995	1.2753754679534346e-279
4.92225	1.0451556335091292e-281
4.927	8.411720953834715e-284
4.93175	6.6488989590067655e-286
4.9365	5.1614959840986526e-288
4.94125	3.9351603977728534e-290
4.946	2.9465259397865406e-292
4.95075	2.166801278490398e-294
4.9555	1.564908257434363e-296
4.96025	1.109991532385723e-298
4.965	7.732348755474487e-301
4.9697499999999994	5.290103716305472e-303
4.9745	3.554495135261438e-305
4.9792499999999995	2.345592942219325e-307
4.984	1.52015668190826e-309
4.98875	9.675759031736e-312
4.9935	6.04843085e-314
4.99825	3.7133115e-316
5.003	2.238933e-318
5.00775	1.3256e-320
5.0125	8e-323
5.01725	0.0
5.022	0.0
5.02675	0.0
5.0315	0.0
5.03625	0.0
5.0409999999999995	0.0
5.04575	0.0
5.0504999999999995	0.0
5.05525	0.0
5.06	0.0
5.06475	0.0
5.0695	0.0
5.07425	0.0
5.079	0.0
5.08375	0.0
5.0885	0.0
5.09325	0.0
5.098	0.0
5.1027499999999995	0.0
5.1075	0.0
5.1122499999999995	0.0
5.117	0.0
5.12175	0.0
5.1265	0.0
5.13125	0.0
5.136	0.0
5.14075	0.0
5.1455	0.0
5.15025	0.0
5.155	0.0
5.15975	0.0
5.1645	0.0
5.16925	0.0
5.1739999999999995	0.0
5.17875	0.0
5.1834999999999996	0.0
5.18825	0.0
5.193	0.0
5.19775	0.0
5.2025	0.0
5.20725	0.0
5.212	0.0
5.21675	0.0
5.2215	0.0
5.22625	0.0
5.231	0.0
5.2357499999999995	0.0
5.2405	0.0
5.2452499999999995	0.0
5.25	0.0
5.25475	0.0
5.2595	0.0
5.26425	0.0
5.269	0.0
5.27375	0.0
5.2785	0.0
5.28325	0.0
5.288	0.0
5.29275	0.0
5.2975	0.0
5.30225	0.0
5.3069999999999995	0.0
5.31175	0.0
5.3165	0.0
5.32125	0.0
5.326	0.0
5.33075	0.0
5.3355	0.0
5.34025	0.0
5.345	0.0
5.34975	0.0
5.3545	0.0
5.35925	0.0
5.364	0.0
5.3687499999999995	0.0
5.3735	0.0
5.3782499999999995	0.0
5.383	0.0
5.38775	0.0
5.3925	0.0
5.39725	0.0
5.402	0.0
5.40675	0.0
5.4115	0.0
5.41625	0.0
5.421	0.0
5.42575	0.0
5.430499999999999	0.0
5.43525	0.0
5.4399999999999995	0.0
5.44475	0.0
5.4495	0.0
5.45425	0.0
5.459	1.5e-323
5.46375	2.584e-321
5.4685	4.3749e-319
5.47325	7.2779476e-317
5.478	1.1890785185e-314
5.48275	1.90797690191e-312
5.4875	3.00674554952486e-310
5.49225	4.653516149604055e-308
5.497	7.073376230063922e-306
5.5017499999999995	1.055925496340712e-303
5.5065	1.5481063031570363e-301
5.5112499999999995	2.229098532242182e-299
5.516	3.152236094045214e-297
5.52075	4.377933835937237e-295
5.5255	5.971461472133605e-293
5.53025	7.999319808751744e-291
5.535	1.0524136444476542e-288
5.53975	1.3598182473857882e-286
5.5445	1.7255845509597424e-284
5.54925	2.1505651696775035e-282
5.554	2.6322671030221848e-280
5.55875	3.164231788358045e-278
5.5634999999999994	3.73566227668732e-276
5.56825	4.3313961791416185e-274
5.5729999999999995	4.932296727761937e-272
5.57775	5.516091573825702e-270
5.5825	6.058634079763126e-268
5.58725	6.535502183280956e-266
5.592	6.9237948172647e-264
5.59675	7.203945177902032e-262
5.6015	7.361352145907505e-260
5.60625	7.3876408264763e-258
5.611	7.281400786067519e-256
5.61575	7.04831142097015e-254
5.6205	6.700638949128426e-252
5.62525	6.256167025924207e-250
5.63	5.736690725493779e-248
5.6347499999999995	5.166251253245112e-246
5.6395	4.569309701236722e-244
5.6442499999999995	3.9690507386304694e-242
5.649	3.3859745636243645e-240
5.65375	2.836884904245936e-238
5.6585	2.3343218005452574e-236
5.66325	1.8864301122729049e-234
5.668	1.4972064835828455e-232
5.67275	1.1670344132577109e-230
5.6775	8.934013629710354e-229
5.68225	6.716925685239864e-227
5.687	4.9597006026829455e-225
5.69175	3.596676377544147e-223
5.6964999999999995	2.561581918537384e-221
5.70125	1.7917446654238182e-219
5.7059999999999995	1.2308495630170386e-217
5.71075	8.304142939497021e-216
5.7155	5.502317425671625e-214
5.72025	3.580613547207106e-212
5.725	2.2883910712050612e-210
5.72975	1.4363623844572364e-208
5.7345	8.854392846080533e-207
5.73925	5.360613978078892e-205
5.744	3.187361092410155e-203
5.74875	1.861268314193479e-201
5.7535	1.0674503544905178e-199
5.75825	6.0123931605173815e-198
5.763	3.3258912381001417e-196
5.7677499999999995	1.8068816130807304e-194
5.7725	9.640783687894363e-193
5.7772499999999996	5.051914168594004e-191
5.782	2.599923518847084e-189
5.78675	1.3140931957535108e-187
5.7915	6.523080605018414e-186
5.79625	3.1800965685396243e-184
5.801	1.5226106246158368e-182
5.80575	7.159758739570543e-181
5.8105	3.306502878950689e-179
5.81525	1.499686239914439e-177
5.82	6.6802527245165e-176
5.82475	2.922445114480456e-174
5.8294999999999995	1.2556275003040336e-172
5.83425	5.298296505696085e-171
5.8389999999999995	2.1956983896572562e-169
5.84375	8.93655417540308e-168
5.8485	3.572140121196195e-166
5.85325	1.4023223783135828e-164
5.858	5.406649640570823e-163
5.86275	2.047243849589923e-161
5.8675	7.613281835546495e-160
5.87225	2.7805789069994894e-158
5.877	9.973774049899384e-157
5.88175	3.5135392647036302e-155
5.8865	1.2156010927282019e-153
5.891249999999999	4.130459203113387e-152
5.896	1.3783724264414079e-150
5.9007499999999995	4.517475449804423e-149
5.9055	1.4540723294375224e-147
5.91025	4.596605195327149e-146
5.915	1.4270834898478428e-144
5.91975	4.351335245724952e-143
5.9245	1.3030368323041678e-141
5.92925	3.832232272030198e-140
5.934	1.10689886062528e-138
5.93875	3.139966694686592e-137
5.9435	8.747886252839627e-136
5.94825	2.393548311474736e-134
5.953	6.4319439725309556e-133
5.95775	1.6974746304771068e-131
5.9624999999999995	4.399722813982371e-130
5.96725	1.1199749916008658e-128
5.9719999999999995	2.7999631689146223e-127
5.97675	6.874756124626493e-126
5.9815	1.6577661181936378e-124
5.98625	3.925999196369415e-123
5.991	9.131416205315855e-122
5.99575	2.0858691192856948e-120
6.0005	4.6794731049702117e-119
6.00525	1.0310217833638524e-117
6.01	2.2310007245193408e-116
6.01475	4.741246838471603e-115
6.0195	9.895697376268765e-114
6.024249999999999	2.02843562568238e-112
6.029	4.083542106879846e-111
6.0337499999999995	8.073722742034456e-110
6.0385	1.5677312275728887e-108
6.04325	2.9897190006027513e-107
6.048	5.599511211444068e-106
6.05275	1.029984881802927e-104
6.0575	1.8606837566574716e-103
6.06225	3.3012260780913414e-102
6.067	5.752265891609335e-101
6.07175	9.843819066656023e-100
6.0765	1.6544333546561367e-98
6.08125	2.7308378675900173e-97
6.086	4.4269390254479625e-96
6.09075	7.048101482715105e-95
6.0954999999999995	1.102051123635062e-93
6.10025	1.6923583141296844e-92
6.1049999999999995	2.552371470294712e-91
6.10975	3.780562553955934e-90
6.1145	5.4995855197975916e-89
6.11925	7.857139715786778e-88
6.124	1.1024527280636168e-86
6.12875	1.5192052820702066e-85
6.1335	2.0560512295766351e-84
6.13825	2.732828549125535e-83
6.143	3.567400140061879e-82
6.14775	4.573537545367626e-81
6.1525	5.7585568268214455e-80
6.1572499999999994	7.120919066174728e-79
6.162	8.64807459875398e-78
6.1667499999999995	1.0314870721987873e-76
6.1715	1.208284309594565e-75
6.17625	1.3900661479328798e-74
6.181	1.5705898374636662e-73
6.18575	1.742814174602122e-72
6.1905	1.8993297399153504e-71
6.19525	2.0328748276297458e-70
6.2	2.1368886505504362e-69
6.20475	2.2060438020114274e-68
6.2095	2.23669802758743e-67
6.21425	2.2272120254447507e-66
6.218999999999999	2.178094686239011e-65
6.22375	2.0919578640052126e-64
6.2284999999999995	1.9732862724379288e-63
6.23325	1.8280507194609718e-62
6.2379999999999995	1.6632110901996128e-61
6.24275	1.486166569486394e-60
6.2475	1.3042131901763385e-59
6.25225	1.1240630526330299e-58
6.257	9.514670270985518e-58
6.26175	7.909659654047922e-57
6.2665	6.457773897898475e-56
6.27125	5.1780812239634895e-55
6.276	4.0777055888893106e-54
6.28075	3.1537252766000723e-53
6.2855	2.39548158164943e-52
6.2902499999999995	1.7869927794818108e-51
6.295	1.3092233549608784e-50
6.2997499999999995	9.420320417384408e-50
6.3045	6.657000512467293e-49
6.30925	4.62011185854145e-48
6.314	3.149106694629995e-47
6.31875	2.108061343563728e-46
6.3235	1.3859261792489967e-45
6.32825	8.948658543309226e-45
6.333	5.674619681409911e-44
6.33775	3.5340815576686326e-43
6.3425	2.16161009559966e-42
6.34725	1.2984915773423743e-41
6.351999999999999	7.660584341604282e-41
6.35675	4.4385962771140105e-40
6.3614999999999995	2.5257500791416836e-39
6.36625	1.411549428708021e-38
6.3709999999999996	7.747521506980206e-38
6.37575	4.176288333903309e-37
6.3805	2.2109511347917432e-36
6.38525	1.1495524672080813e-35
6.39	5.870018043489164e-35
6.39475	2.9438186958779416e-34
6.3995	1.4499187519076815e-33
6.40425	7.0135396861285e-33
6.409	3.3318990565793804e-32
6.41375	1.5545596709244338e-31
6.4185	7.1233444104420565e-31
6.4232499999999995	3.2056896374375204e-30
6.428	1.41683732216709e-29
6.4327499999999995	6.15006191790153e-29
6.4375	2.6218024958072745e-28
6.44225	1.0976943820077418e-27
6.447	4.513608586977315e-27
6.45175	1.8227509497126298e-26
6.4565	7.229225235431127e-26
6.46125	2.8158995816740983e-25
6.466	1.077217884678033e-24
6.47075	4.047165197279115e-24
6.4755	1.4933420454599865e-23
6.48025	5.411636766578447e-23
6.484999999999999	1.9260119130882604e-22
6.48975	6.732095746096106e-22
6.4944999999999995	2.311014038153476e-21
6.49925	7.791406579411152e-21
6.504	2.5798243436853616e-20
6.50875	8.389293527090945e-20
6.5135	2.6793017506632034e-19
6.51825	8.4038608039877885e-19
6.523	2.588791402357697e-18
6.52775	7.832064391496607e-18
6.5325	2.3271073922961073e-17
6.53725	6.790747567325425e-17
6.542	1.946165333409051e-16
6.54675	5.477758260952612e-16
6.5515	1.514213023865277e-15
6.5562499999999995	4.110854226059461e-15
6.561	1.0960696708603193e-14
6.5657499999999995	2.8701541949983436e-14
6.5705	7.381307233291281e-14
6.57525	1.8643279913607954e-13
6.58	4.624580489209407e-13
6.58475	1.1266352871765532e-12
6.5895	2.6955993388520804e-12
6.59425	6.3341496153066244e-12
6.599	1.46178088381908e-11
6.60375	3.31312043805053e-11
6.6085	7.374849356843631e-11
6.61325	1.6122413969345927e-10
6.617999999999999	3.461528944133266e-10
6.62275	7.299058613854673e-10
6.6274999999999995	1.5115646249608867e-09
6.63225	3.0743093974448566e-09
6.637	6.14086302339758e-09
6.64175	1.204681476137588e-08
6.6465	2.3210048034352496e-08
6.65125	4.391782569044725e-08
6.656	8.161436513835118e-08
6.66075	1.4895441057596102e-07
6.6655	2.6699376066689e-07
6.67025	4.700129698920998e-07
6.675	8.126051245031759e-07
6.679749999999999	1.379781303459103e-06
6.6845	2.300922227061206e-06
6.6892499999999995	3.7683792838954575e-06
6.694	6.061334624240831e-06
6.6987499999999995	9.575090731114737e-06
6.7035	1.4855200572698384e-05
6.70825	2.2634720006065108e-05
6.713	3.38713664797461e-05
6.71775	4.977958752048834e-05
6.7225	7.185067527327507e-05
6.72725	0.00010185243100349708
6.732	0.00014179892186442288
6.73675	0.00019388108570760084
6.7415	0.00026035081522153737
6.74625	0.0003433550389693345
6.7509999999999994	0.0004447222859605335
6.75575	0.0005657119412085415
6.7604999999999995	0.0007067450628614522
6.76525	0.0008671439634947681
6.77	0.0010449141530743098
6.77475	0.0012366050128549367
6.7795	0.0014372832962263537
6.78425	0.0016406454506432756
6.789	0.0018392809953829328
6.79375	0.002025081065036764
6.7985	0.002189766094312363
6.80325	0.002325487586960967
6.808	0.002425444318850469
6.812749999999999	0.002484446086472724
6.8175	0.0024993600819132595
6.8222499999999995	0.002469386481857253
6.827	0.0023961295111860565
6.8317499999999995	0.002283455194136742
6.8365	0.0021371533471016865
6.84125	0.0019644449395333752
6.846	0.0017733931262833911
6.85075	0.0015722846176278262
6.8555	0.0013690468017240464
6.86025	0.0011707560466127796
6.865	0.0009832761600273002
6.86975	0.0008110462072542312
6.8745	0.0006570171112211136
6.87925	0.0005227195912336546
6.8839999999999995	0.0004084340573489521
6.88875	0.0003134269756650808
6.8934999999999995	0.00023621777892994067
6.89825	0.00017484458067863846
6.903	0.00012710421142873005
6.90775	9.075074616789005e-05
6.9125	6.364522994838336e-05
6.91725	4.385662756619474e-05
6.922	2.9719510343527517e-05
6.92675	1.9857509495578817e-05
6.9315	1.3183354120996992e-05
6.93625	8.886862833073078e-06
6.941	6.4221705498422615e-06
6.945749999999999	5.50533197694919e-06
6.9505	6.133727353046744e-06
6.9552499999999995	8.639697009771323e-06
6.96	1.3792596917268196e-05
6.9647499999999996	2.2965741176387352e-05
6.9695	3.838685997785339e-05
6.97425	6.349172216481942e-05
6.979	0.00010339899654901368
6.98375	0.00016551844538830552
6.9885	0.0002602921843181115
6.99325	0.0004020482357399876
6.998	0.0006099159339876448
7.00275	0.0009087143624865728
7.007499999999999	0.0013296805900654888
7.01225	0.001910859540191709
7.0169999999999995	0.002696940449388774
7.02175	0.0037383072326614974
7.0264999999999995	0.005089084109939461
7.03125	0.0068040149235257105
7.036	0.008934121882751004
7.04075	0.011521246638799311
7.0455	0.014591772818618566
7.05025	0.01815004180872834
7.055	0.022172169231343533
7.05975	0.02660110787026602
7.0645	0.03134384337357218
7.06925	0.036271520139439524
7.074	0.04122306229442091
7.078749999999999	0.04601248920860817
7.0835	0.05043966473029882
7.0882499999999995	0.054303727129683475
7.093	0.057418001214754044
7.09775	0.059624875679906146
7.1025	0.060809003638823765
7.10725	0.060907289524190215
7.112	0.059914459152062574
7.11675	0.0578835286118477
7.1215	0.05492111396867999
7.12625	0.05117815926464723
7.131	0.04683720492718506
7.13575	0.042097689762106864
7.140499999999999	0.03716092716202709
7.14525	0.03221631058384483
7.1499999999999995	0.027430015339513367
7.15475	0.022937035253306693
7.1594999999999995	0.018836902864872128
7.16425	0.01519297065796472
7.169	0.012034744775718524
7.17375	0.009362504824777943
7.1785	0.007153329153204627
7.18325	0.005367664319953035
7.188	0.003955701137122846
7.19275	0.0028630081253695826
7.1975	0.0020350855639410218
7.20225	0.0014207044841303448
7.207	0.0009740602335479562
7.211749999999999	0.0006558867541386604
7.2165	0.0004337434122092085
7.2212499999999995	0.0002817071745039054
7.226	0.00017968999985931396
7.23075	0.0001125669485825878
7.2355	6.925623264805089e-05
7.24025	4.184733617408819e-05
7.245	2.4833489943704227e-05
7.24975	1.4473337203118452e-05
7.2545	8.284391010896847e-06
7.25925	4.657077675473569e-06
7.264	2.5711496747915788e-06
7.26875	1.3941266239096349e-06
7.273499999999999	7.424001786701913e-07
7.27825	3.8827095057747284e-07
7.2829999999999995	1.9943102199611096e-07
7.28775	1.0060313519472786e-07
7.2924999999999995	4.9841522518550126e-08
7.29725	2.4251135041848192e-08
7.302	1.1588676089489168e-08
7.30675	5.438718276324861e-09
7.3115	2.5068034663282656e-09
7.31625	1.1347625501582511e-09
7.321	5.044878221859766e-10
7.32575	2.2027102084887386e-10
7.3305	9.445501610560838e-11
7.33525	3.9778982746666274e-11
7.34	1.6452932044564302e-11
7.3447499999999994	6.683345604180591e-12
7.3495	2.666278556533668e-12
7.3542499999999995	1.0446675503025728e-12
7.359	4.0198669059641097e-13
7.36375	1.5191694850443484e-13
7.3685	5.6384763996427296e-14
7.37325	2.0553145195393513e-14
7.378	7.357932479028265e-15
7.38275	2.5869872639664182e-15
7.3875	8.932926645864952e-16
7.39225	3.0293833170950507e-16
7.397	1.008964011351669e-16
7.40175	3.3003356192032984e-17
7.406499999999999	1.0602334991580981e-17
7.41125	3.345075482461759e-18
7.4159999999999995	1.0365047743273138e-18
7.42075	3.1542613624247226e-19
7.4254999999999995	9.427250126686411e-20
7.43025	2.7671542486866415e-20
7.435	7.977056933146455e-21
7.43975	2.2584631008234637e-21
7.4445	6.2797780095666395e-22
7.44925	1.7148911874604075e-22
7.454	4.59927979095867e-23
7.45875	1.2114460443590813e-23
7.4635	3.133857948760032e-24
7.468249999999999	7.961878066600476e-25
7.473	1.9866104798257057e-25
7.4777499999999995	4.8682279636090916e-26
7.4825	1.1716289002896393e-26
7.4872499999999995	2.7693014271547444e-27
7.492	6.428525453583581e-28
7.49675	1.4655933668468585e-28
7.5015	3.2815316576638527e-29
7.50625	7.216069252006846e-30
7.511	1.5584246902779013e-30
7.51575	3.305469876931404e-31
7.5205	6.886119204622238e-32
7.52525	1.4116620241784354e-32
7.53	2.986612933818012e-33
7.53475	1.3582471378447957e-33
7.539499999999999	4.127349001625519e-33
7.54425	1.9857343754320795e-32
7.5489999999999995	9.615879691114152e-32
7.55375	4.577565331348493e-31
7.5584999999999996	2.140213717201509e-30
7.56325	9.82746124360395e-30
7.568	4.431865224889083e-29
7.57275	1.962875414429467e-28
7.5775	8.538073922474955e-28
7.58225	3.647439276723478e-27
7.587	1.5303022430394818e-26
7.59175	6.305613449271351e-26
7.5965	2.551751962474485e-25
7.601249999999999	1.01416952374616e-24
7.606	3.958618395548866e-24
7.6107499999999995	1.517531469378619e-23
7.6155	5.71337536580505e-23
7.6202499999999995	2.1125587455121446e-22
7.625	7.671597620351311e-22
7.62975	2.73604868928969e-21
7.6345	9.58347053717246e-21
7.63925	3.29672549764046e-20
7.644	1.1137911088302622e-19
7.64875	3.695606232976375e-19
7.6535	1.204283177405788e-18
7.65825	3.854184789935401e-18
7.663	1.2114275086069674e-17
7.66775	3.7395841799691546e-17
7.672499999999999	1.1337314156968143e-16
7.67725	3.375654834107471e-16
7.6819999999999995	9.871129952461659e-16
7.68675	2.8348931232264226e-15
7.6915	7.995902615650243e-15
7.69625	2.214926332406405e-14
7.701	6.025763205320931e-14
7.70575	1.6099997946386403e-13
7.7105	4.2247456230845627e-13
7.71525	1.0887703699018525e-12
7.72	2.755706791797238e-12
7.72475	6.850002097296085e-12
7.7295	1.6722815062195627e-11
7.734249999999999	4.009489255314394e-11
7.739	9.441254520557135e-11
7.7437499999999995	2.183390125806379e-10
7.7485	4.958998338504934e-10
7.7532499999999995	1.1061590280930822e-09
7.758	2.423271967044811e-09
7.76275	5.2137203491618185e-09
7.7675	1.10167702440571e-08
7.77225	2.286240090841196e-08
7.777	4.659618540254423e-08
7.78175	9.326954920178117e-08
7.7865	1.8335399431394246e-07
7.79125	3.539988552836253e-07
7.795999999999999	6.712345840101181e-07
7.80075	1.2499935614792474e-06
7.805499999999999	2.286136787157576e-06
7.81025	4.106365786522748e-06
7.8149999999999995	7.2439265495673e-06
7.81975	1.255022257505101e-05
7.8245	2.135451943656348e-05
7.82925	3.56852843414013e-05
7.834	5.856653160970968e-05
7.83875	9.439974770056368e-05
7.8435	0.0001494352816564952
7.84825	0.00023232526648644448
7.853	0.000354732292898505
7.85775	0.0005319440956654412
7.8625	0.0007834156519028448
7.867249999999999	0.0011331293273845206
7.872	0.0016096360885683855
7.8767499999999995	0.002245623299201378
7.8815	0.003076855461819246
7.8862499999999995	0.004140361577161607
7.891	0.0054718026897050695
7.89575	0.007102047491099876
7.9005	0.009053107975855505
7.90525	0.011333728709843274
7.91	0.013935062158157808
7.91475	0.016826972779116694
7.9195	0.01995556639083298
7.92425	0.023242514460426154
7.928999999999999	0.026586621057723282
7.93375	0.029867864050992093
7.9384999999999994	0.0329538507802411
7.94325	0.03570829881240295
7.9479999999999995	0.038000834556644554
7.95275	0.03971715147610367
7.9575	0.04076843465248895
7.96225	0.04109897251284364
7.967	0.04069104816709082
7.97175	0.03956651269544616
7.9765	0.03778484595198391
7.98125	0.035437944389539934
7.986	0.032642271542540055
7.99075	0.02952930386049512
7.9955	0.026235360061147524
8.00025	0.022891899663561605
8.004999999999999	0.019617227249645923
8.00975	0.016510278419890393
8.0145	0.01364684175366543
8.01925	0.011078243296503284
8.024000000000001	0.00883223521666813
8.028749999999999	0.006915623459509893
8.0335	0.005318057587239171
8.03825	0.004016388523069252
8.043	0.002979060914532815
8.04775	0.0021701214234680108
8.0525	0.0015525645646580182
8.05725	0.0010908782671764411
8.062	0.0007527727583269968
8.066749999999999	0.0005101671415132024
8.0715	0.00033956432555149276
8.07625	0.00022196914827582825
8.081	0.00014250304964316148
8.08575	8.984971133529384e-05
8.090499999999999	5.5637831942241954e-05
8.09525	3.383644244386917e-05
8.1	2.020971441590336e-05
8.10475	1.185486581363893e-05
8.1095	6.829581517606117e-06
8.11425	3.864137113270381e-06
8.119	2.1471972792584555e-06
8.123750000000001	1.1717969221726425e-06
8.128499999999999	6.280493116508491e-07
8.13325	3.3059488375790875e-07
8.138	1.7090687891876977e-07
8.14275	8.677291538868855e-08
8.1475	4.32684296284254e-08
8.152249999999999	2.1189761618719653e-08
8.157	1.0192468600290617e-08
8.16175	4.8171821317312384e-09
8.1665	2.2414507957653065e-09
8.17125	1.0375902930979752e-09
8.176	5.033546631098509e-10
8.18075	3.1281670288166383e-10
8.185500000000001	3.4595719518588643e-10
8.190249999999999	6.236654635407061e-10
8.195	1.3190400227934796e-09
8.19975	2.850028711966197e-09
8.2045	6.094315874537375e-09
8.20925	1.2817071207731806e-08
8.213999999999999	2.6480813127930894e-08
8.21875	5.3734954745015826e-08
8.2235	1.070896697903169e-07
8.22825	2.096042244545096e-07
8.233	4.0291516451036593e-07
8.23775	7.606558452428327e-07
8.2425	1.410339892318059e-06
8.247250000000001	2.56814984045815e-06
8.251999999999999	4.5928040106491045e-06
8.25675	8.066710134870072e-06
8.2615	1.3914768151857676e-05
8.26625	2.357308825291323e-05
8.271	3.9220937852718406e-05
8.275749999999999	6.408855078637784e-05
8.2805	0.00010284990918319832
8.28525	0.0001621019945481318
8.29	0.000250919139312648
8.29475	0.00038145227061080596
8.2995	0.0005695181959348518
8.30425	0.0008350952023122471
8.309000000000001	0.0012026115143396578
8.313749999999999	0.0017008879770258267
8.3185	0.0023625828631533468
8.32325	0.0032229930747343623
8.328	0.0043180998421809055
8.33275	0.005681813467259161
8.337499999999999	0.007342471145236809
8.34225	0.009318768217038769
8.347	0.01161544240646674
8.35175	0.014219161486026432
8.3565	0.01709516127047484
8.36125	0.02018521609152574
8.366	0.023407476175608025
8.370750000000001	0.026658564779009956
8.375499999999999	0.029818097456025684
8.38025	0.03275548940869335
8.385	0.03533859407948931
8.38975	0.03744341778515383
8.3945	0.03896393443974557
8.399249999999999	0.03982092635647602
8.404	0.039968828776480385
8.40875	0.039399759180876695
8.413499999999999	0.03814424259356767
8.41825	0.03626855259254967
8.423	0.033869011661186395
8.42775	0.031063968382558982
8.432500000000001	0.02798443751814122
8.437249999999999	0.02476451739991345
8.442	0.02153267865160851
8.44675	0.018404866454309846
8.4515	0.015480113210553013
8.45625	0.012839068089580265
8.460999999999999	0.010545562453969697
8.46575	0.008651082357133003
8.4705	0.0072018294993525704
8.475249999999999	0.006247917397321967
8.48	0.005854148395310358
8.48475	0.006111716030247816
8.4895	0.0071500412600738646
8.494250000000001	0.009147755977505882
8.498999999999999	0.012341591216211888
8.50375	0.01703163985383981
8.5085	0.023581208522509355
8.51325	0.03240934579764853
8.518	0.04397424645655912
8.52275	0.058746193569810104
8.5275	0.07716958721666581
8.53225	0.09961493182478531
8.536999999999999	0.12632333285683464
8.54175	0.15734790118036754
8.5465	0.19249819421105002
8.55125	0.23129508481553265
8.556	0.2729438823004001
8.56075	0.31633284389750094
8.5655	0.3600622685687974
8.57025	0.4025062301625152
8.575	0.44190499950758877
8.57975	0.4764818628873667
8.5845	0.5045740530745123
8.58925	0.5247645824265812
8.594	0.5360005052540392
8.598749999999999	0.5376838915039976
8.6035	0.5297245793908985
8.60825	0.5125482399220006
8.613	0.48705876683635363
8.61775	0.4545596432946249
8.6225	0.41664384340023397
8.62725	0.3750652536790483
8.632	0.33160607663674735
8.63675	0.28795409032862546
8.6415	0.24560122552087366
8.64625	0.20577121164908338
8.651	0.1693797235935522
8.65575	0.13702624330376054
8.660499999999999	0.109013334472904
8.66525	0.08538661524431052
8.67	0.06598756412976109
8.67475	0.05051134233938076
8.679499999999999	0.03856282351441526
8.68425	0.029705654824609046
8.689	0.02350107820178429
8.69375	0.019535108299868546
8.6985	0.017434269383896767
8.70325	0.016871308091261916
8.708	0.017563081896633904
8.71275	0.019263198382219224
8.7175	0.021752010604765976
8.722249999999999	0.024826336070811965
8.727	0.02829083682070124
8.73175	0.031952443226948096
8.7365	0.035618583436490193
8.741249999999999	0.03909934860978143
8.746	0.04221313516402058
8.75075	0.04479481289939874
8.7555	0.046705122137644495
8.76025	0.04783984270072311
8.765	0.048137321874206745
8.76975	0.047583189948326485
8.7745	0.046211493817134464
8.77925	0.044101979021604856
8.783999999999999	0.04137376986467302
8.78875	0.038176154569730066
8.7935	0.03467750905419458
8.79825	0.031053545039351742
8.802999999999999	0.02747603494988347
8.80775	0.0241029699128434
8.8125	0.021070798099128547
8.81725	0.01848903462992739
8.822	0.01643719929155332
8.82675	0.014963780916144462
8.8315	0.014086782435870512
8.83625	0.0137953766319566
8.841	0.01405228196286749
8.84575	0.014796613152529225
8.8505	0.015947124651964188
8.85525	0.017405899426923017
8.86	0.01906260423608589
8.864749999999999	0.020799417170169178
8.8695	0.022496636573889738
8.87425	0.024038825454455313
8.879	0.02532116952792262
8.88375	0.026255573694670253
8.8885	0.026775930931896685
8.89325	0.026841996941312993
8.898	0.02644140253750646
8.90275	0.025589522329603306
8.9075	0.02432716320983964
8.91225	0.022716298077311063
8.917	0.020834304388698082
8.92175	0.018767334656986018
8.926499999999999	0.016603521351528767
8.93125	0.014426693880587937
8.936	0.012311170613744279
8.94075	0.010318009112921363
8.9455	0.008492886488220988
8.95025	0.006865574246837703
8.955	0.005450798278870155
8.95975	0.004250155041789489
8.9645	0.003254697940163516
8.96925	0.0024478102838393677
8.974	0.0018080311451034493
8.97875	0.0013115809704056269
8.9835	0.0009344268942665183
8.988249999999999	0.0006538175301035447
8.993	0.0004492921088594415
8.99775	0.00030322291243799356
9.0025	0.0002009815674131264
9.007249999999999	0.00013083123205123118
9.012	8.364261867630585e-05
9.01675	5.25175915105042e-05
9.0215	3.238493131518246e-05
9.02625	1.961291744195337e-05
9.031	1.1665480126311529e-05
9.03575	6.814356342441865e-06
9.0405	3.9094098181811575e-06
9.04525	2.202777674750542e-06
9.049999999999999	1.2190955375784694e-06
9.05475	6.628954666837954e-07
9.0595	3.5456968422218023e-07
9.06425	1.8739118130163726e-07
9.068999999999999	9.950068860315597e-08
9.07375	5.619936943738557e-08
9.0785	3.9158543108600275e-08
9.08325	4.020287280397314e-08
9.088	5.813650113141386e-08
9.09275	9.769119570969786e-08
9.0975	1.701227420833743e-07
9.10225	2.953062136331144e-07
9.107	5.054123741368537e-07
9.111749999999999	8.504025476847826e-07
9.1165	1.4056587738904368e-06
9.12125	2.2820563407608865e-06
9.126	3.6386616748528814e-06
9.130749999999999	5.6979691561003165e-06
9.1355	8.763148288149249e-06
9.14025	1.3236146533842787e-05
9.145	1.9634703089922287e-05
9.14975	2.8605441556772213e-05
9.1545	4.092934935217826e-05
9.15925	5.7515303382112314e-05
9.164	7.937709736944016e-05
9.16875	0.00010758991643486158
9.1735	0.0001432236082509554
9.17825	0.0001872525442603101
9.183	0.000240445320644326
9.18775	0.00030324178529298645
9.192499999999999	0.0003756294450278149
9.19725	0.0004570355760934169
9.202	0.0005462546095707378
9.20675	0.000641431919953483
9.2115	0.0007401245477184082
9.21625	0.0008394565250652819
9.221	0.0009363816633501608
9.22575	0.0010280606044987017
9.2305	0.0011123525575381602
9.23525	0.0011884162811959407
9.24	0.0012574099469176874
9.24475	0.0013232751733045628
9.2495	0.0013935854684762683
9.254249999999999	0.001480431399199886
9.259	0.001601301451033611
9.26375	0.0017798965517750508
9.2685	0.0020467868358231595
9.273249999999999	0.0024397832220699285
9.278	0.003003858991277587
9.28275	0.0037904267222015385
9.2875	0.004855765678369642
9.29225	0.0062584172993940855
9.297	0.008055433501996723
9.30175	0.010297480470140263
9.3065	0.013022967061763927
9.31125	0.01625156781255215
9.315999999999999	0.019977719306216092
9.32075	0.02416484855951229
9.3255	0.02874120098146504
9.33025	0.03359813403833328
9.334999999999999	0.038591603655820365
9.33975	0.04354728713563708
9.3445	0.04826937925596993
9.34925	0.05255261531798211
9.354	0.05619658680493743
9.35875	0.059021004059246616
9.3635	0.060880304073521234
9.36825	0.061675957992464454
9.373	0.06136502620861993
9.377749999999999	0.059963921689655704
9.3825	0.057546916796136355
9.38725	0.0542395771290668
9.392	0.050207925536606884
9.396749999999999	0.04564463346082511
9.4015	0.04075383236405531
9.40625	0.03573619902558232
9.411	0.030775800934635673
9.41575	0.026029835810666625
9.4205	0.021621933343255503
9.42525	0.017639189797599018
9.43	0.014132654605853395
9.43475	0.01112064182343349
9.439499999999999	0.008594031729619847
9.44425	0.006522664512782606
9.449	0.004861990632348283
9.45375	0.003559296604607086
9.458499999999999	0.002559029123925963
9.46325	0.001806954687879479
9.468	0.0012530842768815977
9.47275	0.0008534425352913443
9.4775	0.0005708595520445402
9.48225	0.0003750120694260475
9.487	0.00024194809273743247
9.49175	0.0001533063504750306
9.4965	9.540234988459447e-05
9.50125	5.8306769993414976e-05
9.506	3.499773027009824e-05
9.51075	2.063107037101618e-05
9.5155	1.1944407890780792e-05
9.520249999999999	6.791543327394485e-06
9.525	3.7925674223876833e-06
9.52975	2.079979857766246e-06
9.5345	1.120329916123444e-06
9.53925	5.926437673418722e-07
9.544	3.0789489935447463e-07
9.54875	1.5709857724838434e-07
9.5535	7.872324617527411e-08
9.55825	3.874313151552542e-08
9.563	1.872610404867159e-08
9.56775	8.889168284730602e-09
9.5725	4.144153264193265e-09
9.57725	1.897454951206024e-09
9.581999999999999	8.532339420469447e-10
9.58675	3.7681289625934943e-10
9.5915	1.6343474015211737e-10
9.59625	6.961839078545226e-11
9.600999999999999	2.912490843071051e-11
9.60575	1.1966472343254215e-11
9.6105	4.828683044137467e-12
9.61525	1.9136047674454877e-12
9.62	7.447950784569937e-13
9.62475	2.846967734082936e-13
9.6295	1.0687867801857382e-13
9.63425	3.94072451575581e-14
9.639	1.42743246813766e-14
9.643749999999999	5.091490094935402e-15
9.6485	1.8240778066727147e-15
9.65325	7.611740184546816e-16
9.658	6.499245197165961e-16
9.662749999999999	1.3374245192385166e-15
9.6675	3.578745905128927e-15
9.67225	9.792280024281771e-15
9.677	2.6441767640579658e-14
9.68175	7.016195753791524e-14
9.6865	1.8285302883833658e-13
9.69125	4.680226623235492e-13
9.696	1.1765028182483165e-12
9.70075	2.9045582441032533e-12
9.705499999999999	7.042521754258024e-12
9.71025	1.677016323571422e-11
9.715	3.921997995042746e-11
9.71975	9.008208494071175e-11
9.724499999999999	2.0320316869564377e-10
9.72925	4.5017721194119424e-10
9.734	9.794843988175943e-10
9.73875	2.093015879884442e-09
9.7435	4.392467010235515e-09
9.74825	9.053270110080953e-09
9.753	1.8325820663234176e-08
9.75775	3.643194612636251e-08
9.7625	7.113155362632194e-08
9.76725	1.363964925417484e-07
9.772	2.568650964587409e-07
9.77675	4.750813395703667e-07
9.7815	8.629623218039825e-07
9.786249999999999	1.5394893208498418e-06
9.791	2.697258135306459e-06
9.79575	4.641189780561927e-06
9.8005	7.84326931255865e-06
9.80525	1.3017449824639921e-05
9.81	2.12185489922166e-05
9.81475	3.396772304753462e-05
9.8195	5.3404539493420205e-05
9.82425	8.246143682147954e-05
9.829	0.0001250502618886877
9.83375	0.00018624271671202798
9.8385	0.0002724174824623506
9.84325	0.00039133765362755606
9.847999999999999	0.0005521146652423089
9.85275	0.0007650114121766096
9.8575	0.0010410402697591662
9.86225	0.0013913235281188742
9.866999999999999	0.0018262057843348883
9.87175	0.0023541399818834264
9.8765	0.002980408800876639
9.88125	0.0037057863357949526
9.886	0.004525284610902667
9.89075	0.005427157263332577
9.8955	0.006392340473495341
9.90025	0.007394492546246618
9.905	0.0084007456738937
9.909749999999999	0.00937320861574565
9.9145	0.010271165183941266
9.91925	0.01105381340121608
9.924	0.011683300010174393
9.928749999999999	0.012127740993731956
9.9335	0.01236389426784867
9.93825	0.01237917311018929
9.943	0.012172757616611357
9.94775	0.011755667594577178
9.9525	0.011149787874742335
9.95725	0.010385966020408227
9.962	0.0095014125365886
9.96675	0.008536708232085728
9.971499999999999	0.007532752355855547
9.97625	0.006527966778759613
9.981	0.0055560122020766834
9.98575	0.004644184846226979
9.990499999999999	0.0038125624280680014
9.99525	0.0030738727233746727
