   1    1   0.00000    1.06420    10.00 100.00     -0.00000  -0.00000   0.00000 
   2    2   0.01990    2.77700    10.00 100.00     -0.00000  -0.00000   0.54120 
   3    3   0.00130    2.79210    10.00 100.00     -0.00000  -0.13630  -0.00000 
   4    4   0.00010    3.07160    10.00 100.00     -0.04090   0.00000   0.00000 
   5    5   0.00530    3.62460    10.00 100.00      0.24530  -0.00000   0.00000 
   6    6   0.00000    6.71080    10.00 100.00     -0.00000  -0.00000  -0.00000 
   7    7   0.00260    6.81370    10.00 100.00     -0.00000  -0.12380  -0.00000 
   8    8   0.06070    7.09530    10.00 100.00     -0.59110   0.00000  -0.00000 
   9    9   0.04350    7.95950    10.00 100.00     -0.00000  -0.00000  -0.47250 
  10   10   0.00000    8.24930    10.00 100.00      0.00000   0.00000   0.00000 
  11   11   0.04010    8.39920    10.00 100.00     -0.00000  -0.44170   0.00000 
  12   12   0.00000    8.53810    10.00 100.00     -0.00000  -0.00000  -0.00000 
  13   13   0.54550    8.57630    10.00 100.00     -0.00000   0.00000  -1.61120 
  14   14   0.04840    8.75410    10.00 100.00     -0.47520   0.00000   0.00000 
  15   15   0.02340    8.88110    10.00 100.00     -0.00000  -0.00000  -0.32820 
  16   16   0.00110    9.21760    10.00 100.00      0.00000   0.07100  -0.00000 
  17   17   0.06080    9.35180    10.00 100.00      0.00000   0.00000  -0.51500 
  18   18   0.01230    9.93260    10.00 100.00      0.00000  -0.22480  -0.00000 
  19   19   0.05120   10.18280    10.00 100.00     -0.45320  -0.00000  -0.00000 
  20   20   0.01280   10.33060    10.00 100.00      0.00000  -0.22450  -0.00000 
  21   21   0.00000   10.37630    10.00 100.00      0.00000  -0.00000  -0.00000 
  22   22   0.15440   10.59340    10.00 100.00     -0.00000  -0.00000  -0.77120 
  23   23   0.00070   10.88680    10.00 100.00     -0.05090   0.00000  -0.00000 
  24   24   0.00530   11.38880    10.00 100.00      0.00000  -0.13780  -0.00000 
  25   25   0.31260   11.44360    10.00 100.00     -0.00000   0.00000   1.05600 
  26   26   0.00060   11.87500    10.00 100.00      0.04540   0.00000  -0.00000 
  27   27   0.00000   11.91970    10.00 100.00     -0.00000   0.00000  -0.00000 
  28   28   0.11840   12.19720    10.00 100.00      0.00000  -0.62950   0.00000 
  29   29   0.04970   12.27880    10.00 100.00     -0.00000   0.00000   0.40630 
  30   30   0.08230   12.65160    10.00 100.00     -0.00000  -0.51520  -0.00000 
state state   Osc.      E(eV)      dum   dum        TrDx      TrDy       TrDz 
