0.5	0.0
0.50475	0.0
0.5095	0.0
0.51425	0.0
0.519	0.0
0.52375	0.0
0.5285	0.0
0.53325	0.0
0.538	0.0
0.54275	0.0
0.5475	0.0
0.55225	0.0
0.5569999999999999	0.0
0.56175	0.0
0.5665	0.0
0.57125	0.0
0.576	0.0
0.58075	0.0
0.5855	0.0
0.5902499999999999	0.0
0.595	0.0
0.59975	0.0
0.6045	0.0
0.60925	0.0
0.614	0.0
0.61875	0.0
0.6234999999999999	0.0
0.62825	0.0
0.633	0.0
0.63775	0.0
0.6425	0.0
0.64725	0.0
0.652	0.0
0.65675	0.0
0.6615	0.0
0.66625	0.0
0.671	0.0
0.67575	0.0
0.6805	0.0
0.68525	0.0
0.69	0.0
0.69475	0.0
0.6995	0.0
0.70425	0.0
0.709	0.0
0.71375	0.0
0.7185	0.0
0.72325	0.0
0.728	0.0
0.73275	0.0
0.7375	0.0
0.74225	0.0
0.747	0.0
0.7517499999999999	0.0
0.7565	0.0
0.76125	0.0
0.766	0.0
0.77075	0.0
0.7755	0.0
0.78025	0.0
0.7849999999999999	0.0
0.78975	0.0
0.7945	0.0
0.79925	0.0
0.804	0.0
0.80875	0.0
0.8135	0.0
0.8182499999999999	0.0
0.823	0.0
0.82775	0.0
0.8325	0.0
0.83725	0.0
0.842	0.0
0.84675	0.0
0.8514999999999999	0.0
0.85625	0.0
0.861	0.0
0.86575	0.0
0.8705	0.0
0.87525	0.0
0.88	0.0
0.8847499999999999	0.0
0.8895	0.0
0.89425	0.0
0.899	0.0
0.90375	0.0
0.9085	0.0
0.91325	0.0
0.9179999999999999	0.0
0.92275	0.0
0.9275	0.0
0.93225	0.0
0.937	0.0
0.94175	0.0
0.9465	0.0
0.9512499999999999	0.0
0.956	0.0
0.96075	0.0
0.9655	0.0
0.9702500000000001	0.0
0.975	0.0
0.97975	0.0
0.9844999999999999	0.0
0.98925	0.0
0.994	0.0
0.99875	0.0
1.0034999999999998	0.0
1.0082499999999999	0.0
1.013	0.0
1.01775	0.0
1.0225	0.0
1.02725	0.0
1.032	0.0
1.03675	0.0
1.0415	0.0
1.0462500000000001	0.0
1.051	0.0
1.05575	0.0
1.0605	0.0
1.06525	0.0
1.0699999999999998	0.0
1.0747499999999999	0.0
1.0795	0.0
1.08425	0.0
1.089	0.0
1.09375	0.0
1.0985	0.0
1.10325	0.0
1.108	0.0
1.1127500000000001	0.0
1.1175	0.0
1.12225	0.0
1.127	0.0
1.13175	0.0
1.1364999999999998	0.0
1.1412499999999999	0.0
1.146	0.0
1.15075	0.0
1.1555	0.0
1.16025	0.0
1.165	0.0
1.16975	0.0
1.1745	0.0
1.1792500000000001	0.0
1.184	0.0
1.18875	0.0
1.1935	0.0
1.19825	0.0
1.2029999999999998	0.0
1.2077499999999999	0.0
1.2125	0.0
1.21725	0.0
1.222	0.0
1.22675	0.0
1.2315	0.0
1.23625	0.0
1.241	0.0
1.2457500000000001	0.0
1.2505	0.0
1.25525	0.0
1.26	0.0
1.2647499999999998	0.0
1.2694999999999999	0.0
1.2742499999999999	0.0
1.279	0.0
1.28375	0.0
1.2885	0.0
1.29325	0.0
1.298	0.0
1.30275	0.0
1.3075	0.0
1.3122500000000001	0.0
1.317	0.0
1.32175	0.0
1.3265	0.0
1.3312499999999998	0.0
1.3359999999999999	0.0
1.3407499999999999	0.0
1.3455	0.0
1.35025	0.0
1.355	0.0
1.35975	0.0
1.3645	0.0
1.36925	0.0
1.374	0.0
1.3787500000000001	0.0
1.3835	0.0
1.38825	0.0
1.393	0.0
1.3977499999999998	0.0
1.4024999999999999	0.0
1.40725	0.0
1.412	0.0
1.41675	1e-323
1.4215	1.3e-321
1.42625	2.21974e-319
1.431	3.7286225e-317
1.43575	6.15117888e-315
1.4405000000000001	9.9661920051e-313
1.44525	1.5858464252831e-310
1.45	2.478300644782462e-308
1.45475	3.8037138401767226e-306
1.4595	5.733537644823338e-304
1.4642499999999998	8.487865410014382e-302
1.4689999999999999	1.2340571857190848e-299
1.47375	1.7621102220813704e-297
1.4785	2.47110864774299e-295
1.48325	3.403389033508365e-293
1.488	4.603544380597829e-291
1.49275	6.115529397251152e-289
1.4975	7.978785074733871e-287
1.50225	1.0223520205649527e-284
1.507	1.286545462229961e-282
1.51175	1.5900500676265098e-280
1.5165	1.930000611261214e-278
1.52125	2.30072694146111e-276
1.526	2.693603664805849e-274
1.53075	3.0971575279819467e-272
1.5354999999999999	3.497469053814801e-270
1.54025	3.8788720186392527e-268
1.545	4.224915284825173e-266
1.54975	4.519512006729171e-264
1.5545	4.7481679086310606e-262
1.55925	4.89915947931231e-260
1.564	4.964529208861312e-258
1.5687499999999999	4.940780361086809e-256
1.5735	4.8291868631716984e-254
1.57825	4.635680091923059e-252
1.583	4.370326558781372e-250
1.58775	4.0464605051434904e-248
1.5925	3.6795754022375085e-246
1.59725	3.286102400731505e-244
1.6019999999999999	2.882208954222293e-242
1.60675	2.482737580748627e-240
1.6115	2.100376535213962e-238
1.61625	1.7451167307972829e-236
1.621	1.42400918731316e-234
1.62575	1.1412008461121116e-232
1.6305	8.98198578450562e-231
1.6352499999999999	6.942943426191712e-229
1.64	5.270791953297388e-227
1.64475	3.9297878603128025e-225
1.6495	2.8775529502300134e-223
1.65425	2.069371796379377e-221
1.659	1.4615534833798435e-219
1.66375	1.0137990586992403e-217
1.6684999999999999	6.906373152943262e-216
1.67325	4.620714977050185e-214
1.678	3.0361925195923565e-212
1.68275	1.9593427587241898e-210
1.6875	1.2418024467048724e-208
1.69225	7.729574563468654e-207
1.697	4.7251941271122e-205
1.7017499999999999	2.8369044258866656e-203
1.7065	1.672748846129812e-201
1.71125	9.686742561335817e-200
1.716	5.50916477089161e-198
1.72075	3.0771931021992332e-196
1.7255	1.6880477355923327e-194
1.73025	9.094434134995539e-193
1.7349999999999999	4.8120222321503276e-191
1.73975	2.5005788480369594e-189
1.7445	1.276187440447276e-187
1.74925	6.39660250957342e-186
1.754	3.1488012341827964e-184
1.75875	1.5223065457324334e-182
1.7635	7.228030352381193e-181
1.7682499999999999	3.3705347219528234e-179
1.773	1.5436137138383907e-177
1.77775	6.942876438129593e-176
1.7825	3.0669113957670855e-174
1.78725	1.3305279661980797e-172
1.792	5.66901714762206e-171
1.79675	2.3722066504363212e-169
1.8014999999999999	9.748959198702954e-168
1.80625	3.9348209200915945e-166
1.811	1.559741673719262e-164
1.81575	6.072134258336953e-163
1.8205	2.3216194868232622e-161
1.82525	8.717695605788878e-160
1.83	3.2149435120003187e-158
1.8347499999999999	1.1644101377865162e-156
1.8395	4.141899861979526e-155
1.84425	1.4469522429787324e-153
1.849	4.964434506099711e-152
1.85375	1.6728090122416546e-150
1.8585	5.535844970969912e-149
1.86325	1.7992125223615508e-147
1.8679999999999999	5.743042058117746e-146
1.87275	1.8003730964022712e-144
1.8775	5.542989020861559e-143
1.88225	1.676048217408279e-141
1.887	4.977256069956329e-140
1.89175	1.451625029149331e-138
1.8965	4.157956075637846e-137
1.9012499999999999	1.1696780314927382e-135
1.906	3.2315714010099887e-134
1.91075	8.768436591412028e-133
1.9155	2.336638684852638e-131
1.92025	6.1153588479726816e-130
1.925	1.5718580286824496e-128
1.9297499999999999	3.967945298913286e-127
1.9344999999999999	9.837370376684225e-126
1.93925	2.395263833969398e-124
1.944	5.727811003572855e-123
1.94875	1.3451942119332136e-121
1.9535	3.102717884055401e-120
1.95825	7.028466458898795e-119
1.9629999999999999	1.5636510947277294e-117
1.9677499999999999	3.4164897256292027e-116
1.9725	7.331306462744928e-115
1.97725	1.545053845122298e-113
1.982	3.197914544064074e-112
1.98675	6.500564615463184e-111
1.9915	1.297765712001439e-109
1.9962499999999999	2.5445002780847517e-108
2.001	4.899702385663278e-107
2.00575	9.26611938991201e-106
2.0105	1.72102458477312e-104
2.01525	3.1393320194867685e-103
2.02	5.62404022459512e-102
2.02475	9.895108953105182e-101
2.0294999999999996	1.7098331664293228e-99
2.03425	2.9016691231451968e-98
2.0389999999999997	4.836186441795679e-97
2.04375	7.916244112034238e-96
2.0484999999999998	1.272612889417429e-94
2.0532500000000002	2.009252209707384e-93
2.058	3.1155418536464807e-92
2.06275	4.744535758102802e-91
2.0675	7.096020447369986e-90
2.07225	1.0423102129175926e-88
2.077	1.5036270492446671e-87
2.08175	2.1303171769433157e-86
2.0865	2.964213032066691e-85
2.09125	4.0507511168394756e-84
2.096	5.4365415886599264e-83
2.1007499999999997	7.165902194939073e-82
2.1055	9.276412378564346e-81
2.1102499999999997	1.1793704102394633e-79
2.115	1.4725885511874154e-78
2.11975	1.80581653483703e-77
2.1245000000000003	2.174837665815085e-76
2.12925	2.5724152959655804e-75
2.134	2.988245948709486e-74
2.13875	3.409201070779756e-73
2.1435	3.819881722733605e-72
2.14825	4.203472790406114e-71
2.153	4.542841585823705e-70
2.15775	4.821786480602527e-69
2.1624999999999996	5.026311382655172e-68
2.16725	5.145787413086037e-67
2.1719999999999997	5.173867819928236e-66
2.17675	5.109046554490985e-65
2.1814999999999998	4.954792093522712e-64
2.1862500000000002	4.719239958730172e-63
2.191	4.414481868799679e-62
2.19575	4.0555379610203495e-61
2.2005	3.659133588101016e-60
2.20525	3.2424189164254667e-59
2.21	2.8217663737564958e-58
2.21475	2.4117598345919763e-57
2.2195	2.0244550710330392e-56
2.22425	1.668949952786185e-55
2.229	1.3512620389435803e-54
2.2337499999999997	1.0744765393293085e-53
2.2385	8.39103250410664e-53
2.2432499999999997	6.435688002486109e-52
2.248	4.847699374052155e-51
2.25275	3.5862247642413345e-50
2.2575000000000003	2.605556331319386e-49
2.26225	1.859193420115153e-48
2.267	1.3028962527606593e-47
2.27175	8.967187709376613e-47
2.2765	6.061273235768756e-46
2.28125	4.023765378330684e-45
2.286	2.6233886509669267e-44
2.29075	1.679785516269477e-43
2.2954999999999997	1.056346149318143e-42
2.30025	6.524089545551403e-42
2.3049999999999997	3.9572621983702855e-41
2.30975	2.357387677661753e-40
2.3145	1.379203904218222e-39
2.3192500000000003	7.924780657570293e-39
2.324	4.4720571635266553e-38
2.32875	2.478499208932867e-37
2.3335	1.3490609984945864e-36
2.33825	7.211668839095633e-36
2.343	3.786181022702184e-35
2.34775	1.9522184291285147e-34
2.3525	9.885915724401684e-34
2.3572499999999996	4.916622784184849e-33
2.362	2.4014767958493517e-32
2.3667499999999997	1.1519972734714432e-31
2.3715	5.427328294918018e-31
2.3762499999999998	2.51120607880054e-30
2.3810000000000002	1.141143532199979e-29
2.38575	5.092838326273345e-29
2.3905	2.232241847279741e-28
2.39525	9.60913700116436e-28
2.4	4.062462417473382e-27
2.40475	1.68677132039325e-26
2.4095	6.878361455464161e-26
2.41425	2.7547092659968372e-25
2.419	1.0834991994191666e-24
2.42375	4.18546323650138e-24
2.4284999999999997	1.5878908525379415e-23
2.43325	5.916433818976318e-23
2.4379999999999997	2.1650189310465775e-22
2.44275	7.780827510119845e-22
2.4475	2.746327736085077e-21
2.4522500000000003	9.520100048637732e-21
2.457	3.241106709210293e-20
2.46175	1.083697107580592e-19
2.4665	3.5586507719016564e-19
2.47125	1.147693204481898e-18
2.476	3.6352087127268034e-18
2.48075	1.1308268623953783e-17
2.4855	3.454826480014876e-17
2.4902499999999996	1.036620659246994e-16
2.495	3.054760208372301e-16
2.4997499999999997	8.840934867399542e-16
2.5045	2.5129463934953762e-15
2.5092499999999998	7.01507631176579e-15
2.514	1.9232950025738038e-14
2.51875	5.178737891953398e-14
2.5235	1.369514677262981e-13
2.52825	3.556922507013538e-13
2.533	9.072924593740919e-13
2.53775	2.2729277514957223e-12
2.5425	5.5922896045903366e-12
2.54725	1.3513244835404344e-11
2.552	3.2069773909622166e-11
2.55675	7.474785272105718e-11
2.5615	1.711072619109204e-10
2.56625	3.8468513599303594e-10
2.5709999999999997	8.493955464819997e-10
2.5757499999999998	1.841969991559739e-09
2.5805	3.923047157559637e-09
2.58525	8.20603466498093e-09
2.59	1.6858249027048453e-08
2.59475	3.4014286585095117e-08
2.5995	6.740320770586823e-08
2.60425	1.3118089896213624e-07
2.609	2.507448680037227e-07
2.61375	4.7072311212850875e-07
2.6185	8.679039230753276e-07
2.62325	1.5716329228770354e-06
2.628	2.795146903010814e-06
2.63275	4.882395625565644e-06
2.6374999999999997	8.376004609352905e-06
2.6422499999999998	1.4112933726543488e-05
2.647	2.3354740369154795e-05
2.65175	3.795867767480572e-05
2.6565	6.059354919629892e-05
2.66125	9.499965858147694e-05
2.666	0.00014628478020673258
2.67075	0.00022123755992574566
2.6755	0.0003286263851776161
2.68025	0.0004794365692888034
2.685	0.0006869836759418728
2.68975	0.0009668289852019981
2.6945	0.0013364183182414462
2.69925	0.0018143718684240275
2.7039999999999997	0.002419374016243665
2.7087499999999998	0.003168650468354496
2.7135	0.004076074916956317
2.71825	0.0051500146441189505
2.723	0.006391096022835593
2.72775	0.007790135123459974
2.7325	0.00932652199870749
2.73725	0.010967356383354557
2.742	0.012667597460215965
2.74675	0.014371407174228029
2.7515	0.016014739891813984
2.75625	0.017529074723770872
2.761	0.018846022236692322
2.76575	0.019902391027781043
2.7704999999999997	0.020645198243623295
2.7752499999999998	0.021036072807654353
2.78	0.02105454203999781
2.78475	0.0206998095704141
2.7895	0.01999080949825788
2.79425	0.01896453207715465
2.799	0.01767282697199179
2.80375	0.016178068497016685
2.8085	0.014548186535049112
2.81325	0.012851611424316352
2.818	0.011152648788335964
2.82275	0.009507701902877523
2.8275	0.007962615597460395
2.83225	0.006551253040557851
2.8369999999999997	0.005295261250026878
2.8417499999999998	0.0042048543605976586
2.8465	0.003280359340694744
2.85125	0.0025142317720797972
2.856	0.001893255996293012
2.86075	0.0014006847475508508
2.8655	0.0010181354018383771
2.87025	0.0007271298408092277
2.875	0.0005102312392190569
2.87975	0.0003517857699152682
2.8845	0.00023831604421690574
2.88925	0.00015863533225437464
2.894	0.00010375914582284008
2.89875	6.668709196618154e-05
2.9034999999999997	4.2117035247222564e-05
2.90825	2.6139293929314964e-05
2.913	1.5943830581637793e-05
2.91775	9.560204016379377e-06
2.9225	5.639510907619961e-06
2.92725	3.2799810508750786e-06
2.932	1.8930907345688027e-06
2.93675	1.1045198875872662e-06
2.9415	6.833918580797422e-07
2.94625	4.93417981481996e-07
2.951	4.6034074095883366e-07
2.95575	5.510746100586614e-07
2.9605	7.609508407508738e-07
2.9652499999999997	1.1063519440919565e-06
2.9699999999999998	1.6207196727508003e-06
2.97475	2.3524341583815288e-06
2.9795	3.3634194672895733e-06
2.98425	4.72757620032671e-06
2.989	6.52832449232137e-06
2.99375	8.854708579652424e-06
2.9985	1.1795706719920288e-05
3.00325	1.5432633916511837e-05
3.008	1.9829827608135577e-05
3.01275	2.502415461739888e-05
3.0175	3.1014235416353476e-05
3.02225	3.775059459352615e-05
3.027	4.5128149065153415e-05
3.0317499999999997	5.2982474580374824e-05
3.0364999999999998	6.109109968326082e-05
3.04125	6.918064911907941e-05
3.046	7.694002222338381e-05
3.05075	8.403901758410535e-05
3.0555	9.015101296345068e-05
3.06025	9.49776106062232e-05
3.065	9.827269200752318e-05
3.06975	9.986319366538099e-05
3.0745	9.966416519088164e-05
3.07925	9.76862865145083e-05
3.084	9.403491843351978e-05
3.08875	8.890080396796212e-05
3.0935	8.254356264060259e-05
3.0982499999999997	7.526996514560684e-05
3.1029999999999998	6.740951539952668e-05
3.10775	5.9290031321066885e-05
3.1125	5.12157030894472e-05
3.11725	4.344958002635228e-05
3.122	3.620170387115865e-05
3.12675	2.9623299174859942e-05
3.1315	2.380667934347975e-05
3.13625	1.878993184057721e-05
3.141	1.4565069847742104e-05
3.14575	1.1088196742123044e-05
3.1505	8.290300243047877e-06
3.15525	6.087522509056114e-06
3.16	4.390074450206727e-06
3.1647499999999997	3.1093110862824607e-06
3.1694999999999998	2.1628054231464924e-06
3.17425	1.4775143550017122e-06
3.179	9.913042149485594e-07
3.18375	6.53195495465991e-07
3.1885	4.2270792882628753e-07
3.19325	2.6865726648850964e-07
3.198	1.6769409641677456e-07
3.20275	1.0280114231472214e-07
3.2075	6.189265199497959e-08
3.21225	3.6596641173134006e-08
3.217	2.1252222220182223e-08
3.22175	1.2120720971511256e-08
3.2265	6.789120910795399e-09
3.2312499999999997	3.73473350375768e-09
3.2359999999999998	2.017746843732856e-09
3.24075	1.0706184423070866e-09
3.2455	5.579094894581085e-10
3.25025	2.855313253098788e-10
3.255	1.4351746626889342e-10
3.25975	7.084622930858595e-11
3.2645	3.434707093839587e-11
3.26925	1.6353987378194348e-11
3.274	7.647484299008583e-12
3.27875	3.51216179518203e-12
3.2835	1.5841321912354348e-12
3.28825	7.017288129859227e-13
3.293	3.0528691041095025e-13
3.2977499999999997	1.3043917604506748e-13
3.3024999999999998	5.473547927404397e-14
3.30725	2.2557503815194378e-14
3.312	9.130113855305133e-15
3.31675	3.629435945043007e-15
3.3215	1.4174261825339572e-15
3.32625	5.45059821121387e-16
3.331	2.1017582402594114e-16
3.33575	9.264105140046556e-17
3.3405	7.79448427076473e-17
3.34525	1.5701874405653228e-16
3.35	4.25186194760955e-16
3.35475	1.1878131824584267e-15
3.3594999999999997	3.2793514216757027e-15
3.3642499999999997	8.898598771456916e-15
3.3689999999999998	2.3716849784267045e-14
3.37375	6.20809487895442e-14
3.3785	1.5959573533631245e-13
3.38325	4.0294454209729944e-13
3.388	9.991490202003878e-13
3.39275	2.4331912261152046e-12
3.3975	5.819466887783256e-12
3.40225	1.3669453303469408e-11
3.407	3.1534073432973564e-11
3.41175	7.144469525797321e-11
3.4165	1.589720908399234e-10
3.42125	3.47402363612552e-10
3.4259999999999997	7.45599548265744e-10
3.4307499999999997	1.571590837316042e-09
3.4354999999999998	3.2533764948298125e-09
3.44025	6.614395290661365e-09
3.445	1.3207084346255221e-08
3.44975	2.5899104129750336e-08
3.4545	4.987966369573333e-08
3.45925	9.434595310467185e-08
3.464	1.7526048948339768e-07
3.46875	3.197464629653339e-07
3.4735	5.729127168642074e-07
3.47825	1.0081662630406648e-06
3.483	1.7423557895020907e-06
3.48775	2.9573485286250022e-06
3.4924999999999997	4.929798423745021e-06
3.4972499999999997	8.07080395131775e-06
3.502	1.2976734490507371e-05
3.50675	2.049156011245009e-05
3.5115	3.177939422913058e-05
3.51625	4.840354716354926e-05
3.521	7.240519851737869e-05
3.52575	0.00010637101235753278
3.5305	0.0001534750632664979
3.53525	0.0002174770003761331
3.54	0.0003026563790825681
3.54475	0.0004136636067871882
3.5495	0.000555272008750319
3.55425	0.0007320238530323903
3.5589999999999997	0.0009477759167143378
3.5637499999999998	0.0012051666071233632
3.5685	0.0015050450338213804
3.57325	0.0018459200412770317
3.578	0.002223500643902246
3.58275	0.0026304049837666457
3.5875	0.0030561098628943406
3.59225	0.003487195461816765
3.597	0.003907910454589329
3.60175	0.004301044157546281
3.6065	0.004649049641587955
3.61125	0.004935321514237275
3.616	0.005145501411225951
3.62075	0.005268669271724784
3.6254999999999997	0.005298283078156359
3.6302499999999998	0.0052327545423050455
3.635	0.005075590234643593
3.63975	0.004835080704814937
3.6445	0.004523575950539245
3.64925	0.0041564353526670995
3.654	0.003750776257491439
3.65875	0.003324162692390992
3.6635	0.002893372626669514
3.66825	0.0024733606688803846
3.673	0.002076497999229684
3.67775	0.00171212933422463
3.6825	0.001386444866208809
3.68725	0.0011026295427816618
3.6919999999999997	0.0008612269853066569
3.6967499999999998	0.000660642667274939
3.7015	0.0004977102595321493
3.70625	0.00036825406704818367
3.711	0.00026759592482720454
3.71575	0.0001909731991357833
3.7205	0.0001338524534359466
3.72525	9.213852024647247e-05
3.73	6.228982560532189e-05
3.73475	4.13574717131829e-05
3.7395	2.696819205622068e-05
3.74425	1.727072893686379e-05
3.749	1.0862517477219285e-05
3.7537499999999997	6.709826539057305e-06
3.7584999999999997	4.0705498944935426e-06
3.7632499999999998	2.425246332251094e-06
3.768	1.4191216154443872e-06
3.77275	8.155382938932635e-07
3.7775	4.602884593646079e-07
3.78225	2.5513897036221333e-07
3.787	1.3889432310106316e-07
3.79175	7.425969774559008e-08
3.7965	3.899265825444399e-08
3.80125	2.0108213803307954e-08
3.806	1.0184158029075714e-08
3.81075	5.065679975401122e-09
3.8155	2.474636158437872e-09
3.8202499999999997	1.1872602935915377e-09
3.8249999999999997	5.594245451849758e-10
3.8297499999999998	2.588797472385994e-10
3.8345	1.1765641708026074e-10
3.83925	5.251630314594879e-11
3.844	2.3021502200944255e-11
3.84875	9.91138064996792e-12
3.8535	4.190787473750376e-12
3.85825	1.7402758889135674e-12
3.863	7.097437124473942e-13
3.86775	2.8427979205719856e-13
3.8725	1.1182821917136467e-13
3.87725	4.320338879432823e-14
3.882	1.6392500382453037e-14
3.8867499999999997	6.108485905414407e-15
3.8914999999999997	2.2355425191556163e-15
3.8962499999999998	8.035136839555454e-16
3.901	2.8363812430424963e-16
3.90575	9.833246287056843e-17
3.9105	3.348036727250978e-17
3.91525	1.1195525790202308e-17
3.92	3.676713253532663e-18
3.92475	1.1858670745130246e-18
3.9295	3.7564122327909934e-19
3.93425	1.1686150251661465e-19
3.939	3.5705134231408553e-20
3.94375	1.0713980682591108e-20
3.9485	3.1574176509743167e-21
3.9532499999999997	9.138484731705623e-22
3.9579999999999997	2.5976302508868122e-22
3.9627499999999998	7.251727239616584e-23
3.9675	1.9882297708202162e-23
3.97225	5.353683204278023e-24
3.977	1.415792965013663e-24
3.98175	3.6771201078866925e-25
3.9865	9.379439059033732e-26
3.99125	2.349670156623348e-26
3.996	5.7809327923048355e-27
4.00075	1.396850490081083e-27
4.0055	3.3148426134088884e-28
4.01025	7.725683040855575e-29
4.015000000000001	1.7683647303797288e-29
4.01975	3.9752805784836634e-30
4.0245	8.776567838018865e-31
4.029249999999999	1.9030168151299235e-31
4.034	4.052485989550152e-32
4.03875	8.475423397107327e-33
4.0435	1.7408536743916787e-33
4.0482499999999995	3.511754265531536e-34
4.053	6.957399687138111e-35
4.05775	1.3537260077478797e-35
4.0625	2.5868757911719294e-36
4.06725	4.854912031170731e-37
4.072	8.948456643498134e-38
4.0767500000000005	1.6198540868620342e-38
4.0815	2.8798153236053702e-39
4.08625	5.0282210890872915e-40
4.090999999999999	8.622338661628741e-41
4.09575	1.452100827373955e-41
4.1005	2.401759148326609e-42
4.10525	3.9014237098212945e-43
4.109999999999999	6.22411730133614e-44
4.11475	9.751993506429075e-45
4.1195	1.5006175543891658e-45
4.12425	2.267815014578597e-46
4.129	3.365938794988672e-47
4.13375	4.90643203870292e-48
4.1385000000000005	7.024029795528408e-49
4.14325	9.875699969655893e-50
4.148	1.3636735409266208e-50
4.152749999999999	1.8493279156973422e-51
4.1575	2.4630794530509107e-52
4.16225	3.221839501696435e-53
4.167	4.138951782950392e-54
4.171749999999999	5.2220114151572526e-55
4.1765	6.470625295735818e-56
4.18125	7.87436732842276e-57
4.186	9.411223206665545e-58
4.1907499999999995	1.1046824689199056e-58
4.1955	1.27347327306508e-59
4.2002500000000005	1.441793927483036e-60
4.205	1.6031624571899038e-61
4.20975	1.7507045505132899e-62
4.214499999999999	1.8776263516372666e-63
4.21925	1.977727569031925e-64
4.224	2.0459016279421263e-65
4.22875	2.0785669276812073e-66
4.233499999999999	2.0739785598662618e-67
4.23825	2.0323827336844254e-68
4.243	1.955994888103092e-69
4.24775	1.8488041989645497e-70
4.2524999999999995	1.7162284887490093e-71
4.25725	1.564661078292194e-72
4.2620000000000005	1.4009622614717979e-73
4.26675	1.2319514084438865e-74
4.2715	1.063951190343203e-75
4.27625	9.024243717723433e-77
4.281	7.517283192646945e-78
4.28575	6.149955758824659e-79
4.2905	4.941332250118297e-80
4.295249999999999	3.899214310890505e-81
4.3	3.021837732739745e-82
4.30475	2.2999911154542195e-83
4.3095	1.7192623852776396e-84
4.3142499999999995	1.2621737665843309e-85
4.319	9.100329594638993e-87
4.32375	6.444008117750667e-88
4.3285	4.481423843070419e-89
4.33325	3.060814053194958e-90
4.338	2.0531413867608059e-91
4.3427500000000006	1.3525762362024419e-92
4.3475	8.751160175066637e-94
4.35225	5.5607132144192416e-95
4.356999999999999	3.4702147130522544e-96
4.36175	2.1268809461670343e-97
4.3665	1.2802388409182117e-98
4.37125	7.568325500860788e-100
4.3759999999999994	4.394096493354627e-101
4.38075	2.5055343545268056e-102
4.3855	1.403111288749123e-103
4.39025	7.716935320045432e-105
4.395	4.168296332384906e-106
4.39975	2.211226838265989e-107
4.4045000000000005	1.1520438029358448e-108
4.40925	5.894753811852908e-110
4.414	2.9622611060902585e-111
4.418749999999999	1.4619818648533344e-112
4.4235	7.086334016785886e-114
4.42825	3.3733564768405644e-115
4.433	1.577116735286782e-116
4.437749999999999	7.2414648615394615e-118
4.4425	3.2655023430198975e-119
4.44725	1.446220643354412e-120
4.452	6.290426577967844e-122
4.4567499999999995	2.6871172906756537e-123
4.4615	1.1273379678433267e-124
4.4662500000000005	4.644966958187082e-126
4.471	1.879628877594145e-127
4.47575	7.47003390389281e-129
4.480499999999999	2.9156408194920524e-130
4.48525	1.1176516285407216e-131
4.49	4.207652578081412e-133
4.49475	1.5557301772437421e-134
4.499499999999999	5.6492352881424796e-136
4.50425	2.0146798144604952e-137
4.509	7.056403255174605e-139
4.51375	2.427290369081867e-140
4.5184999999999995	8.200136059306306e-142
4.52325	2.720704460822818e-143
4.528	8.86548835249638e-145
4.53275	2.837167282622135e-146
4.5375	8.917193835771588e-148
4.54225	2.7525325019157346e-149
4.547	8.344449469831181e-151
4.55175	2.484413651735546e-152
4.5565	7.26459001592158e-154
4.56125	2.086216118863783e-155
4.566	5.883943154374843e-157
4.57075	1.629816178666503e-158
4.5755	4.433735339908432e-160
4.5802499999999995	1.1845731676414921e-161
4.585	3.108243263666695e-163
4.5897499999999996	8.009936917603129e-165
4.5945	2.0272353708999655e-166
4.59925	5.038952204694826e-168
4.604	1.2300911318438618e-169
4.60875	2.9491395314758108e-171
4.6135	6.94407396918597e-173
4.61825	1.605810675027421e-174
4.623	3.646996340971767e-176
4.62775	8.134620542381499e-178
4.6325	1.7819694540399836e-179
4.63725	3.833753592425201e-181
4.6419999999999995	8.100449544722293e-183
4.64675	1.680950912245484e-184
4.6514999999999995	3.42579937440518e-186
4.65625	6.856931403973588e-188
4.661	1.3479030889710394e-189
4.66575	2.6022470022755088e-191
4.6705	4.934002325493641e-193
4.67525	9.187792267071208e-195
4.68	1.6802889428348907e-196
4.68475	3.017989720864266e-198
4.6895	5.323687170165729e-200
4.69425	9.222916644004832e-202
4.699	1.569224297703319e-203
4.70375	2.6221815011573635e-205
4.7085	4.303298369551068e-207
4.7132499999999995	6.935873334910929e-209
4.718	1.0978975912837562e-210
4.72275	1.706803386264621e-212
4.7275	2.605950391611643e-214
4.73225	3.9075970829527787e-216
4.737	5.754590098057598e-218
4.74175	8.323001943440837e-220
4.7465	1.182242540875114e-221
4.75125	1.6492790932370064e-223
4.756	2.2596579792942926e-225
4.76075	3.0405507027261896e-227
4.7655	4.018118817309337e-229
4.77025	5.214999659711147e-231
4.7749999999999995	6.647322946555868e-233
4.77975	8.3214739382035e-235
4.7844999999999995	1.0230920753728382e-236
4.78925	1.235350424243584e-238
4.794	1.4649628153707787e-240
4.79875	1.7061767457488115e-242
4.8035	1.9515623016268823e-244
4.80825	2.192309201269429e-246
4.813	2.4187009634943274e-248
4.81775	2.6207375612602813e-250
4.8225	2.788854606053363e-252
4.82725	2.9146687065183053e-254
4.832	2.991668767851777e-256
4.83675	3.0157740614874934e-258
4.8415	2.9856925202728905e-260
4.8462499999999995	2.903035477704534e-262
4.851	2.7721746710984e-264
4.85575	2.599859169523977e-266
4.8605	2.3946389405346052e-268
4.86525	2.166163542184536e-270
4.87	1.9244358040129538e-272
4.87475	1.679100145009696e-274
4.8795	1.4388342080108464e-276
4.88425	1.2108933511393252e-278
4.889	1.0008339274329305e-280
4.89375	8.124172353894157e-283
4.8985	6.476751318274242e-285
4.90325	5.07103141014754e-287
4.9079999999999995	3.8993872166557965e-289
4.91275	2.944810895075721e-291
4.9174999999999995	2.1841348245547398e-293
4.92225	1.5909717209644845e-295
4.927	1.1381682374028726e-297
4.93175	7.996711860805641e-300
4.9365	5.517945647874508e-302
4.94125	3.739421094077831e-304
4.946	2.488813268209273e-306
4.95075	1.626826498658329e-308
4.9555	1.04436220581925e-310
4.96025	6.58448845437e-313
4.965	4.077123987e-315
4.9697499999999994	2.4794013e-317
4.9745	1.4808e-319
4.9792499999999995	8.7e-322
4.984	5e-324
4.98875	0.0
4.9935	0.0
4.99825	0.0
5.003	0.0
5.00775	0.0
5.0125	0.0
5.01725	0.0
5.022	0.0
5.02675	0.0
5.0315	0.0
5.03625	0.0
5.0409999999999995	0.0
5.04575	0.0
5.0504999999999995	0.0
5.05525	0.0
5.06	0.0
5.06475	0.0
5.0695	0.0
5.07425	0.0
5.079	0.0
5.08375	0.0
5.0885	0.0
5.09325	0.0
5.098	0.0
5.1027499999999995	0.0
5.1075	0.0
5.1122499999999995	0.0
5.117	0.0
5.12175	0.0
5.1265	0.0
5.13125	0.0
5.136	0.0
5.14075	0.0
5.1455	0.0
5.15025	0.0
5.155	0.0
5.15975	0.0
5.1645	0.0
5.16925	0.0
5.1739999999999995	0.0
5.17875	0.0
5.1834999999999996	0.0
5.18825	0.0
5.193	0.0
5.19775	0.0
5.2025	0.0
5.20725	0.0
5.212	0.0
5.21675	0.0
5.2215	0.0
5.22625	0.0
5.231	0.0
5.2357499999999995	0.0
5.2405	0.0
5.2452499999999995	0.0
5.25	0.0
5.25475	0.0
5.2595	0.0
5.26425	0.0
5.269	0.0
5.27375	0.0
5.2785	0.0
5.28325	0.0
5.288	0.0
5.29275	0.0
5.2975	0.0
5.30225	0.0
5.3069999999999995	0.0
5.31175	0.0
5.3165	0.0
5.32125	0.0
5.326	0.0
5.33075	0.0
5.3355	0.0
5.34025	0.0
5.345	0.0
5.34975	0.0
5.3545	0.0
5.35925	0.0
5.364	0.0
5.3687499999999995	0.0
5.3735	0.0
5.3782499999999995	0.0
5.383	0.0
5.38775	0.0
5.3925	0.0
5.39725	0.0
5.402	0.0
5.40675	0.0
5.4115	0.0
5.41625	0.0
5.421	0.0
5.42575	0.0
5.430499999999999	0.0
5.43525	0.0
5.4399999999999995	0.0
5.44475	0.0
5.4495	0.0
5.45425	0.0
5.459	4.05e-322
5.46375	6.8823e-320
5.4685	1.1525934e-317
5.47325	1.8956835e-315
5.478	3.0620795394e-313
5.48275	4.857670913778e-311
5.4875	7.56834109332935e-309
5.49225	1.1580686055107974e-306
5.497	1.7403190112757758e-304
5.5017499999999995	2.5685287142481186e-302
5.5065	3.7230680174808114e-300
5.5112499999999995	5.300032105974259e-298
5.516	7.409979644573489e-296
5.52075	1.0174580543924105e-293
5.5255	1.372072303573839e-291
5.53025	1.8171821668522557e-289
5.535	2.3636377584509958e-287
5.53975	3.0194257652444187e-285
5.5445	3.7881640543961327e-283
5.54925	4.6676059578328593e-281
5.554	5.648336694056758e-279
5.55875	6.712865610034701e-277
5.5634999999999994	7.835312337527741e-275
5.56825	8.98184711647312e-273
5.5729999999999995	1.0111975023663265e-270
5.57775	1.1180656438625521e-268
5.5825	1.2141143761138662e-266
5.58725	1.2948303937197832e-264
5.592	1.3562106587127362e-262
5.59675	1.3950905792082899e-260
5.6015	1.4094142020290822e-258
5.60625	1.3984143289220342e-256
5.611	1.362680596324781e-254
5.61575	1.3041071111000422e-252
5.6205	1.225726114051825e-250
5.62525	1.1314480002584304e-248
5.63	1.0257387068013992e-246
5.6347499999999995	9.132714341367465e-245
5.6395	7.985902211689429e-243
5.6442499999999995	6.858183272687845e-241
5.649	5.7843580798184745e-239
5.65375	4.7913978982107016e-237
5.6585	3.897896386927582e-235
5.66325	3.114291983094075e-233
5.668	2.443708219364738e-231
5.67275	1.883216956706417e-229
5.6775	1.4253198942129443e-227
5.68225	1.0594618491295257e-225
5.687	7.734269175161363e-224
5.69175	5.545161860475322e-222
5.6964999999999995	3.904542522635888e-220
5.70125	2.700144901378306e-218
5.7059999999999995	1.833854897688155e-216
5.71075	1.2232179703326212e-214
5.7155	8.013158266172938e-213
5.72025	5.155426183117072e-211
5.725	3.25751489261998e-209
5.72975	2.0214789880608886e-207
5.7345	1.2320066093445585e-205
5.73925	7.374249518399867e-204
5.744	4.334945121892038e-202
5.74875	2.5027090491818385e-200
5.7535	1.4190513413257286e-198
5.75825	7.902178538884855e-197
5.763	4.321719259776108e-195
5.7677499999999995	2.3212785056150914e-193
5.7725	1.2245004046949857e-191
5.7772499999999996	6.343830938339888e-190
5.782	3.227789859257755e-188
5.78675	1.612946229597031e-186
5.7915	7.915812727099923e-185
5.79625	3.815330085100386e-183
5.801	1.8060497432943904e-181
5.80575	8.396306484908687e-180
5.8105	3.8336092370200474e-178
5.81525	1.7190495192528243e-176
5.82	7.570593303485152e-175
5.82475	3.274405264647595e-173
5.8294999999999995	1.3909000673139068e-171
5.83425	5.802570302742805e-170
5.8389999999999995	2.377419816853633e-168
5.84375	9.566483581108633e-167
5.8485	3.780591617922928e-165
5.85325	1.4673313225580634e-163
5.858	5.593164521863492e-162
5.86275	2.0938616595275547e-160
5.8675	7.698380269322166e-159
5.87225	2.779788278837532e-157
5.877	9.857914874893487e-156
5.88175	3.433360390033508e-154
5.8865	1.1743963855102892e-152
5.891249999999999	3.945217982452908e-151
5.896	1.301632208797036e-149
5.9007499999999995	4.217611317007849e-148
5.9055	1.3421646797122137e-146
5.91025	4.194749609024452e-145
5.915	1.287559368815549e-143
5.91975	3.8814095401196355e-142
5.9245	1.1491392515482412e-140
5.92925	3.3413104896907638e-139
5.934	9.541617298378978e-138
5.93875	2.676012499543577e-136
5.9435	7.370810848080288e-135
5.94825	1.993900028757382e-133
5.953	5.2972744907512797e-132
5.95775	1.382173493246557e-130
5.9624999999999995	3.5418782384625405e-129
5.96725	8.913857330422372e-128
5.9719999999999995	2.2032243109096876e-126
5.97675	5.348262759371608e-125
5.9815	1.2750515438124084e-123
5.98625	2.985408269874141e-122
5.991	6.865002602554995e-121
5.99575	1.5503818141977926e-119
6.0005	3.438726293634896e-118
6.00525	7.49061606899513e-117
6.01	1.6025015232537056e-115
6.01475	3.3669785428098826e-114
6.0195	6.947734772066377e-113
6.024249999999999	1.4080144048264895e-111
6.029	2.8024117770806705e-110
6.0337499999999995	5.477946488720874e-109
6.0385	1.0516339698941449e-107
6.04325	1.982770330097902e-106
6.048	3.671480293316056e-105
6.05275	6.676840104792213e-104
6.0575	1.1925091914173445e-102
6.06225	2.0917678264929686e-101
6.067	3.603513945816134e-100
6.07175	6.096771522438355e-99
6.0765	1.013058716398677e-97
6.08125	1.6532186644329386e-96
6.086	2.649640579653174e-95
6.09075	4.170658376852671e-94
6.0954999999999995	6.447379792112429e-93
6.10025	9.788651666769487e-92
6.1049999999999995	1.4595651304690523e-90
6.10975	2.137396377979592e-89
6.1145	3.074026757456814e-88
6.11925	4.342013829601756e-87
6.124	6.0233173570479324e-86
6.12875	8.206184444390723e-85
6.1335	1.0980137706135223e-83
6.13825	1.4428968461648337e-82
6.143	1.8621890392919772e-81
6.14775	2.360332751671008e-80
6.1525	2.938215759432726e-79
6.1572499999999994	3.592155426116065e-78
6.162	4.313080261023801e-77
6.1667499999999995	5.086053741974412e-76
6.1715	5.890271788159549e-75
6.17625	6.699628302401966e-74
6.181	7.483884344646462e-73
6.18575	8.210401792060551e-72
6.1905	8.846321904512727e-71
6.19525	9.360995817869818e-70
6.2	9.72842081719414e-69
6.20475	9.92941426229832e-68
6.2095	9.953272550539034e-67
6.21425	9.79871548035331e-66
6.218999999999999	9.474000058326911e-65
6.22375	8.996189669769907e-64
6.2284999999999995	8.389668636705495e-63
6.23325	7.6840821175785814e-62
6.2379999999999995	6.911943371461701e-61
6.24275	6.106176169039921e-60
6.2475	5.297847747437376e-59
6.25225	4.514301912305539e-58
6.257	3.7778326293404896e-57
6.26175	3.104958574380303e-56
6.2665	2.5062817509927232e-55
6.27125	1.9868494390990235e-54
6.276	1.5468956168174514e-53
6.28075	1.1828183249544657e-52
6.2855	8.882517345964215e-52
6.2902499999999995	6.551112671563713e-51
6.295	4.74520586005424e-50
6.2997499999999995	3.375639280235003e-49
6.3045	2.3584028459930775e-48
6.30925	1.6182325526434178e-47
6.314	1.0904979685224732e-46
6.31875	7.21721716049631e-46
6.3235	4.691110574886731e-45
6.32825	2.994625726904145e-44
6.333	1.8774588083520575e-43
6.33775	1.1560038165923386e-42
6.3425	6.990513892581445e-42
6.34725	4.1516422497702604e-41
6.351999999999999	2.421540446521131e-40
6.35675	1.3871534820946888e-39
6.3614999999999995	7.80401849590851e-39
6.36625	4.311943367479725e-38
6.3709999999999996	2.3398541697896605e-37
6.37575	1.2469973153778932e-36
6.3805	6.52684396856346e-36
6.38525	3.355072637923103e-35
6.39	1.6937979714003755e-34
6.39475	8.398123834301982e-34
6.3995	4.089440791240365e-33
6.40425	1.9557194715124225e-32
6.409	9.185656045406852e-32
6.41375	4.2371592176574995e-31
6.4185	1.9195541698374383e-30
6.4232499999999995	8.540571755623016e-30
6.428	3.7319387206434765e-29
6.4327499999999995	1.6015593844189514e-28
6.4375	6.750136790096837e-28
6.44225	2.7941073365045647e-27
6.447	1.1358855692038157e-26
6.45175	4.535102040114272e-26
6.4565	1.7782815753586266e-25
6.46125	6.848177037174481e-25
6.466	2.5900635132535483e-24
6.47075	9.620703567349e-24
6.4755	3.509653465789098e-23
6.48025	1.2574265502152657e-22
6.484999999999999	4.424477586375702e-22
6.48975	1.5289819456338544e-21
6.4944999999999995	5.189239314594253e-21
6.49925	1.7296810475361918e-20
6.504	5.66225388544869e-20
6.50875	1.8204285363987746e-19
6.5135	5.748028537254585e-19
6.51825	1.7824821156110353e-18
6.523	5.428657359558178e-18
6.52775	1.623755614842178e-17
6.5325	4.7699067094612515e-17
6.53725	1.3761319845975265e-16
6.542	3.899161983224039e-16
6.54675	1.0850342582913973e-15
6.5515	2.9653544232026068e-15
6.5562499999999995	7.959224424139168e-15
6.561	2.0980985201716595e-14
6.5657499999999995	5.431777714644424e-14
6.5705	1.3810807916099576e-13
6.57525	3.448713886322345e-13
6.58	8.457777015530797e-13
6.58475	2.037118444256683e-12
6.5895	4.818782399670356e-12
6.59425	1.119487721305255e-11
6.599	2.5542437433479377e-11
6.60375	5.723561142207123e-11
6.6085	1.2595960772855875e-10
6.61325	2.722433354453464e-10
6.617999999999999	5.778886956064289e-10
6.62275	1.2047366592186176e-09
6.6274999999999995	2.466613119490341e-09
6.63225	4.959877302301901e-09
6.637	9.794940756053817e-09
6.64175	1.8997378633527837e-08
6.6465	3.618649572607631e-08
6.65125	6.76955876658697e-08
6.656	1.2437559793585848e-07
6.66075	2.2442487148283555e-07
6.6655	3.9771115595089797e-07
6.67025	6.921903589605329e-07
6.675	1.1831622465776708e-06
6.679749999999999	1.986204883123202e-06
6.6845	3.274649118668673e-06
6.6892499999999995	5.302326698853459e-06
6.694	8.431972446044594e-06
6.6987499999999995	1.3169001860535687e-05
6.7035	2.0199356026234177e-05
6.70825	3.0428684238310374e-05
6.713	4.501837429101939e-05
6.71775	6.541199974747137e-05
6.7225	9.33439188210252e-05
6.72725	0.00013082044367370777
6.732	0.00018006370843317557
6.73675	0.000243409625067528
6.7415	0.00032315456042214774
6.74625	0.0004213507928934728
6.7509999999999994	0.0005395582364014225
6.75575	0.0006785686980300598
6.7604999999999995	0.0008381279082766821
6.76525	0.0010166881623547427
6.77	0.0012112288769587413
6.77475	0.0014171820739764544
6.7795	0.001628493647711494
6.78425	0.001837839037019259
6.789	0.002036994515960876
6.79375	0.0022173448022200413
6.7985	0.0023704870610579123
6.80325	0.002488874113650581
6.808	0.0025664290167485607
6.812749999999999	0.0025990615693977357
6.8175	0.0025850256874483187
6.8222499999999995	0.002525074191404527
6.827	0.002422391911073109
6.8317499999999995	0.0022823153796101385
6.8365	0.0021118734511674864
6.84125	0.0019192038627359226
6.846	0.001712913026776707
6.85075	0.0015014487069880847
6.8555	0.0012925479816421359
6.86025	0.0010928079219775226
6.865	0.0009074067126796823
6.86975	0.0007399819864442978
6.8745	0.00059265418778009
6.87925	0.00046616830466321933
6.8839999999999995	0.00036011869289940727
6.88875	0.0002732191830482562
6.8934999999999995	0.00020358342030624374
6.89825	0.00014898698841462433
6.903	0.00010709157222270677
6.90775	7.562056377689642e-05
6.9125	5.2483807776213925e-05
6.91725	3.585580252115981e-05
6.922	2.4216326494116922e-05
6.92675	1.6365293240582963e-05
6.9315	1.142509897567608e-05
6.93625	8.844418096346708e-06
6.941	8.417918335733454e-06
6.945749999999999	1.0337170323392952e-05
6.9505	1.5289328978393757e-05
6.9552499999999995	2.462183971487026e-05
6.96	4.059292997899781e-05
6.9647499999999996	6.672798358017072e-05
6.9695	0.00010829959944638999
6.97425	0.00017294237512527726
6.979	0.000271400246886874
6.98375	0.0004183828252919795
6.9885	0.0006334766715207501
6.99325	0.000942018491456736
6.998	0.001375792699894041
7.00275	0.0019733715231176397
7.007499999999999	0.0027798806011760185
7.01225	0.0038459582586702146
7.0169999999999995	0.005225694621581763
7.02175	0.006973398595766315
7.0264999999999995	0.009139152911765683
7.03125	0.011763278638347655
7.036	0.01487002881880703
7.04075	0.018461042449882857
7.0455	0.022509280663933175
7.05025	0.02695429619204042
7.055	0.031699715246154614
7.05975	0.036613707716686525
7.0645	0.041532975333364884
7.06925	0.046270411580273195
7.074	0.05062612250228539
7.078749999999999	0.054401008814028484
7.0835	0.05741167604545552
7.0882499999999995	0.05950514016008972
7.093	0.06057169459499206
7.09775	0.06055443412176675
7.1025	0.05945428500892791
7.10725	0.05732992267020442
7.112	0.05429258698817454
7.11675	0.05049643289608762
7.1215	0.04612558098054082
7.12625	0.04137938037009399
7.131	0.036457518209062435
7.13575	0.03154650158539309
7.140499999999999	0.026808733145302296
7.14525	0.022374964958641438
7.1499999999999995	0.018340426065838415
7.15475	0.014764456405076017
7.1594999999999995	0.011673107571800883
7.16425	0.009063929068492984
7.169	0.006912059903548004
7.17375	0.005176777187469132
7.1785	0.0038077851630277182
7.18325	0.002750720006804016
7.188	0.0019515573562610253
7.19275	0.001359806891422958
7.1975	0.0009305380591265315
7.20225	0.0006253915771844177
7.207	0.0004127916462014939
7.211749999999999	0.00026759054018436664
7.2165	0.00017036155573335943
7.2212499999999995	0.00010652055562062379
7.226	6.54118200634424e-05
7.23075	3.94493660339583e-05
7.2355	2.336602343032955e-05
7.24025	1.359222552955038e-05
7.245	7.765283586448665e-06
7.24975	4.356974859800492e-06
7.2545	2.400898343352174e-06
7.25925	1.2993419929385661e-06
7.264	6.906120656289634e-07
7.26875	3.60500468399664e-07
7.273499999999999	1.8481554174624318e-07
7.27825	9.305337525841946e-08
7.2829999999999995	4.60136575659615e-08
7.28775	2.2346132331271597e-08
7.2924999999999995	1.0658079638527685e-08
7.29725	4.9924823751176206e-09
7.302	2.2967572941688356e-09
7.30675	1.0377067766188408e-09
7.3115	4.60463474273916e-10
7.31625	2.0066734459428358e-10
7.321	8.588537299274471e-11
7.32575	3.610128769816039e-11
7.3305	1.49034620008352e-11
7.33525	6.042443813569248e-12
7.34	2.406019049482719e-12
7.3447499999999994	9.409065392602073e-13
7.3495	3.613723307703367e-13
7.3542499999999995	1.3630892457441248e-13
7.359	5.0495731804871776e-14
7.36375	1.8371559950501173e-14
7.3685	6.564450573452592e-15
7.37325	2.303624642532737e-15
7.378	7.939369840935648e-16
7.38275	2.687332072870133e-16
7.3875	8.933417317185967e-17
7.39225	2.916586716914578e-17
7.397	9.351755624269546e-18
7.40175	2.9449124637458465e-18
7.406499999999999	9.107781754613333e-19
7.41125	2.7663926691142164e-19
7.4159999999999995	8.252319224523483e-20
7.42075	2.4176821186307026e-20
7.4254999999999995	6.956381028579391e-21
7.43025	1.965751022325453e-21
7.435	5.455501041124456e-22
7.43975	1.4869684721784739e-22
7.4445	3.980428822927419e-23
7.44925	1.0464511244032487e-23
7.454	2.7018984375182765e-24
7.45875	6.851411873355402e-25
7.4635	1.7062871352007366e-25
7.468249999999999	4.173353198133619e-26
7.473	1.0024879266944764e-26
7.4777499999999995	2.3650163374263266e-27
7.4825	5.479615985778374e-28
7.4872499999999995	1.2468869723283871e-28
7.492	2.7865384202482755e-29
7.49675	6.11595059079264e-30
7.5015	1.3183292575019753e-30
7.50625	2.7909041787555426e-31
7.511	5.802703493740877e-32
7.51575	1.1851366195360654e-32
7.5205	2.3905827122869943e-33
7.52525	5.438483426983132e-34
7.53	4.8201760557552165e-34
7.53475	2.001541616602977e-33
7.539499999999999	9.88124468587803e-33
7.54425	4.829368957659447e-32
7.5489999999999995	2.318786522497882e-31
7.55375	1.0934452223798674e-30
7.5584999999999996	5.0640089366143455e-30
7.56325	2.3033126192096594e-29
7.568	1.0288979345335448e-28
7.57275	4.513907845601358e-28
7.5775	1.9448856235169602e-27
7.58225	8.229935438065542e-27
7.587	3.42026514879782e-26
7.59175	1.395995783560735e-25
7.5965	5.595893269406846e-25
7.601249999999999	2.20300621940638e-24
7.606	8.517713114063778e-24
7.6107499999999995	3.2343817536073046e-23
7.6155	1.2062033567949607e-22
7.6202499999999995	4.417848023340651e-22
7.625	1.5891394002380782e-21
7.62975	5.614023208591232e-21
7.6345	1.9478136121473778e-20
7.63925	6.637149100748036e-20
7.644	2.22114410556917e-19
7.64875	7.300168470211712e-19
7.6535	2.3564054252400534e-18
7.65825	7.470129485060076e-18
7.663	2.325772495564614e-17
7.66775	7.111599902933173e-17
7.672499999999999	2.1356416646237428e-16
7.67725	6.298692971403972e-16
7.6819999999999995	1.8244563532433254e-15
7.68675	5.1901212234429935e-15
7.6915	1.4500484374739635e-14
7.69625	3.9787669551408065e-14
7.701	1.0721992018799973e-13
7.70575	2.8376801450513995e-13
7.7105	7.375855297433823e-13
7.71525	1.8828785981779333e-12
7.72	4.720556876941549e-12
7.72475	1.1623184590739494e-11
7.7295	2.810722821300947e-11
7.734249999999999	6.675316921574948e-11
7.739	1.556993298999439e-10
7.7437499999999995	3.566667152636003e-10
7.7485	8.024156777599254e-10
7.7532499999999995	1.7729529611020067e-09
7.758	3.847299586359288e-09
7.76275	8.199281234169901e-09
7.7675	1.7161551368426448e-08
7.77225	3.5277539832166965e-08
7.777	7.121984461303361e-08
7.78175	1.4120976728295997e-07
7.7865	2.7497261092191344e-07
7.79125	5.258660360890668e-07
7.795999999999999	9.87692580568406e-07
7.80075	1.8219205957616884e-06
7.805499999999999	3.300639432336565e-06
7.81025	5.872563303106488e-06
7.8149999999999995	1.0261676388385745e-05
7.81975	1.761042783255061e-05
7.8245	2.968127029490027e-05
7.82925	4.9131049963349567e-05
7.834	7.987127027435554e-05
7.83875	0.00012752229564014822
7.8435	0.00019995977415157738
7.84825	0.0003079357684022773
7.853	0.00046573472718780616
7.85775	0.0006917960709840482
7.8625	0.0010092030279172342
7.867249999999999	0.0014459057446337565
7.872	0.002034522073702166
7.8767499999999995	0.0028115500151868404
7.8815	0.003815840435420903
7.8862499999999995	0.005086225167771666
7.891	0.006658278303170806
7.89575	0.008560306007844121
7.9005	0.010808803468879752
7.90525	0.013403769027204884
7.91	0.016324400278383257
7.91475	0.019525785748062272
7.9195	0.022937220445872587
7.92425	0.026462693220185667
7.928999999999999	0.029983911008777616
7.93375	0.03336595064041639
7.9384999999999994	0.03646529324025367
7.94325	0.039139646807192785
7.9479999999999995	0.04125865620231352
7.95275	0.04271439308785208
7.9575	0.04343045565031583
7.96225	0.0433686113255608
7.967	0.042532178817910285
7.97175	0.0409657330547866
7.9765	0.03875116958159271
7.98125	0.03600061199218887
7.986	0.03284701713087285
7.99075	0.029433572308035207
7.9955	0.025903055587408543
8.00025	0.022388242621538233
8.004999999999999	0.019004217687696022
8.00975	0.01584312952817196
8.0145	0.012971581655200265
8.01925	0.010430518061390876
8.024000000000001	0.008237203770542495
8.028749999999999	0.006388732795083452
8.0335	0.004866431602846273
8.03825	0.0036405542556569607
8.043	0.002674763427434175
8.04775	0.001930030755138232
8.0525	0.001367741635048275
8.05725	0.00095192972812943
8.062	0.0006506788594751666
8.066749999999999	0.0004368068982823265
8.0715	0.0002879872525210799
8.07625	0.00018647388772387172
8.081	0.00011858336520557253
8.08575	7.40611584253077e-05
8.090499999999999	4.542743497221067e-05
8.09525	2.7365722239774636e-05
8.1	1.6190363459671383e-05
8.10475	9.407349232804395e-06
8.1095	5.368326477875947e-06
8.11425	3.008649229823077e-06
8.119	1.6560184838284305e-06
8.123750000000001	8.951994109743827e-07
8.128499999999999	4.752645097987456e-07
8.13325	2.4780609854180947e-07
8.138	1.2689651863321634e-07
8.14275	6.381886641890123e-08
8.1475	3.152194773309009e-08
8.152249999999999	1.5291747068632232e-08
8.157	7.287251810098846e-09
8.16175	3.4148462959913964e-09
8.1665	1.581949940214388e-09
8.17125	7.445570880130806e-10
8.176	4.021744618649697e-10
8.18075	3.4208692135822647e-10
8.185500000000001	5.25879434998449e-10
8.190249999999999	1.0682556897603962e-09
8.195	2.2984435305564245e-09
8.19975	4.931263226197624e-09
8.2045	1.042083245274791e-08
8.20925	2.1639389484491538e-08
8.213999999999999	4.4136028091469276e-08
8.21875	8.841193134847268e-08
8.2235	1.739366387110995e-07
8.22825	3.360721701481778e-07
8.233	6.37727387165493e-07
8.23775	1.1884983441542748e-06
8.2425	2.1753196375559896e-06
8.247250000000001	3.910286376319781e-06
8.251999999999999	6.903272767644347e-06
8.25675	1.1969127343717289e-05
8.2615	2.0381255151149066e-05
8.26625	3.4084768511833104e-05
8.271	5.5982302460414245e-05
8.275749999999999	9.030299375403666e-05
8.2805	0.0001430587826528169
8.28525	0.0002225808960541331
8.29	0.00034011221705037263
8.29475	0.000510408105870805
8.2995	0.0007522702341572205
8.30425	0.001088907972968284
8.309000000000001	0.0015479946737769175
8.313749999999999	0.0021612685361795756
8.3185	0.0029635276572625574
8.32325	0.003990894276910867
8.328	0.005278280259980406
8.33275	0.0068560764925787235
8.337499999999999	0.008746208936213763
8.34225	0.010957841837355256
8.347	0.013483144692105374
8.35175	0.01629364887941527
8.3565	0.019337775225430353
8.36125	0.022540091277546154
8.366	0.02580274220038544
8.370750000000001	0.029009292056279785
8.375499999999999	0.03203093069380332
8.38025	0.03473468094323116
8.385	0.03699292991584019
8.38975	0.038693360773962654
8.3945	0.039748226223980575
8.399249999999999	0.04010191565653793
8.404	0.039735934376719476
8.40875	0.03867071876949298
8.413499999999999	0.036964113508125576
8.41825	0.03470677628673353
8.423	0.03201518572442992
8.42775	0.02902324857034559
8.432500000000001	0.02587368925682933
8.437249999999999	0.02271043754289878
8.442	0.01967311212150598
8.44675	0.01689445326594962
8.4515	0.014501221195996953
8.45625	0.012618686232736478
8.460999999999999	0.011378423270818984
8.46575	0.010928707680673326
8.4705	0.011446404500499312
8.475249999999999	0.013148857137384052
8.48	0.016303932452844047
8.48475	0.02123610003510564
8.4895	0.028326272289570412
8.494250000000001	0.03800318889386712
8.498999999999999	0.0507244857550689
8.50375	0.06694632634532763
8.5085	0.08708163429001915
8.51325	0.11144852199412922
8.518	0.14021233755344592
8.52275	0.17332662415765787
8.5275	0.21047988699806788
8.53225	0.25105603055814
8.536999999999999	0.2941163230775117
8.54175	0.33840952545222286
8.5465	0.38241432833481814
8.55125	0.4244146457406391
8.556	0.4626040316494463
8.56075	0.495211134397691
8.5655	0.5206344039347599
8.57025	0.537571913115808
8.575	0.5451316676987257
8.57975	0.5429093879227924
8.5845	0.5310243118669113
8.58925	0.5101086036410436
8.594	0.48125167811113845
8.598749999999999	0.44590627537563393
8.6035	0.40576756946677084
8.60825	0.362639317371144
8.613	0.31830170920319006
8.61775	0.2743942009309608
8.6225	0.23232357019529873
8.62725	0.19320335012588324
8.632	0.15782638991054446
8.63675	0.12666825287965075
8.6415	0.09991602714926645
8.64625	0.07751519745277616
8.651	0.0592265720031467
8.65575	0.04468572506461102
8.660499999999999	0.03345870909064187
8.66525	0.02508955071396873
8.67	0.01913692594800202
8.67475	0.015199134178424976
8.679499999999999	0.012927879288861415
8.68425	0.012032343085257984
8.689	0.012275609227731545
8.69375	0.013465728806506792
8.6985	0.015443699087218278
8.70325	0.01807043983712491
8.708	0.021214562755725395
8.71275	0.024742379521679885
8.7175	0.028511202143027162
8.722249999999999	0.03236656346376489
8.727	0.03614353383180249
8.73175	0.03967184980443026
8.7365	0.04278413430195018
8.741249999999999	0.0453261190921141
8.746	0.04716752882062047
8.75075	0.04821219325137218
8.7555	0.048406044775942056
8.76025	0.04774192819528832
8.765	0.04626056547669748
8.76975	0.04404751921654368
8.7745	0.0412265079871812
8.77925	0.037949865597378896
8.783999999999999	0.03438723870143995
8.78875	0.03071374310077501
8.7935	0.02709874133004897
8.79825	0.0236961884868784
8.802999999999999	0.020637171696535467
8.80775	0.01802490740547692
8.8125	0.015932126523607173
8.81725	0.014400524222263893
8.822	0.01344181073073768
8.82675	0.01303987726982514
8.8315	0.013153668131354938
8.83625	0.013720488442532385
8.841	0.014659631319950244
8.84575	0.015876333869643093
8.8505	0.017266136100369686
8.85525	0.018719705230224978
8.86	0.020128104953182274
8.864749999999999	0.021388357731542296
8.8695	0.02240900292715256
8.87425	0.02311523334266107
8.879	0.02345313141525989
8.88375	0.023392545381466345
8.8885	0.022928249586074954
8.89325	0.022079208092185044
8.898	0.020885978214417237
8.90275	0.0194065130942678
8.9075	0.017710811621460147
8.91225	0.015874988448740617
8.917	0.013975378018847103
8.92175	0.012083241729523254
8.926499999999999	0.010260529204713474
8.93125	0.008556977364798959
8.936	0.007008644825298399
8.94075	0.005637804057611143
8.9455	0.004453973961347064
8.95025	0.0034557859846903864
8.955	0.002633342133814237
8.95975	0.0019707380698933087
8.9645	0.0014484770647985143
8.96925	0.001045575491374699
8.974	0.0007412422991010322
8.97875	0.0005160906673324248
8.9835	0.0003529009424394048
8.988249999999999	0.0002369957872814638
8.993	0.00015631095916286052
8.99775	0.00010125097830482107
9.0025	6.44124844551661e-05
9.007249999999999	4.0244078409424945e-05
9.012	2.4694222948524667e-05
9.01675	1.4881659714426525e-05
9.0215	8.807938130542365e-06
9.02625	5.1201101284002474e-06
9.031	2.9236230958511185e-06
9.03575	1.6405800468743905e-06
9.0405	9.061758132875818e-07
9.04525	4.955295526768498e-07
9.049999999999999	2.736496189290881e-07
9.05475	1.6235577488306735e-07
9.0595	1.192707306163297e-07
9.06425	1.2524482223148055e-07
9.068999999999999	1.7767202883817394e-07
9.07375	2.880459091627441e-07
9.0785	4.827876346865405e-07
9.08325	8.068710239469682e-07
9.088	1.3300888069523073e-06
9.09275	2.155959593869205e-06
9.0975	3.4332643273804797e-06
9.10225	5.370014108696638e-06
9.107	8.24927746431082e-06
9.111749999999999	1.2445735244327397e-05
9.1165	1.84411126128325e-05
9.12125	2.6835828128802372e-05
9.126	3.8353419326796515e-05
9.130749999999999	5.38337252156887e-05
9.1355	7.421064244390311e-05
9.14025	0.00010047074908253899
9.145	0.00013359039935907868
9.14975	0.00017445113348489772
9.1545	0.00022373636754377437
9.15925	0.00028181608351035136
9.164	0.0003486301778438164
9.16875	0.0004235846292096427
9.1735	0.0005054770146872533
9.17825	0.0005924685034233122
9.183	0.0006821178760177129
9.18775	0.0007714893227292399
9.192499999999999	0.0008573402022014392
9.19725	0.0009363885033628613
9.202	0.0010056536976685096
9.20675	0.0010628603372341366
9.2115	0.001106892227836373
9.21625	0.001138286726559785
9.221	0.0011597631611899519
9.22575	0.0011767848844598178
9.2305	0.001198158328617018
9.23525	0.0012366711626175379
9.24	0.0013097617617132183
9.24475	0.0014401910120568479
9.2495	0.0016566542209613794
9.254249999999999	0.001994227707952672
9.259	0.002494497229019484
9.26375	0.003205173183945048
9.2685	0.004178973066629456
9.273249999999999	0.005471558703783107
9.278	0.007138367069812455
9.28275	0.009230276800188186
9.2875	0.011788207723048807
9.29225	0.014836946549177492
9.297	0.018378704834602157
9.30175	0.022387111033792564
9.3065	0.02680247576800554
9.31125	0.031529207575360096
9.315999999999999	0.0364361638746592
9.32075	0.04136048539096093
9.3255	0.04611509368176438
9.33025	0.05049957014893265
9.334999999999999	0.05431364492350164
9.33975	0.0573720842947011
9.3445	0.05951945599337256
9.34925	0.060643137595929486
9.354	0.06068304980192018
9.35875	0.059636939318264345
9.3635	0.0575605605491099
9.36825	0.0545627322335341
9.373	0.050795876026597575
9.377749999999999	0.04644317947963655
9.3825	0.04170388488853646
9.38725	0.036778340120292824
9.392	0.03185435058186311
9.396749999999999	0.027096075364019104
9.4015	0.022636278299876297
9.40625	0.018572255510308385
9.411	0.014965294379959576
9.41575	0.011843140071145467
9.4205	0.009204696080905003
9.42525	0.0070260789740145225
9.43	0.005267173031745792
9.43475	0.003877958249586889
9.439499999999999	0.002804075206800658
9.44425	0.0019913021861455867
9.449	0.0013888190606379117
9.45375	0.0009512948610715955
9.458499999999999	0.0006399493727182081
9.46325	0.0004228020353826203
9.468	0.0002743402345485852
9.47275	0.00017482475426533345
9.4775	0.00010941511771601135
9.48225	6.72531641521987e-05
9.487	4.059841668581899e-05
9.49175	2.406946604097605e-05
9.4965	1.4014732082572244e-05
9.50125	8.014272927361904e-06
9.506	4.5009526211228144e-06
9.51075	2.4825942151892467e-06
9.5155	1.344831959339929e-06
9.520249999999999	7.154697692899594e-07
9.525	3.7383119562751637e-07
9.52975	1.9183187683329788e-07
9.5345	9.667785286752043e-08
9.53925	4.7851350778519836e-08
9.544	2.326067919833278e-08
9.54875	1.1104821095339487e-08
9.5535	5.2066900508648715e-09
9.55825	2.397578685230157e-09
9.563	1.0842888636894483e-09
9.56775	4.815907205840096e-10
9.5725	2.100739530107475e-10
9.57725	8.999684605823312e-11
9.581999999999999	3.7865470413192086e-11
9.58675	1.564661541085483e-11
9.5915	6.349776566646057e-12
9.59625	2.5307978937078205e-12
9.600999999999999	9.906436722859409e-13
9.60575	3.808364103755435e-13
9.6105	1.4378728012314247e-13
9.61525	5.3316755420043325e-14
9.62	1.941646869168411e-14
9.62475	6.944783640648455e-15
9.6295	2.4406110408092118e-15
9.63425	8.457170625686528e-16
9.639	2.9813681272254065e-16
9.643749999999999	1.3429880550942941e-16
9.6485	1.4812687387232045e-16
9.65325	3.5160630576447513e-16
9.658	9.81920790105261e-16
9.662749999999999	2.7548523587830233e-15
9.6675	7.6099390716146e-15
9.67225	2.0651245781147933e-14
9.677	5.5040916656781814e-14
9.68175	1.440746301090921e-13
9.6865	3.703825476147401e-13
9.69125	9.35135444225992e-13
9.696	2.3187798008124002e-12
9.70075	5.646840015084247e-12
9.705499999999999	1.3505555230063177e-11
9.71025	3.172344823255676e-11
9.715	7.318284966518544e-11
9.71975	1.6580561352318146e-10
9.724499999999999	3.68935229684996e-10
9.72925	8.062356740441672e-10
9.734	1.7303536686166007e-09
9.73875	3.6472768488650264e-09
9.7435	7.5502888464903e-09
9.74825	1.535038907078015e-08
9.753	3.065040329413752e-08
9.75775	6.010546807469602e-08
9.7625	1.1575846480328489e-07
9.76725	2.189538156957479e-07
9.772	4.0673660766899417e-07
9.77675	7.420531121647485e-07
9.7815	1.3295898900808702e-06
9.786249999999999	2.3397066104523773e-06
9.791	4.043580417146161e-06
9.79575	6.863280547563019e-06
9.8005	1.144085294567133e-05
9.80525	1.8730356339848083e-05
9.81	3.011581777985673e-05
9.81475	4.7555884789268986e-05
9.8195	7.37521790600518e-05
9.82425	0.00011233276039841278
9.829	0.00016803470599316186
9.83375	0.00024686102867879395
9.8385	0.00035617797701467885
9.84325	0.0005047107744577704
9.847999999999999	0.0007023912193802151
9.85275	0.000960011766694768
9.8575	0.0012886501335148222
9.86225	0.001698847809867495
9.866999999999999	0.002199555429355762
9.87175	0.0027968960882296928
9.8765	0.0034928403615099284
9.88125	0.004283927642963529
9.886	0.00516019960754649
9.89075	0.0061045247736471984
9.8955	0.007092481379924744
9.90025	0.008092925317046962
9.905	0.009069301621029808
9.909749999999999	0.00998166851657507
9.9145	0.010789303885210622
9.91925	0.011453670684028474
9.924	0.011941446671454192
9.928749999999999	0.012227289064883027
9.9335	0.01229601544635044
9.93825	0.01214393978894882
9.943	0.011779199983758176
9.94775	0.011221036365614603
9.9525	0.010498110256141096
9.95725	0.009646067024961274
9.962	0.008704631865721952
9.96675	0.007714566646981751
9.971499999999999	0.006714809069111611
9.97625	0.005740065425033367
9.981	0.004819046840896325
9.98575	0.003973441433688847
9.990499999999999	0.0032176177520713643
9.99525	0.002558972408440276
