0.5	0.0
0.50475	0.0
0.5095	0.0
0.51425	0.0
0.519	0.0
0.52375	0.0
0.5285	0.0
0.53325	0.0
0.538	0.0
0.54275	0.0
0.5475	0.0
0.55225	0.0
0.5569999999999999	0.0
0.56175	0.0
0.5665	0.0
0.57125	0.0
0.576	0.0
0.58075	0.0
0.5855	0.0
0.5902499999999999	0.0
0.595	0.0
0.59975	0.0
0.6045	0.0
0.60925	0.0
0.614	0.0
0.61875	0.0
0.6234999999999999	0.0
0.62825	0.0
0.633	0.0
0.63775	0.0
0.6425	0.0
0.64725	0.0
0.652	0.0
0.65675	0.0
0.6615	0.0
0.66625	0.0
0.671	0.0
0.67575	0.0
0.6805	0.0
0.68525	0.0
0.69	0.0
0.69475	0.0
0.6995	0.0
0.70425	0.0
0.709	0.0
0.71375	0.0
0.7185	0.0
0.72325	0.0
0.728	0.0
0.73275	0.0
0.7375	0.0
0.74225	0.0
0.747	0.0
0.7517499999999999	0.0
0.7565	0.0
0.76125	0.0
0.766	0.0
0.77075	0.0
0.7755	0.0
0.78025	0.0
0.7849999999999999	0.0
0.78975	0.0
0.7945	0.0
0.79925	0.0
0.804	0.0
0.80875	0.0
0.8135	0.0
0.8182499999999999	0.0
0.823	0.0
0.82775	0.0
0.8325	0.0
0.83725	0.0
0.842	0.0
0.84675	0.0
0.8514999999999999	0.0
0.85625	0.0
0.861	0.0
0.86575	0.0
0.8705	0.0
0.87525	0.0
0.88	0.0
0.8847499999999999	0.0
0.8895	0.0
0.89425	0.0
0.899	0.0
0.90375	0.0
0.9085	0.0
0.91325	0.0
0.9179999999999999	0.0
0.92275	0.0
0.9275	0.0
0.93225	0.0
0.937	0.0
0.94175	0.0
0.9465	0.0
0.9512499999999999	0.0
0.956	0.0
0.96075	0.0
0.9655	0.0
0.9702500000000001	0.0
0.975	0.0
0.97975	0.0
0.9844999999999999	0.0
0.98925	0.0
0.994	0.0
0.99875	0.0
1.0034999999999998	0.0
1.0082499999999999	0.0
1.013	0.0
1.01775	0.0
1.0225	0.0
1.02725	0.0
1.032	0.0
1.03675	0.0
1.0415	0.0
1.0462500000000001	0.0
1.051	0.0
1.05575	0.0
1.0605	0.0
1.06525	0.0
1.0699999999999998	0.0
1.0747499999999999	0.0
1.0795	0.0
1.08425	0.0
1.089	0.0
1.09375	0.0
1.0985	0.0
1.10325	0.0
1.108	0.0
1.1127500000000001	0.0
1.1175	0.0
1.12225	0.0
1.127	0.0
1.13175	0.0
1.1364999999999998	0.0
1.1412499999999999	0.0
1.146	0.0
1.15075	0.0
1.1555	0.0
1.16025	0.0
1.165	0.0
1.16975	0.0
1.1745	0.0
1.1792500000000001	0.0
1.184	0.0
1.18875	0.0
1.1935	0.0
1.19825	0.0
1.2029999999999998	0.0
1.2077499999999999	0.0
1.2125	0.0
1.21725	0.0
1.222	0.0
1.22675	0.0
1.2315	0.0
1.23625	0.0
1.241	0.0
1.2457500000000001	0.0
1.2505	0.0
1.25525	0.0
1.26	0.0
1.2647499999999998	0.0
1.2694999999999999	0.0
1.2742499999999999	0.0
1.279	0.0
1.28375	0.0
1.2885	0.0
1.29325	0.0
1.298	0.0
1.30275	0.0
1.3075	0.0
1.3122500000000001	0.0
1.317	0.0
1.32175	0.0
1.3265	0.0
1.3312499999999998	0.0
1.3359999999999999	0.0
1.3407499999999999	0.0
1.3455	0.0
1.35025	0.0
1.355	0.0
1.35975	0.0
1.3645	0.0
1.36925	0.0
1.374	0.0
1.3787500000000001	0.0
1.3835	0.0
1.38825	0.0
1.393	0.0
1.3977499999999998	0.0
1.4024999999999999	0.0
1.40725	0.0
1.412	0.0
1.41675	0.0
1.4215	0.0
1.42625	0.0
1.431	0.0
1.43575	0.0
1.4405000000000001	0.0
1.44525	0.0
1.45	0.0
1.45475	0.0
1.4595	0.0
1.4642499999999998	0.0
1.4689999999999999	0.0
1.47375	0.0
1.4785	0.0
1.48325	0.0
1.488	0.0
1.49275	0.0
1.4975	0.0
1.50225	0.0
1.507	0.0
1.51175	0.0
1.5165	0.0
1.52125	0.0
1.526	0.0
1.53075	0.0
1.5354999999999999	0.0
1.54025	0.0
1.545	0.0
1.54975	0.0
1.5545	0.0
1.55925	0.0
1.564	0.0
1.5687499999999999	0.0
1.5735	0.0
1.57825	0.0
1.583	0.0
1.58775	0.0
1.5925	0.0
1.59725	0.0
1.6019999999999999	0.0
1.60675	0.0
1.6115	0.0
1.61625	0.0
1.621	0.0
1.62575	0.0
1.6305	0.0
1.6352499999999999	0.0
1.64	0.0
1.64475	0.0
1.6495	0.0
1.65425	0.0
1.659	0.0
1.66375	0.0
1.6684999999999999	0.0
1.67325	0.0
1.678	0.0
1.68275	0.0
1.6875	0.0
1.69225	0.0
1.697	0.0
1.7017499999999999	0.0
1.7065	0.0
1.71125	0.0
1.716	0.0
1.72075	0.0
1.7255	0.0
1.73025	0.0
1.7349999999999999	0.0
1.73975	0.0
1.7445	0.0
1.74925	0.0
1.754	0.0
1.75875	0.0
1.7635	0.0
1.7682499999999999	0.0
1.773	0.0
1.77775	0.0
1.7825	0.0
1.78725	0.0
1.792	0.0
1.79675	0.0
1.8014999999999999	0.0
1.80625	0.0
1.811	0.0
1.81575	0.0
1.8205	0.0
1.82525	0.0
1.83	0.0
1.8347499999999999	0.0
1.8395	0.0
1.84425	0.0
1.849	0.0
1.85375	0.0
1.8585	0.0
1.86325	0.0
1.8679999999999999	0.0
1.87275	0.0
1.8775	0.0
1.88225	0.0
1.887	0.0
1.89175	0.0
1.8965	0.0
1.9012499999999999	0.0
1.906	0.0
1.91075	0.0
1.9155	0.0
1.92025	0.0
1.925	0.0
1.9297499999999999	0.0
1.9344999999999999	0.0
1.93925	0.0
1.944	0.0
1.94875	0.0
1.9535	0.0
1.95825	0.0
1.9629999999999999	0.0
1.9677499999999999	0.0
1.9725	0.0
1.97725	0.0
1.982	0.0
1.98675	0.0
1.9915	0.0
1.9962499999999999	0.0
2.001	0.0
2.00575	0.0
2.0105	0.0
2.01525	0.0
2.02	0.0
2.02475	0.0
2.0294999999999996	0.0
2.03425	0.0
2.0389999999999997	0.0
2.04375	0.0
2.0484999999999998	0.0
2.0532500000000002	0.0
2.058	0.0
2.06275	0.0
2.0675	0.0
2.07225	0.0
2.077	0.0
2.08175	0.0
2.0865	0.0
2.09125	0.0
2.096	0.0
2.1007499999999997	0.0
2.1055	0.0
2.1102499999999997	0.0
2.115	0.0
2.11975	0.0
2.1245000000000003	0.0
2.12925	0.0
2.134	0.0
2.13875	0.0
2.1435	0.0
2.14825	0.0
2.153	0.0
2.15775	0.0
2.1624999999999996	0.0
2.16725	0.0
2.1719999999999997	0.0
2.17675	0.0
2.1814999999999998	0.0
2.1862500000000002	0.0
2.191	0.0
2.19575	0.0
2.2005	0.0
2.20525	0.0
2.21	0.0
2.21475	0.0
2.2195	0.0
2.22425	0.0
2.229	0.0
2.2337499999999997	0.0
2.2385	0.0
2.2432499999999997	0.0
2.248	0.0
2.25275	0.0
2.2575000000000003	0.0
2.26225	0.0
2.267	0.0
2.27175	0.0
2.2765	0.0
2.28125	0.0
2.286	0.0
2.29075	0.0
2.2954999999999997	0.0
2.30025	0.0
2.3049999999999997	0.0
2.30975	0.0
2.3145	0.0
2.3192500000000003	0.0
2.324	0.0
2.32875	0.0
2.3335	0.0
2.33825	0.0
2.343	0.0
2.34775	0.0
2.3525	0.0
2.3572499999999996	0.0
2.362	0.0
2.3667499999999997	0.0
2.3715	0.0
2.3762499999999998	0.0
2.3810000000000002	0.0
2.38575	0.0
2.3905	0.0
2.39525	0.0
2.4	0.0
2.40475	0.0
2.4095	0.0
2.41425	0.0
2.419	0.0
2.42375	0.0
2.4284999999999997	0.0
2.43325	0.0
2.4379999999999997	0.0
2.44275	0.0
2.4475	0.0
2.4522500000000003	0.0
2.457	0.0
2.46175	0.0
2.4665	0.0
2.47125	0.0
2.476	0.0
2.48075	0.0
2.4855	0.0
2.4902499999999996	0.0
2.495	0.0
2.4997499999999997	0.0
2.5045	0.0
2.5092499999999998	0.0
2.514	0.0
2.51875	0.0
2.5235	0.0
2.52825	0.0
2.533	0.0
2.53775	0.0
2.5425	0.0
2.54725	0.0
2.552	0.0
2.55675	0.0
2.5615	0.0
2.56625	0.0
2.5709999999999997	0.0
2.5757499999999998	0.0
2.5805	0.0
2.58525	0.0
2.59	0.0
2.59475	0.0
2.5995	0.0
2.60425	0.0
2.609	0.0
2.61375	0.0
2.6185	0.0
2.62325	0.0
2.628	0.0
2.63275	0.0
2.6374999999999997	0.0
2.6422499999999998	0.0
2.647	0.0
2.65175	0.0
2.6565	0.0
2.66125	0.0
2.666	0.0
2.67075	0.0
2.6755	0.0
2.68025	0.0
2.685	0.0
2.68975	0.0
2.6945	0.0
2.69925	0.0
2.7039999999999997	0.0
2.7087499999999998	0.0
2.7135	0.0
2.71825	0.0
2.723	0.0
2.72775	0.0
2.7325	0.0
2.73725	0.0
2.742	0.0
2.74675	0.0
2.7515	0.0
2.75625	0.0
2.761	0.0
2.76575	0.0
2.7704999999999997	0.0
2.7752499999999998	0.0
2.78	0.0
2.78475	0.0
2.7895	0.0
2.79425	0.0
2.799	0.0
2.80375	0.0
2.8085	0.0
2.81325	0.0
2.818	0.0
2.82275	0.0
2.8275	0.0
2.83225	0.0
2.8369999999999997	0.0
2.8417499999999998	0.0
2.8465	0.0
2.85125	0.0
2.856	0.0
2.86075	0.0
2.8655	0.0
2.87025	0.0
2.875	0.0
2.87975	0.0
2.8845	0.0
2.88925	0.0
2.894	0.0
2.89875	0.0
2.9034999999999997	0.0
2.90825	0.0
2.913	0.0
2.91775	0.0
2.9225	0.0
2.92725	0.0
2.932	0.0
2.93675	0.0
2.9415	0.0
2.94625	0.0
2.951	0.0
2.95575	0.0
2.9605	0.0
2.9652499999999997	0.0
2.9699999999999998	0.0
2.97475	0.0
2.9795	0.0
2.98425	0.0
2.989	0.0
2.99375	0.0
2.9985	0.0
3.00325	0.0
3.008	0.0
3.01275	0.0
3.0175	0.0
3.02225	0.0
3.027	0.0
3.0317499999999997	0.0
3.0364999999999998	0.0
3.04125	0.0
3.046	0.0
3.05075	0.0
3.0555	0.0
3.06025	0.0
3.065	0.0
3.06975	0.0
3.0745	0.0
3.07925	0.0
3.084	0.0
3.08875	0.0
3.0935	0.0
3.0982499999999997	0.0
3.1029999999999998	0.0
3.10775	0.0
3.1125	0.0
3.11725	0.0
3.122	0.0
3.12675	0.0
3.1315	0.0
3.13625	0.0
3.141	0.0
3.14575	0.0
3.1505	0.0
3.15525	0.0
3.16	0.0
3.1647499999999997	0.0
3.1694999999999998	0.0
3.17425	0.0
3.179	0.0
3.18375	0.0
3.1885	0.0
3.19325	0.0
3.198	0.0
3.20275	0.0
3.2075	0.0
3.21225	0.0
3.217	0.0
3.22175	0.0
3.2265	0.0
3.2312499999999997	0.0
3.2359999999999998	0.0
3.24075	0.0
3.2455	0.0
3.25025	0.0
3.255	0.0
3.25975	0.0
3.2645	0.0
3.26925	0.0
3.274	0.0
3.27875	0.0
3.2835	0.0
3.28825	0.0
3.293	0.0
3.2977499999999997	0.0
3.3024999999999998	0.0
3.30725	0.0
3.312	0.0
3.31675	0.0
3.3215	0.0
3.32625	0.0
3.331	0.0
3.33575	0.0
3.3405	0.0
3.34525	0.0
3.35	0.0
3.35475	0.0
3.3594999999999997	0.0
3.3642499999999997	0.0
3.3689999999999998	0.0
3.37375	0.0
3.3785	0.0
3.38325	0.0
3.388	0.0
3.39275	0.0
3.3975	0.0
3.40225	0.0
3.407	0.0
3.41175	0.0
3.4165	0.0
3.42125	0.0
3.4259999999999997	0.0
3.4307499999999997	0.0
3.4354999999999998	0.0
3.44025	0.0
3.445	0.0
3.44975	0.0
3.4545	0.0
3.45925	0.0
3.464	0.0
3.46875	0.0
3.4735	0.0
3.47825	0.0
3.483	0.0
3.48775	0.0
3.4924999999999997	0.0
3.4972499999999997	0.0
3.502	0.0
3.50675	0.0
3.5115	0.0
3.51625	0.0
3.521	0.0
3.52575	0.0
3.5305	0.0
3.53525	0.0
3.54	0.0
3.54475	0.0
3.5495	0.0
3.55425	0.0
3.5589999999999997	0.0
3.5637499999999998	0.0
3.5685	0.0
3.57325	0.0
3.578	0.0
3.58275	0.0
3.5875	0.0
3.59225	0.0
3.597	0.0
3.60175	0.0
3.6065	0.0
3.61125	0.0
3.616	0.0
3.62075	0.0
3.6254999999999997	0.0
3.6302499999999998	0.0
3.635	0.0
3.63975	0.0
3.6445	0.0
3.64925	0.0
3.654	0.0
3.65875	0.0
3.6635	0.0
3.66825	0.0
3.673	0.0
3.67775	0.0
3.6825	0.0
3.68725	0.0
3.6919999999999997	0.0
3.6967499999999998	0.0
3.7015	0.0
3.70625	0.0
3.711	0.0
3.71575	0.0
3.7205	0.0
3.72525	0.0
3.73	0.0
3.73475	0.0
3.7395	0.0
3.74425	0.0
3.749	0.0
3.7537499999999997	0.0
3.7584999999999997	0.0
3.7632499999999998	0.0
3.768	0.0
3.77275	0.0
3.7775	0.0
3.78225	0.0
3.787	0.0
3.79175	0.0
3.7965	0.0
3.80125	0.0
3.806	0.0
3.81075	0.0
3.8155	0.0
3.8202499999999997	0.0
3.8249999999999997	0.0
3.8297499999999998	0.0
3.8345	0.0
3.83925	0.0
3.844	0.0
3.84875	0.0
3.8535	0.0
3.85825	0.0
3.863	0.0
3.86775	0.0
3.8725	0.0
3.87725	0.0
3.882	0.0
3.8867499999999997	0.0
3.8914999999999997	0.0
3.8962499999999998	0.0
3.901	0.0
3.90575	0.0
3.9105	0.0
3.91525	0.0
3.92	0.0
3.92475	0.0
3.9295	0.0
3.93425	0.0
3.939	0.0
3.94375	0.0
3.9485	0.0
3.9532499999999997	0.0
3.9579999999999997	0.0
3.9627499999999998	0.0
3.9675	0.0
3.97225	0.0
3.977	0.0
3.98175	0.0
3.9865	0.0
3.99125	0.0
3.996	0.0
4.00075	0.0
4.0055	0.0
4.01025	0.0
4.015000000000001	0.0
4.01975	0.0
4.0245	0.0
4.029249999999999	0.0
4.034	0.0
4.03875	0.0
4.0435	0.0
4.0482499999999995	0.0
4.053	0.0
4.05775	0.0
4.0625	0.0
4.06725	0.0
4.072	0.0
4.0767500000000005	0.0
4.0815	0.0
4.08625	0.0
4.090999999999999	0.0
4.09575	0.0
4.1005	0.0
4.10525	0.0
4.109999999999999	0.0
4.11475	0.0
4.1195	0.0
4.12425	0.0
4.129	0.0
4.13375	0.0
4.1385000000000005	0.0
4.14325	0.0
4.148	0.0
4.152749999999999	0.0
4.1575	0.0
4.16225	0.0
4.167	0.0
4.171749999999999	0.0
4.1765	0.0
4.18125	0.0
4.186	0.0
4.1907499999999995	0.0
4.1955	0.0
4.2002500000000005	0.0
4.205	0.0
4.20975	0.0
4.214499999999999	0.0
4.21925	0.0
4.224	0.0
4.22875	0.0
4.233499999999999	0.0
4.23825	0.0
4.243	0.0
4.24775	0.0
4.2524999999999995	0.0
4.25725	0.0
4.2620000000000005	0.0
4.26675	0.0
4.2715	0.0
4.27625	0.0
4.281	2.08e-322
4.28575	3.583e-320
4.2905	6.090204e-318
4.295249999999999	1.016617605e-315
4.3	1.66665038965e-313
4.30475	2.6834430000967e-311
4.3095	4.243275461614854e-309
4.3142499999999995	6.589782210932142e-307
4.319	1.0050828948725852e-304
4.32375	1.5055448128416962e-302
4.3285	2.214861002250245e-300
4.33325	3.2000756898532703e-298
4.338	4.540827556536846e-296
4.3427500000000006	6.32806239542905e-294
4.3475	8.660988873155012e-292
4.35225	1.164193561762839e-289
4.356999999999999	1.5368939124114077e-287
4.36175	1.9926158114515543e-285
4.3665	2.5372557097027e-283
4.37125	3.17296944131929e-281
4.3759999999999994	3.896983123538487e-279
4.38075	4.700587541488727e-277
4.3855	5.5684810999408955e-275
4.39025	6.478617492987547e-273
4.395	7.402678926304013e-271
4.39975	8.3072345341881e-269
4.4045000000000005	9.155562149493417e-267
4.40925	9.910020270531909e-265
4.414	1.0534769923986034e-262
4.418749999999999	1.0998578331171966e-260
4.4235	1.1277401271976674e-258
4.42825	1.1356447562851472e-256
4.433	1.1231479033485258e-254
4.437749999999999	1.0909186995578632e-252
4.4425	1.040659866417267e-250
4.44725	9.749586812411782e-249
4.452	8.970664197820089e-247
4.4567499999999995	8.106324292808423e-245
4.4615	7.194230230816918e-243
4.4662500000000005	6.270550575946365e-241
4.471	5.367697126055711e-239
4.47575	4.5126465065992834e-237
4.480499999999999	3.725937894806261e-235
4.48525	3.0213489927470184e-233
4.49	2.4061747167152141e-231
4.49475	1.8819774252685576e-229
4.499499999999999	1.4456482834585922e-227
4.50425	1.0906159997975974e-225
4.509	8.080571344987543e-224
4.51375	5.879944923164656e-222
4.5184999999999995	4.202090792110257e-220
4.52325	2.949297549200375e-218
4.528	2.0329782519913113e-216
4.53275	1.3762833635269297e-214
4.5375	9.150482023934513e-213
4.54225	5.9750434641368004e-211
4.547	3.8317675043870117e-209
4.55175	2.4133383589070776e-207
4.5565	1.4927884503228385e-205
4.56125	9.068580266464775e-204
4.566	5.410548830780004e-202
4.57075	3.1703289403863644e-200
4.5755	1.8244346590861302e-198
4.5802499999999995	1.0311296792698436e-196
4.585	5.7234678216706694e-195
4.5897499999999996	3.1200832939076785e-193
4.5945	1.6704524405862617e-191
4.59925	8.783407402871025e-190
4.604	4.535789837632549e-188
4.60875	2.3004023611652918e-186
4.6135	1.1458180789096108e-184
4.61825	5.605166536921532e-183
4.623	2.692913201896166e-181
4.62775	1.2706243531420107e-179
4.6325	5.888070196527619e-178
4.63725	2.6797221595311236e-176
4.6419999999999995	1.1977537544277872e-174
4.64675	5.257827077960014e-173
4.6514999999999995	2.2667626140845015e-171
4.65625	9.597691102281435e-170
4.661	3.991062049806728e-168
4.66575	1.6299383424598076e-166
4.6705	6.537547495149263e-165
4.67525	2.575250751014212e-163
4.68	9.96288626655084e-162
4.68475	3.785400256667338e-160
4.6895	1.4125356793536336e-158
4.69425	5.176640793506189e-157
4.699	1.8631920345924962e-155
4.70375	6.586098049863545e-154
4.7085	2.286439686032166e-152
4.7132499999999995	7.795649272359419e-151
4.718	2.610392534777284e-149
4.72275	8.584605263467513e-148
4.7275	2.772654951780667e-146
4.73225	8.794928376683776e-145
4.737	2.7398688342113922e-143
4.74175	8.382782965919152e-142
4.7465	2.518881035920013e-140
4.75125	7.433409798598011e-139
4.756	2.1544155721648867e-137
4.76075	6.132419667347827e-136
4.7655	1.7143332192571893e-134
4.77025	4.7067333850373674e-133
4.7749999999999995	1.2691265812801391e-131
4.77975	3.3608665402393655e-130
4.7844999999999995	8.740948839190162e-129
4.78925	2.2326820161233477e-127
4.794	5.600878540279907e-126
4.79875	1.3798962037155356e-124
4.8035	3.338855850753816e-123
4.80825	7.934323504030288e-122
4.813	1.8517532808479484e-120
4.81775	4.2444099728831866e-119
4.8225	9.554600093253287e-118
4.82725	2.1123636582419713e-116
4.832	4.58654696016332e-115
4.83675	9.780565962035218e-114
4.8415	2.0483450321417869e-112
4.8462499999999995	4.213114130542943e-111
4.851	8.510681143314595e-110
4.85575	1.6884429852022343e-108
4.8605	3.2897997634196546e-107
4.86525	6.295257724162128e-106
4.87	1.1830920844759075e-104
4.87475	2.1836577304321737e-103
4.8795	3.958326107481196e-102
4.88425	7.046923529424258e-101
4.889	1.2321073016210596e-99
4.89375	2.1157214465130594e-98
4.8985	3.568037664308508e-97
4.90325	5.909644502857287e-96
4.9079999999999995	9.612896523630101e-95
4.91275	1.5357062897431633e-93
4.9174999999999995	2.409478432019617e-92
4.92225	3.712777366443129e-91
4.927	5.618698873011543e-90
4.93175	8.350905923832026e-89
4.9365	1.2189682946640155e-87
4.94125	1.747479996030945e-86
4.946	2.460327951984055e-85
4.95075	3.4020036330180525e-84
4.9555	4.619952708959709e-83
4.96025	6.161710243181675e-82
4.965	8.070974919851036e-81
4.9697499999999994	1.0382733540147125e-79
4.9745	1.3117721429604454e-78
4.9792499999999995	1.6276689690183042e-77
4.984	1.9835116173040682e-76
4.98875	2.373910807517149e-75
4.9935	2.79032654984391e-74
4.99825	3.221118111712419e-73
5.003	3.6519031619971384e-72
5.00775	4.0662384280843886e-71
5.0125	4.446593333483236e-70
5.01725	4.775545302881315e-69
5.022	5.037087680886921e-68
5.02675	5.217915439165774e-67
5.0315	5.308545539243887e-66
5.03625	5.304140781214525e-65
5.0409999999999995	5.204937540017834e-64
5.04575	5.016224750295295e-63
5.0504999999999995	4.747876740020102e-62
5.05525	4.413497341036111e-61
5.06	4.029278509468241e-60
5.06475	3.612706581624849e-59
5.0695	3.1812593615336715e-58
5.07425	2.7512271569662347e-57
5.079	2.336763747060179e-56
5.08375	1.9492347605203043e-55
5.0885	1.596888058735206e-54
5.09325	1.284830340722441e-53
5.098	1.0152618769570764e-52
5.1027499999999995	7.879004678600774e-52
5.1075	6.005174372983349e-51
5.1122499999999995	4.4951156675390455e-50
5.117	3.3045863515447978e-49
5.12175	2.3859114581800346e-48
5.1265	1.691813653239804e-47
5.13125	1.1781801804864799e-46
5.136	8.058085748346746e-46
5.14075	5.4126885844355585e-45
5.1455	3.5707149509652127e-44
5.15025	2.3134403581802944e-43
5.155	1.4720495127640955e-42
5.15975	9.199146022722398e-42
5.1645	5.645905336029796e-41
5.16925	3.4031465860978873e-40
5.1739999999999995	2.0145994210458758e-39
5.17875	1.1712719372293541e-38
5.1834999999999996	6.687868972467369e-38
5.18825	3.7504100893352403e-37
5.193	2.0655263772446556e-36
5.19775	1.1172329021164988e-35
5.2025	5.93495831929111e-35
5.20725	3.0963683110744496e-34
5.212	1.5865309166518907e-33
5.21675	7.983722801721664e-33
5.2215	3.945693481056162e-32
5.22625	1.9151474809059305e-31
5.231	9.129396879231122e-31
5.2357499999999995	4.2740828450435735e-30
5.2405	1.9651910109885395e-29
5.2452499999999995	8.874166781742321e-29
5.25	3.9356039600161395e-28
5.25475	1.7141790212963226e-27
5.2595	7.332666738175132e-27
5.26425	3.080553129078267e-26
5.269	1.2710318809226538e-25
5.27375	5.150449926510932e-25
5.2785	2.0497216065320574e-24
5.28325	8.011347564803688e-24
5.288	3.075227521468327e-23
5.29275	1.1593375869172483e-22
5.2975	4.292433391472885e-22
5.30225	1.5608393216169576e-21
5.3069999999999995	5.5740879260544854e-21
5.31175	1.9550164549585338e-20
5.3165	6.734230909596648e-20
5.32125	2.2781723423250265e-19
5.326	7.569132904778556e-19
5.33075	2.469827781876529e-18
5.3355	7.914950380540496e-18
5.34025	2.491097387544561e-17
5.345	7.700061618870179e-17
5.34975	2.337537998951136e-16
5.3545	6.969219497881105e-16
5.35925	2.040659715015295e-15
5.364	5.868377236560904e-15
5.3687499999999995	1.6573965905051207e-14
5.3735	4.597225881314602e-14
5.3782499999999995	1.2523514689774583e-13
5.383	3.350561552168907e-13
5.38775	8.803795711165926e-13
5.3925	2.27186905807406e-12
5.39725	5.7578138705802135e-12
5.402	1.4331542341622585e-11
5.40675	3.5033959633098726e-11
5.4115	8.410978134235999e-11
5.41625	1.9831920247381367e-10
5.421	4.5924455434356837e-10
5.42575	1.044441807628919e-09
5.430499999999999	2.332842747770499e-09
5.43525	5.117379989751193e-09
5.4399999999999995	1.1024803381825786e-08
5.44475	2.332679237568399e-08
5.4495	4.847303128588698e-08
5.45425	9.892505936040693e-08
5.459	1.9827750449803205e-07
5.46375	3.9030269820763545e-07
5.4685	7.545545592020786e-07
5.47325	1.4326520518100213e-06
5.478	2.6714791515032613e-06
5.48275	4.892421172947787e-06
5.4875	8.799477179896103e-06
5.49225	1.5543574042237258e-05
5.497	2.696533920982356e-05
5.5017499999999995	4.5943266959300955e-05
5.5065	7.687742792128058e-05
5.5112499999999995	0.00012633881529935538
5.516	0.00020390869259794166
5.52075	0.00032321809379087053
5.5255	0.0005031721249803587
5.53025	0.0007693048449734831
5.535	0.0011551578824129107
5.53975	0.0017035120459046287
5.5445	0.0024672323821503476
5.54925	0.0035094243787169633
5.554	0.00490255760605337
5.55875	0.006726211307628276
5.5634999999999994	0.009063152606697843
5.56825	0.011993586269492268
5.5729999999999995	0.015587620310330277
5.57775	0.019896265073399304
5.5825	0.024941598433617613
5.58725	0.030707042613061196
5.592	0.03712895150714504
5.59675	0.044090839040323335
5.6015	0.05142153375415561
5.60625	0.05889828831455192
5.611	0.06625540386821324
5.61575	0.0731982877545465
5.6205	0.07942212877521967
5.62525	0.08463365742231553
5.63	0.0885738820682219
5.6347499999999995	0.09103936809391493
5.6395	0.09189963240507738
5.6442499999999995	0.0911085843206356
5.649	0.088708616763181
5.65375	0.08482684235812535
5.6585	0.07966393952177783
5.66325	0.07347697064359492
5.668	0.06655821889413238
5.67275	0.059212463185580023
5.6775	0.05173513110300223
5.68225	0.044393458246240976
5.687	0.03741221457060806
5.69175	0.030964844957100123
5.6964999999999995	0.025170135317245323
5.70125	0.020093868372484364
5.7059999999999995	0.015754456179153574
5.71075	0.012131270835574286
5.7155	0.009174341170760708
5.72025	0.0068142084838300684
5.725	0.004970983996879022
5.72975	0.003561962298313957
5.7345	0.0025074609405163063
5.73925	0.00173483198094606
5.744	0.0011807994698196005
5.74875	0.0007924078976403706
5.7535	0.0005269248590616835
5.75825	0.0003510405566787956
5.763	0.00023966556744676668
5.7677499999999995	0.00017456498613229972
5.7725	0.00014299732502220556
5.7772499999999996	0.00013646179607272753
5.782	0.00014960470036788832
5.78675	0.00017929749612829145
5.7915	0.00022387561706553247
5.79625	0.0002825162456811542
5.801	0.0003547319803570794
5.80575	0.0004399623158149757
5.8105	0.000537252857783739
5.81525	0.0006450203967137291
5.82	0.000760908138052226
5.82475	0.0008817380021906384
5.8294999999999995	0.0010035652414746529
5.83425	0.0011218348007936813
5.8389999999999995	0.0012316298208626733
5.84375	0.0013279920832118658
5.8485	0.0014062840828783319
5.85325	0.001462554913447304
5.858	0.0014938690413333945
5.86275	0.0014985593979501314
5.8675	0.0014763741263486459
5.87225	0.001428498844165437
5.877	0.0013574516008955698
5.88175	0.0012668634393225087
5.8865	0.0011611711526379738
5.891249999999999	0.001045258380566427
5.896	0.0009240853037609735
5.9007499999999995	0.0008023455594926288
5.9055	0.0006841822894501194
5.91025	0.0005729849133411331
5.915	0.00047127622501042627
5.91975	0.0003806877126137354
5.9245	0.0003020112858656648
5.92925	0.00023530896306725647
5.934	0.00018005896617234827
5.93875	0.00013531689351850654
5.9435	9.987350018878026e-05
5.94825	7.239515571145844e-05
5.953	5.153825704285025e-05
5.95775	3.603387207580923e-05
5.9624999999999995	2.474304370513243e-05
5.96725	1.668615589152605e-05
5.9719999999999995	1.1051480347499737e-05
5.97675	7.18862120063995e-06
5.9815	4.592315610157163e-06
5.98625	2.8812360528460965e-06
5.991	1.7753620733130214e-06
5.99575	1.074375311499318e-06
6.0005	6.385370280716642e-07
6.00525	3.7271522867927597e-07
6.01	2.1366292706691685e-07
6.01475	1.202935091590577e-07
6.0195	6.651447985051773e-08
6.024249999999999	3.612028670449588e-08
6.029	1.9264030763593594e-08
6.0337499999999995	1.0090301006413554e-08
6.0385	5.1906538197429645e-09
6.04325	2.6224124225089487e-09
6.048	1.301190566926764e-09
6.05275	6.340767126921196e-10
6.0575	3.034615594720491e-10
6.06225	1.4263514625731109e-10
6.067	6.584312014500027e-11
6.07175	2.98507494001057e-11
6.0765	1.3291104077116453e-11
6.08125	5.81203021868105e-12
6.086	2.4960636352014305e-12
6.09075	1.0527964873025675e-12
6.0954999999999995	4.361081329867802e-13
6.10025	1.7742096178654848e-13
6.1049999999999995	7.08886420562117e-14
6.10975	2.7816941012593186e-14
6.1145	1.0720204415134533e-14
6.11925	4.057492711235793e-15
6.124	1.5082502800791785e-15
6.12875	5.506175700972149e-16
6.1335	1.9741843328686393e-16
6.13825	6.951624755500594e-17
6.143	2.404063450455398e-17
6.14775	8.165194138217634e-18
6.1525	2.723629873676994e-18
6.1572499999999994	8.92258404705255e-19
6.162	2.870742181060296e-19
6.1667499999999995	9.07107417726685e-20
6.1715	2.8150377984340044e-20
6.17625	8.579672838265653e-21
6.181	2.5681371263710526e-21
6.18575	7.549647572983769e-22
6.1905	2.179697271895207e-22
6.19525	6.18055411179591e-23
6.2	1.7211996017458227e-23
6.20475	4.7095195885279485e-24
6.2095	1.2737425742798893e-24
6.21425	3.7190645450034385e-25
6.218999999999999	2.4105648514941512e-25
6.22375	6.342615460876557e-25
6.2284999999999995	2.386323233814768e-24
6.23325	9.093608831043463e-24
6.2379999999999995	3.410206928186341e-23
6.24275	1.25615310582315e-22
6.2475	4.544321297390278e-22
6.25225	1.6145693376858657e-21
6.257	5.6338511816602146e-21
6.26175	1.9307010235972086e-20
6.2665	6.49808918157903e-20
6.27125	2.1479159976100405e-19
6.276	6.972843251406409e-19
6.28075	2.2231230256643578e-18
6.2855	6.961103256364716e-18
6.2902499999999995	2.1406893056988833e-17
6.295	6.465322420253034e-17
6.2997499999999995	1.917731140525763e-16
6.3045	5.586582773753133e-16
6.30925	1.5983273827179977e-15
6.314	4.491032795836492e-15
6.31875	1.2393320977464587e-14
6.3235	3.3588464737747506e-14
6.32825	8.940330915469959e-14
6.333	2.3371038938848933e-13
6.33775	6.000168250948202e-13
6.3425	1.5128986064638881e-12
6.34725	3.7464263701720636e-12
6.351999999999999	9.111409484271118e-12
6.35675	2.1762807126999213e-11
6.3614999999999995	5.105111663166066e-11
6.36625	1.1761333450277707e-10
6.3709999999999996	2.661146996853439e-10
6.37575	5.913466641854108e-10
6.3805	1.2905547164330328e-09
6.38525	2.7661242112383736e-09
6.39	5.822746971856459e-09
6.39475	1.2037745104764545e-08
6.3995	2.444124657883774e-08
6.40425	4.873742125852853e-08
6.409	9.544709726757648e-08
6.41375	1.8357937562575378e-07
6.4185	3.467736073662122e-07
6.4232499999999995	6.43323133655332e-07
6.428	1.1721232640181077e-06
6.4327499999999995	2.0973861095595287e-06
6.4375	3.6859078528240612e-06
6.44225	6.3616759685254515e-06
6.447	1.0783496458606572e-05
6.45175	1.7951826411479618e-05
6.4565	2.935071360776371e-05
6.46125	4.7129157264959e-05
6.466	7.43227324395762e-05
6.47075	0.00011511042208316481
6.4755	0.00017509292967645595
6.48025	0.0002615673648507536
6.484999999999999	0.00038375980908230545
6.48975	0.0005529634247825533
6.4944999999999995	0.0007825179486328881
6.49925	0.0010875599193537388
6.504	0.0014844756031814495
6.50875	0.00199000386454945
6.5135	0.002619966629131396
6.51825	0.0033876503897521766
6.523	0.004301920628288468
6.52775	0.005365215702210936
6.5325	0.006571627907469945
6.53725	0.007905324981686335
6.542	0.009339582777307323
6.54675	0.010836678967064731
6.5515	0.012348833198039798
6.5562499999999995	0.013820273118785108
6.561	0.01519036857632487
6.5657499999999995	0.01639762620439204
6.5705	0.017384197096824563
6.57525	0.018100446033793117
6.58	0.01850908292873444
6.58475	0.018588378632055785
6.5895	0.01833407922467742
6.59425	0.01775978409574752
6.599	0.01689574104029232
6.60375	0.015786206946864972
6.6085	0.014485694565128026
6.61325	0.01305454802503014
6.617999999999999	0.011554345277501534
6.62275	0.010043609691956664
6.6274999999999995	0.008574233323521627
6.63225	0.007188888576521014
6.637	0.005919556796984783
6.64175	0.0047871563953228455
6.6465	0.0038021305501957647
6.65125	0.0029657696604966422
6.656	0.002272002453443843
6.66075	0.0017093899982774826
6.6655	0.001263090607524008
6.67025	0.0009166189624743615
6.675	0.0006532872071096635
6.679749999999999	0.00045727815486055324
6.6845	0.0003143530947508174
6.6892499999999995	0.00021223451363971252
6.694	0.0001407262986657148
6.6987499999999995	9.164219958031042e-05
6.7035	5.8610675731066035e-05
6.70825	3.681450259150118e-05
6.713	2.2710261247890936e-05
6.71775	1.3758982171864898e-05
6.7225	8.186748902886744e-06
6.72725	4.784071009692479e-06
6.732	2.745647305420026e-06
6.73675	1.5475791320811213e-06
6.7415	8.566865839375087e-07
6.74625	4.65749128676525e-07
6.7509999999999994	2.486812954477106e-07
6.75575	1.304052798973791e-07
6.7604999999999995	6.715961762389238e-08
6.76525	3.396895905662539e-08
6.77	1.6873969001478833e-08
6.77475	8.232149331082916e-09
6.7795	3.944302524065477e-09
6.78425	1.8560436245294739e-09
6.789	8.577626398345657e-10
6.79375	3.893203076047209e-10
6.7985	1.735433488859845e-10
6.80325	7.59748540423922e-11
6.808	3.266575945189321e-11
6.812749999999999	1.3793568299049637e-11
6.8175	5.7203352983399725e-12
6.8222499999999995	2.3298466613540324e-12
6.827	9.319535711099638e-13
6.8317499999999995	3.661196250365172e-13
6.8365	1.412600215986773e-13
6.84125	5.3533961842024274e-14
6.846	1.9944699278796925e-14
6.85075	7.355597339987522e-15
6.8555	2.8319575974420018e-15
6.86025	1.5444367727012697e-15
6.865	2.0627453157780585e-15
6.86975	4.9005025550645834e-15
6.8745	1.2969490309891512e-14
6.87925	3.429311915423321e-14
6.8839999999999995	8.924506840621688e-14
6.88875	2.2815919195544317e-13
6.8934999999999995	5.728843977111288e-13
6.89825	1.412728714931087e-12
6.903	3.4214622625205215e-12
6.90775	8.138151070765679e-12
6.9125	1.9010814699378754e-11
6.91725	4.361508216728311e-11
6.922	9.827287143385261e-11
6.92675	2.1746610771465932e-10
6.9315	4.726182649412648e-10
6.93625	1.0087659305103736e-09
6.941	2.1146149365054817e-09
6.945749999999999	4.353446075785302e-09
6.9505	8.80229719940587e-09
6.9552499999999995	1.747913235938554e-08
6.96	3.408824940941764e-08
6.9647499999999996	6.529057766276315e-08
6.9695	1.2281666718985226e-07
6.97425	2.2689508563041813e-07
6.979	4.1167439471499484e-07
6.98375	7.335734528626732e-07
6.9885	1.2837910441488809e-06
6.99325	2.2065108209124915e-06
6.998	3.7245925147064704e-06
7.00275	6.174651562661534e-06
7.007499999999999	1.0053264964373928e-05
7.01225	1.607543698390003e-05
7.0169999999999995	2.5245235726583838e-05
7.02175	3.8936513230147855e-05
7.0264999999999995	5.897876440762694e-05
7.03125	8.773952252764001e-05
7.036	0.00012819050192874429
7.04075	0.00018394052171860907
7.0455	0.00025921490166643397
7.05025	0.000358759573998889
7.055	0.0004876497651500609
7.05975	0.0006509888104569355
7.0645	0.0008534930965683933
7.06925	0.001098974173164994
7.074	0.0013897476374118004
7.078749999999999	0.0017260182649380183
7.0835	0.0021053088423756867
7.0882499999999995	0.00252201245189569
7.093	0.0029671508269224103
7.09775	0.003428411981586065
7.1025	0.0038905174713630246
7.10725	0.004335934573302491
7.112	0.004745905160808231
7.11675	0.005101717128068708
7.1215	0.005386103306900354
7.12625	0.005584624378485367
7.131	0.005686882317373232
7.13575	0.00568742259685625
7.140499999999999	0.005586216223260366
7.14525	0.005388662313687123
7.1499999999999995	0.005105110898262448
7.15475	0.004749964644902864
7.1594999999999995	0.004340467993231024
7.16425	0.003895325228619177
7.169	0.0034333009512234622
7.17375	0.0029719466470902833
7.1785	0.0025265687952342386
7.18325	0.002109513125894597
7.188	0.0017297937380492607
7.19275	0.0013930522106780784
7.1975	0.0011017966602113111
7.20225	0.000855847712042951
7.207	0.0006529087982981478
7.211749999999999	0.000489180946035803
7.2165	0.00035995443493791576
7.2212499999999995	0.0002601276452528963
7.226	0.00018462328539025063
7.23075	0.00012869077758813672
7.2355	8.809867153958831e-05
7.24025	5.923143833117062e-05
7.245	3.911075346356687e-05
7.24975	2.5363026243620908e-05
7.2545	1.6153511458775444e-05
7.25925	1.010401079890304e-05
7.264	6.206998549989719e-06
7.26875	3.744815888542051e-06
7.273499999999999	2.2189130388105408e-06
7.27825	1.2912522111008704e-06
7.2829999999999995	7.379770546115311e-07
7.28775	4.142243489835504e-07
7.2924999999999995	2.2834387874328928e-07
7.29725	1.2362437481288294e-07
7.302	6.573245115219586e-08
7.30675	3.432547304125836e-08
7.3115	1.760411590258221e-08
7.31625	8.866922080754213e-09
7.321	4.386241599854731e-09
7.32575	2.1309496657101453e-09
7.3305	1.0167514915729506e-09
7.33525	4.764501076742209e-10
7.34	2.1927091317956024e-10
7.3447499999999994	9.910729109990196e-11
7.3495	4.399376906745058e-11
7.3542499999999995	1.9179519399943538e-11
7.359	8.211930302015218e-12
7.36375	3.453136718644712e-12
7.3685	1.4260779897799902e-12
7.37325	5.784072994104269e-13
7.378	2.304014657973183e-13
7.38275	9.01358783081215e-14
7.3875	3.4631486779357836e-14
7.39225	1.306789280403131e-14
7.397	4.842849517483864e-15
7.40175	1.7626146280290872e-15
7.406499999999999	6.300496146839751e-16
7.41125	2.2118369818351997e-16
7.4159999999999995	7.625923857224854e-17
7.42075	2.5822173730966154e-17
7.4254999999999995	8.587250212174667e-18
7.43025	2.804635460018156e-18
7.435	8.996212565831034e-19
7.43975	2.834026983993503e-19
7.4445	8.768175585637618e-20
7.44925	2.6642531001772197e-20
7.454	7.950651291210414e-21
7.45875	2.3301877616576178e-21
7.4635	6.707182329656382e-22
7.468249999999999	1.8960522125672704e-22
7.473	5.2640675938705424e-23
7.4777499999999995	1.4353360955596376e-23
7.4825	3.843675720797834e-24
7.4872499999999995	1.0108829205215424e-24
7.492	2.6110546513972067e-25
7.49675	6.623568769450147e-26
7.5015	1.6501716524887061e-26
7.50625	4.0376361897114775e-27
7.511	9.702559874607743e-28
7.51575	2.2898578342493386e-28
7.5205	5.308035476051163e-29
7.52525	1.2108262484329396e-29
7.53	2.822516928353087e-30
7.53475	1.1392849937543546e-30
7.539499999999999	2.5402484865383976e-30
7.54425	1.0490466120371514e-29
7.5489999999999995	4.4577674181251476e-29
7.55375	1.8647327847023298e-28
7.5584999999999996	7.661723008398852e-28
7.56325	3.0917167362094516e-27
7.568	1.225276346711007e-26
7.57275	4.769022737253349e-26
7.5775	1.822996022765195e-25
7.58225	6.843890209193488e-25
7.587	2.5233722995014478e-24
7.59175	9.137357418877048e-24
7.5965	3.2495324615443316e-23
7.601249999999999	1.1349641164971598e-22
7.606	3.89317895124728e-22
7.6107499999999995	1.3115582603453762e-21
7.6155	4.339421056171816e-21
7.6202499999999995	1.410058015128091e-20
7.625	4.4999030361624403e-20
7.62975	1.4103610790385102e-19
7.6345	4.341286601035589e-19
7.63925	1.3124041221652928e-18
7.644	3.8965270758408894e-18
7.64875	1.1361843306622175e-17
7.6535	3.253725247894586e-17
7.65825	9.151113538165421e-17
7.663	2.527714354072393e-16
7.66775	6.857140218495199e-16
7.672499999999999	1.8269179817097547e-15
7.67725	4.7803099335571606e-15
7.6819999999999995	1.2284402694312513e-14
7.68675	3.100366378339251e-14
7.6915	7.684807217145546e-14
7.69625	1.8707421019141713e-13
7.701	4.4725566298073716e-13
7.70575	1.0501679514347916e-12
7.7105	2.421712913199408e-12
7.71525	5.48463258027545e-12
7.72	1.21992576958694e-11
7.72475	2.664895946580491e-11
7.7295	5.717261960891121e-11
7.734249999999999	1.2046389794671127e-10
7.739	2.492795871352245e-10
7.7437499999999995	5.066143722941808e-10
7.7485	1.0111818846909858e-09
7.7532499999999995	1.9821752081104315e-09
7.758	3.816065183018223e-09
7.76275	7.215235558846859e-09
7.7675	1.3398193018770375e-08
7.77225	2.4434470525304122e-08
7.777	4.3764364174478574e-08
7.78175	7.69837927949805e-08
7.7865	1.329961220148411e-07
7.79125	2.2565224046414604e-07
7.795999999999999	3.760116739605933e-07
7.80075	6.153525812423259e-07
7.805499999999999	9.890261277785275e-07
7.81025	1.5611785503969115e-06
7.8149999999999995	2.4202404304806104e-06
7.81975	3.6848995671164936e-06
7.8245	5.510032236327492e-06
7.82925	8.091782008417041e-06
7.834	1.1670678208163207e-05
7.83875	1.6531430401222405e-05
7.8435	2.299789241363075e-05
7.84825	3.142174206258234e-05
7.853	4.2163751497832275e-05
7.85775	5.556718729337483e-05
7.8625	7.192389639750395e-05
7.867249999999999	9.14349599096132e-05
7.872	0.00011416931626327459
7.8767499999999995	0.00014002528644915539
7.8815	0.000168701249113886
7.8862499999999995	0.0001996825800805034
7.891	0.0002322522019312203
7.89575	0.0002655315933700624
7.9005	0.0002985579232600321
7.90525	0.0003304012697157255
7.91	0.00036032391921723495
7.91475	0.0003879817775002877
7.9195	0.00041366611476873416
7.92425	0.0004385821352862279
7.928999999999999	0.0004651588191471888
7.93375	0.0004973814372946191
7.9384999999999994	0.0005411332044340248
7.94325	0.0006045248813984198
7.9479999999999995	0.0006981803603290165
7.95275	0.0008354327841958927
7.9575	0.0010323711792178366
7.96225	0.0013076649006263448
7.967	0.001682086640907977
7.97175	0.002177659269307749
7.9765	0.002816372057865302
7.98125	0.00361845105521406
7.986	0.00460022669624708
7.99075	0.005771715249054347
7.9955	0.007134110762013646
8.00025	0.008677457848436003
8.004999999999999	0.010378827287118605
8.00975	0.01220133037389056
8.0145	0.014094272025914775
8.01925	0.015994651563608697
8.024000000000001	0.017830078269480264
8.028749999999999	0.01952299132643083
8.0335	0.020995885113537567
8.03825	0.02217707152185199
8.043	0.023006391840259616
8.04775	0.023440246951202
8.0525	0.02345535970280253
8.05725	0.023050815868793883
8.062	0.022248132721723487
8.066749999999999	0.021089346432463168
8.0715	0.019633353204466974
8.07625	0.017950945893024848
8.081	0.016119126529074816
8.08575	0.014215327142715901
8.090499999999999	0.012312133770901092
8.09525	0.01047299405539794
8.1	0.008749221744338972
8.10475	0.007178422343468558
8.1095	0.005784283811987136
8.11425	0.004577529780710965
8.119	0.003557736303642789
8.123750000000001	0.0027156720463328466
8.128499999999999	0.0020358317170399293
8.13325	0.0014988819057160084
8.138	0.0010838119706987083
8.14275	0.0007696644996792576
8.1475	0.0005367968423665585
8.152249999999999	0.0003676879814892785
8.157	0.0002473488532173233
8.16175	0.00016341854997498003
8.1665	0.00010603611044005954
8.17125	6.757206786820973e-05
8.176	4.229038267732259e-05
8.18075	2.5994232857785468e-05
8.185500000000001	1.5691822239866332e-05
8.190249999999999	9.30316532875199e-06
8.195	5.416878354435022e-06
8.19975	3.097621937440964e-06
8.2045	1.7396774111479796e-06
8.20925	9.595553299026105e-07
8.213999999999999	5.197952474823861e-07
8.21875	2.7653848002367833e-07
8.2235	1.4449067629403675e-07
8.22825	7.414554554575075e-08
8.233	3.7367265260797025e-08
8.23775	1.8495185436327745e-08
8.2425	8.9905831503358e-09
8.247250000000001	4.292227373183108e-09
8.251999999999999	2.0126384569205794e-09
8.25675	9.271866732817639e-10
8.2615	4.2037681322461644e-10
8.26625	1.8944370467460398e-10
8.271	8.95329951974469e-11
8.275749999999999	5.5452750927592427e-11
8.2805	6.495744654707853e-11
8.28525	1.2637982190351824e-10
8.29	2.8505109979818644e-10
8.29475	6.527771946749159e-10
8.2995	1.4768408810383956e-09
8.30425	3.2848000365657014e-09
8.309000000000001	7.1766572418122704e-09
8.313749999999999	1.53996118361211e-08
8.3185	3.2453431884433477e-08
8.32325	6.716961620146846e-08
8.328	1.365356799945081e-07
8.33275	2.725715004497722e-07
8.337499999999999	5.344114060601771e-07
8.34225	1.0290393390779805e-06
8.347	1.9460286117117976e-06
8.35175	3.6143270612452606e-06
8.3565	6.592750831181241e-06
8.36125	1.1810461263589023e-05
8.366	2.0779162599723615e-05
8.370750000000001	3.5904609532369945e-05
8.375499999999999	6.093030600472252e-05
8.38025	0.00010154943116476206
8.385	0.00016621974640782991
8.38975	0.00026720754712233885
8.3945	0.0004218672480570394
8.399249999999999	0.0006541297239701096
8.404	0.0009961229427689884
8.40875	0.001489782904255407
8.413499999999999	0.0021882352728412125
8.41825	0.003156647060576222
8.423	0.004472177415124796
8.42775	0.006222616064647179
8.432500000000001	0.008503309218035828
8.437249999999999	0.01141205676512415
8.442	0.01504183633032717
8.44675	0.019471471756236147
8.4515	0.024754700928889144
8.45625	0.030908474671046196
8.460999999999999	0.03790167883327425
8.46575	0.0456457456392024
8.4705	0.05398873466575504
8.475249999999999	0.06271435742685542
8.48	0.07154705946256469
8.48475	0.08016366902025421
8.4895	0.0882113295313534
8.494250000000001	0.09533055777692466
8.498999999999999	0.10118144674633721
8.50375	0.10547040660992116
8.5085	0.10797453448331876
8.51325	0.1085608024755789
8.518	0.10719776585340862
8.52275	0.10395835720863118
8.5275	0.09901342108880232
8.53225	0.09261678673888286
8.536999999999999	0.08508369401282874
8.54175	0.07676512285395665
8.5465	0.06802092697748778
8.55125	0.0591946050899396
8.556	0.05059209847604746
8.56075	0.04246628247373895
8.5655	0.035007958014941415
8.57025	0.028343292540794037
8.575	0.02253693248969119
8.57975	0.017599498503164977
8.5845	0.013497917408401328
8.58925	0.010167032800897516
8.594	0.007521122590708796
8.598749999999999	0.005464269301140591
8.6035	0.0038989036861394916
8.60825	0.0027322089125289967
8.613	0.0018803828646171948
8.61775	0.001270982733954136
8.6225	0.0008437115632495616
8.62725	0.0005500590777131445
8.632	0.0003521970029386319
8.63675	0.0002214741074982834
8.6415	0.00013677957472591745
8.64625	8.296225011814605e-05
8.651	4.941977691474425e-05
8.65575	2.8912258839659183e-05
8.660499999999999	1.6612089052412328e-05
8.66525	9.3740542473205e-06
8.67	5.195073052243935e-06
8.67475	2.827592623274404e-06
8.679499999999999	1.5114820907124444e-06
8.68425	7.935058921541808e-07
8.689	4.091271408105556e-07
8.69375	2.071702596269179e-07
8.6985	1.0302853260641796e-07
8.70325	5.032092353504769e-08
8.708	2.413796628571469e-08
8.71275	1.1371394703601777e-08
8.7175	5.261235922815955e-09
8.722249999999999	2.3906874617068706e-09
8.727	1.0668879635674757e-09
8.73175	4.67601409745195e-10
8.7365	2.0127683407853875e-10
8.741249999999999	8.508887040242798e-11
8.746	3.5327483995634274e-11
8.75075	1.4405012617484873e-11
8.7555	5.768668229570823e-12
8.76025	2.2688117685018817e-12
8.765	8.763596126561544e-13
8.76975	3.3245068171596683e-13
8.7745	1.238605732153089e-13
8.77925	4.532104632709452e-14
8.783999999999999	1.6286499668392822e-14
8.78875	5.7479974433562584e-15
8.7935	1.992353340951892e-15
8.79825	6.782302298917713e-16
8.802999999999999	2.2675084201851523e-16
8.80775	7.445290682896814e-17
8.8125	2.4009073044071075e-17
8.81725	7.603789963573343e-18
8.822	2.3650798921533034e-18
8.82675	7.224744683168811e-19
8.8315	2.1675053444805227e-19
8.83625	6.386439972916792e-20
8.841	1.848070253386579e-20
8.84575	5.252173975128686e-21
8.8505	1.4659552553254e-21
8.85525	4.0184938746696205e-22
8.86	1.0818496059205206e-22
8.864749999999999	2.8604308701435907e-23
8.8695	7.427745349380672e-24
8.87425	1.894277236755423e-24
8.879	4.744506646751323e-25
8.88375	1.1670771413248976e-25
8.8885	2.819480213093533e-26
8.89325	6.689590351842236e-27
8.898	1.5588020963918522e-27
8.90275	3.5673311256189104e-28
8.9075	8.017830109395697e-29
8.91225	1.7698288116826213e-29
8.917	3.836777871274885e-30
8.92175	8.168889792614915e-31
8.926499999999999	1.7081279616641111e-31
8.93125	3.5078317480564094e-32
8.936	7.074865183510208e-33
8.94075	1.4013956646051174e-33
8.9455	2.7266365386856892e-34
8.95025	5.231748197351364e-35
8.955	1.1013226852017877e-35
8.95975	8.326281806755131e-36
8.9645	3.405365548189619e-35
8.96925	1.7127191558293836e-34
8.974	8.536070343916508e-34
8.97875	4.179531786343518e-33
8.9835	2.0098472698903858e-32
8.988249999999999	9.492041588927995e-32
8.993	4.4026807930911925e-31
8.99775	2.0055604212336704e-30
9.0025	8.972537590360797e-30
9.007249999999999	3.942355709859341e-29
9.012	1.7012075927340354e-28
9.01675	7.209743301561536e-28
9.0215	3.0008430160897555e-27
9.02625	1.2266699762789593e-26
9.031	4.924625157439596e-26
9.03575	1.9416887198247538e-25
9.0405	7.518773818143247e-25
9.04525	2.859403325374343e-24
9.049999999999999	1.0679841318191282e-23
9.05475	3.917555579270126e-23
9.0595	1.4113233207238167e-22
9.06425	4.993428707737218e-22
9.068999999999999	1.735130621257431e-21
9.07375	5.921428358651938e-21
9.0785	1.984640131201802e-20
9.08325	6.532780153483252e-20
9.088	2.1119094916730257e-19
9.09275	6.705227932778781e-19
9.0975	2.090801358505698e-18
9.10225	6.402844966509615e-18
9.107	1.925724623337088e-17
9.111749999999999	5.68821974371558e-17
9.1165	1.6501352126611184e-16
9.12125	4.701361894935929e-16
9.126	1.315493839698827e-15
9.130749999999999	3.615055248529756e-15
9.1355	9.75667960979737e-15
9.14025	2.5861286962280384e-14
9.145	6.732234071034117e-14
9.14975	1.7211917910275468e-13
9.1545	4.321756654719942e-13
9.15925	1.0657426282145452e-12
9.164	2.5811030843840637e-12
9.16875	6.139306940487437e-12
9.1735	1.4341491788557316e-11
9.17825	3.290260584487291e-11
9.183	7.413567494116383e-11
9.18775	1.6405337950399343e-10
9.192499999999999	3.5653658583287113e-10
9.19725	7.609988598588051e-10
9.202	1.5952358292938233e-09
9.20675	3.2841786185753143e-09
9.2115	6.640329466218463e-09
9.21625	1.3186012130767855e-08
9.221	2.571569692289716e-08
9.22575	4.925429542980965e-08
9.2305	9.265116998532713e-08
9.23525	1.7116646810719585e-07
9.24	3.105613854867847e-07
9.24475	5.533975170718991e-07
9.2495	9.684739455859979e-07
9.254249999999999	1.6645607947234585e-06
9.259	2.8097803181121706e-06
9.26375	4.658070477095978e-06
9.2685	7.584041990668724e-06
9.273249999999999	1.2127084040485989e-05
9.278	1.9044651513040077e-05
9.28275	2.93731591034472e-05
9.2875	4.449275209698508e-05
9.29225	6.618946436295649e-05
9.297	9.670511549011877e-05
9.30175	0.00013876214796317043
9.3065	0.00019554808371328696
9.31125	0.00027064318740267063
9.315999999999999	0.00036787613862197577
9.32075	0.0004910968219236789
9.3255	0.0006438632132007494
9.33025	0.00082905069203675
9.334999999999999	0.0010484061124334634
9.33975	0.0013020839542515887
9.3445	0.0015882154424939952
9.34925	0.0019025707970441777
9.354	0.002238376939608134
9.35875	0.002586345880845759
9.3635	0.002934951776642346
9.36825	0.0032709681868773786
9.373	0.00358024424411849
9.377749999999999	0.003848663798367622
9.3825	0.004063200740293284
9.38725	0.004212962250436351
9.392	0.004290104204334192
9.396749999999999	0.004290511783593311
9.4015	0.004214163115792865
9.40625	0.004065131219097269
9.411	0.0038512240109698716
9.41575	0.003583306661944266
9.4205	0.0032743881352443353
9.42525	0.0029385786812389635
9.43	0.002590034050922897
9.43475	0.0022419948390330203
9.439499999999999	0.0019060080385100396
9.44425	0.0015913870949730605
9.449	0.0013049321181774617
9.45375	0.001050899036125568
9.458499999999999	0.0008311799366506383
9.46325	0.0006456395020674579
9.468	0.0004925452338038403
9.47275	0.0003690312399919009
9.4775	0.00027154457372509437
9.48225	0.0001962366446644411
9.487	0.00013927721529439043
9.49175	9.70825164261316e-05
9.4965	6.64604013368824e-05
9.50125	4.468336575859561e-05
9.506	2.950460349005689e-05
9.51075	1.9133511025887874e-05
9.5155	1.2185982328549896e-05
9.520249999999999	7.622323936014574e-06
9.525	4.682472590342689e-06
9.52975	2.825036547496364e-06
9.5345	1.6739168538393627e-06
9.53925	9.74102545216446e-07
9.544	5.56719532426124e-07
9.54875	3.124850351980826e-07
9.5535	1.7225941729754985e-07
9.55825	9.326049327989415e-08
9.563	4.9587638588486745e-08
9.56775	2.5894655101296945e-08
9.5725	1.3280297961595407e-08
9.57725	6.689081569691775e-09
9.581999999999999	3.3089191016447973e-09
9.58675	1.6075585197460326e-09
9.5915	7.67023055046152e-10
9.59625	3.5942727421037766e-10
9.600999999999999	1.6541489941616118e-10
9.60575	7.476514942622583e-11
9.6105	3.3188281928094696e-11
9.61525	1.4468760249160477e-11
9.62	6.194964964968759e-12
9.62475	2.6049978764730082e-12
9.6295	1.0758132237737834e-12
9.63425	4.363423600649327e-13
9.639	1.7381166939722786e-13
9.643749999999999	6.799736155680252e-14
9.6485	2.612588684265854e-14
9.65325	9.859411952035515e-15
9.658	3.6569651469024596e-15
9.662749999999999	1.3404302223866842e-15
9.6675	5.068696949045491e-16
9.67225	2.5800492059939427e-16
9.677	3.1598324338200454e-16
9.68175	7.392371767811598e-16
9.6865	1.9750409944931723e-15
9.69125	5.289897272893763e-15
9.696	1.3950180272809879e-14
9.70075	3.614160505518179e-14
9.705499999999999	9.196283243031731e-14
9.71025	2.2981597231501866e-13
9.715	5.640392219047416e-13
9.71975	1.3595632427612756e-12
9.724499999999999	3.2184777586165867e-12
9.72925	7.48277342394836e-12
9.734	1.7085813543573916e-11
9.73875	3.831507806407061e-11
9.7435	8.438490221134048e-11
9.74825	1.8252433413294133e-10
9.753	3.877374757965743e-10
9.75775	8.089389913956145e-10
9.7625	1.6575046075056705e-09
9.76725	3.33545206820557e-09
9.772	6.591976468310964e-09
9.77675	1.279492007314235e-08
9.7815	2.4390488064355726e-08
9.786249999999999	4.566299456156514e-08
9.791	8.395938943787937e-08
9.79575	1.516125453672244e-07
9.8005	2.688821616558659e-07
9.80525	4.68327680474783e-07
9.81	8.011219822014962e-07
9.81475	1.3458865540237737e-06
9.8195	2.22064555440234e-06
9.82425	3.5984131041777438e-06
9.829	5.726691382992207e-06
9.83375	8.95071076201868e-06
9.8385	1.3739541876054636e-05
9.84325	2.0713236573033163e-05
9.847999999999999	3.0667944128705754e-05
9.85275	4.459460751070172e-05
9.8575	6.368556602476647e-05
9.86225	8.932245784441911e-05
9.866999999999999	0.00012303857743535255
9.87175	0.000166449663748577
9.8765	0.00022114927895706314
9.88125	0.0002885686301763512
9.886	0.00036980577814469523
9.89075	0.0004654352288629605
9.8955	0.0005753151305976037
9.90025	0.0006984146242013324
9.905	0.0008326871021118645
9.909749999999999	0.0009750150861809274
9.9145	0.0011212483523369572
9.91925	0.0012663486299279306
9.924	0.001404642279320091
9.928749999999999	0.001530168201376548
9.9335	0.0016370939116756536
9.93825	0.001720160610910353
9.943	0.001775110482943462
9.94775	0.0017990480518124937
9.9525	0.0017906929447302857
9.95725	0.0017504933542210467
9.962	0.0016805862063474788
9.96675	0.0015846089614979023
9.971499999999999	0.001467386114946365
9.97625	0.0013345279914840035
9.981	0.0011919881947991457
9.98575	0.0010456280031890316
9.990499999999999	0.0009008312461400835
9.99525	0.0007622030148457481
