0.5	0.0
0.50475	0.0
0.5095	0.0
0.51425	0.0
0.519	0.0
0.52375	0.0
0.5285	0.0
0.53325	0.0
0.538	0.0
0.54275	0.0
0.5475	0.0
0.55225	0.0
0.5569999999999999	0.0
0.56175	0.0
0.5665	0.0
0.57125	0.0
0.576	0.0
0.58075	0.0
0.5855	0.0
0.5902499999999999	0.0
0.595	0.0
0.59975	0.0
0.6045	0.0
0.60925	0.0
0.614	0.0
0.61875	0.0
0.6234999999999999	0.0
0.62825	0.0
0.633	0.0
0.63775	0.0
0.6425	0.0
0.64725	0.0
0.652	0.0
0.65675	0.0
0.6615	0.0
0.66625	0.0
0.671	0.0
0.67575	0.0
0.6805	0.0
0.68525	0.0
0.69	0.0
0.69475	0.0
0.6995	0.0
0.70425	0.0
0.709	0.0
0.71375	0.0
0.7185	0.0
0.72325	0.0
0.728	0.0
0.73275	0.0
0.7375	0.0
0.74225	0.0
0.747	0.0
0.7517499999999999	0.0
0.7565	0.0
0.76125	0.0
0.766	0.0
0.77075	0.0
0.7755	0.0
0.78025	0.0
0.7849999999999999	0.0
0.78975	0.0
0.7945	0.0
0.79925	0.0
0.804	0.0
0.80875	0.0
0.8135	0.0
0.8182499999999999	0.0
0.823	0.0
0.82775	0.0
0.8325	0.0
0.83725	0.0
0.842	0.0
0.84675	0.0
0.8514999999999999	0.0
0.85625	0.0
0.861	0.0
0.86575	0.0
0.8705	0.0
0.87525	0.0
0.88	0.0
0.8847499999999999	0.0
0.8895	0.0
0.89425	0.0
0.899	0.0
0.90375	0.0
0.9085	0.0
0.91325	0.0
0.9179999999999999	0.0
0.92275	0.0
0.9275	0.0
0.93225	0.0
0.937	0.0
0.94175	0.0
0.9465	0.0
0.9512499999999999	0.0
0.956	0.0
0.96075	0.0
0.9655	0.0
0.9702500000000001	0.0
0.975	0.0
0.97975	0.0
0.9844999999999999	0.0
0.98925	0.0
0.994	0.0
0.99875	0.0
1.0034999999999998	0.0
1.0082499999999999	0.0
1.013	0.0
1.01775	0.0
1.0225	0.0
1.02725	0.0
1.032	0.0
1.03675	0.0
1.0415	0.0
1.0462500000000001	0.0
1.051	0.0
1.05575	0.0
1.0605	0.0
1.06525	0.0
1.0699999999999998	0.0
1.0747499999999999	0.0
1.0795	0.0
1.08425	0.0
1.089	0.0
1.09375	0.0
1.0985	0.0
1.10325	0.0
1.108	0.0
1.1127500000000001	0.0
1.1175	0.0
1.12225	0.0
1.127	0.0
1.13175	0.0
1.1364999999999998	0.0
1.1412499999999999	0.0
1.146	0.0
1.15075	0.0
1.1555	0.0
1.16025	0.0
1.165	0.0
1.16975	0.0
1.1745	0.0
1.1792500000000001	0.0
1.184	0.0
1.18875	0.0
1.1935	0.0
1.19825	0.0
1.2029999999999998	0.0
1.2077499999999999	0.0
1.2125	0.0
1.21725	0.0
1.222	0.0
1.22675	0.0
1.2315	0.0
1.23625	0.0
1.241	0.0
1.2457500000000001	0.0
1.2505	0.0
1.25525	0.0
1.26	0.0
1.2647499999999998	0.0
1.2694999999999999	0.0
1.2742499999999999	0.0
1.279	0.0
1.28375	0.0
1.2885	0.0
1.29325	0.0
1.298	0.0
1.30275	0.0
1.3075	0.0
1.3122500000000001	0.0
1.317	0.0
1.32175	0.0
1.3265	0.0
1.3312499999999998	0.0
1.3359999999999999	0.0
1.3407499999999999	0.0
1.3455	0.0
1.35025	0.0
1.355	0.0
1.35975	0.0
1.3645	0.0
1.36925	0.0
1.374	0.0
1.3787500000000001	0.0
1.3835	0.0
1.38825	0.0
1.393	0.0
1.3977499999999998	0.0
1.4024999999999999	0.0
1.40725	0.0
1.412	0.0
1.41675	0.0
1.4215	0.0
1.42625	0.0
1.431	0.0
1.43575	0.0
1.4405000000000001	0.0
1.44525	0.0
1.45	0.0
1.45475	0.0
1.4595	0.0
1.4642499999999998	0.0
1.4689999999999999	0.0
1.47375	0.0
1.4785	0.0
1.48325	0.0
1.488	0.0
1.49275	0.0
1.4975	0.0
1.50225	0.0
1.507	0.0
1.51175	0.0
1.5165	0.0
1.52125	0.0
1.526	0.0
1.53075	0.0
1.5354999999999999	0.0
1.54025	0.0
1.545	0.0
1.54975	0.0
1.5545	0.0
1.55925	0.0
1.564	0.0
1.5687499999999999	0.0
1.5735	0.0
1.57825	0.0
1.583	0.0
1.58775	0.0
1.5925	0.0
1.59725	0.0
1.6019999999999999	0.0
1.60675	0.0
1.6115	0.0
1.61625	0.0
1.621	0.0
1.62575	0.0
1.6305	0.0
1.6352499999999999	0.0
1.64	0.0
1.64475	0.0
1.6495	0.0
1.65425	0.0
1.659	0.0
1.66375	0.0
1.6684999999999999	0.0
1.67325	0.0
1.678	0.0
1.68275	0.0
1.6875	0.0
1.69225	0.0
1.697	0.0
1.7017499999999999	0.0
1.7065	0.0
1.71125	0.0
1.716	0.0
1.72075	0.0
1.7255	0.0
1.73025	0.0
1.7349999999999999	0.0
1.73975	0.0
1.7445	0.0
1.74925	0.0
1.754	0.0
1.75875	0.0
1.7635	0.0
1.7682499999999999	0.0
1.773	0.0
1.77775	0.0
1.7825	0.0
1.78725	0.0
1.792	0.0
1.79675	0.0
1.8014999999999999	0.0
1.80625	0.0
1.811	0.0
1.81575	0.0
1.8205	0.0
1.82525	0.0
1.83	0.0
1.8347499999999999	0.0
1.8395	0.0
1.84425	0.0
1.849	0.0
1.85375	0.0
1.8585	0.0
1.86325	0.0
1.8679999999999999	0.0
1.87275	0.0
1.8775	0.0
1.88225	0.0
1.887	0.0
1.89175	0.0
1.8965	0.0
1.9012499999999999	0.0
1.906	0.0
1.91075	0.0
1.9155	0.0
1.92025	0.0
1.925	0.0
1.9297499999999999	0.0
1.9344999999999999	0.0
1.93925	0.0
1.944	0.0
1.94875	0.0
1.9535	0.0
1.95825	0.0
1.9629999999999999	0.0
1.9677499999999999	0.0
1.9725	0.0
1.97725	0.0
1.982	0.0
1.98675	0.0
1.9915	0.0
1.9962499999999999	0.0
2.001	0.0
2.00575	0.0
2.0105	0.0
2.01525	0.0
2.02	0.0
2.02475	0.0
2.0294999999999996	0.0
2.03425	0.0
2.0389999999999997	0.0
2.04375	0.0
2.0484999999999998	0.0
2.0532500000000002	0.0
2.058	0.0
2.06275	0.0
2.0675	0.0
2.07225	0.0
2.077	0.0
2.08175	0.0
2.0865	0.0
2.09125	0.0
2.096	0.0
2.1007499999999997	0.0
2.1055	0.0
2.1102499999999997	0.0
2.115	0.0
2.11975	0.0
2.1245000000000003	0.0
2.12925	0.0
2.134	0.0
2.13875	0.0
2.1435	0.0
2.14825	0.0
2.153	0.0
2.15775	0.0
2.1624999999999996	0.0
2.16725	0.0
2.1719999999999997	0.0
2.17675	0.0
2.1814999999999998	0.0
2.1862500000000002	0.0
2.191	0.0
2.19575	0.0
2.2005	0.0
2.20525	0.0
2.21	0.0
2.21475	0.0
2.2195	0.0
2.22425	0.0
2.229	0.0
2.2337499999999997	0.0
2.2385	0.0
2.2432499999999997	0.0
2.248	0.0
2.25275	0.0
2.2575000000000003	0.0
2.26225	0.0
2.267	0.0
2.27175	0.0
2.2765	0.0
2.28125	0.0
2.286	0.0
2.29075	0.0
2.2954999999999997	0.0
2.30025	0.0
2.3049999999999997	0.0
2.30975	0.0
2.3145	0.0
2.3192500000000003	0.0
2.324	0.0
2.32875	0.0
2.3335	0.0
2.33825	0.0
2.343	0.0
2.34775	0.0
2.3525	0.0
2.3572499999999996	0.0
2.362	0.0
2.3667499999999997	0.0
2.3715	0.0
2.3762499999999998	0.0
2.3810000000000002	0.0
2.38575	0.0
2.3905	0.0
2.39525	0.0
2.4	0.0
2.40475	0.0
2.4095	0.0
2.41425	0.0
2.419	0.0
2.42375	0.0
2.4284999999999997	0.0
2.43325	0.0
2.4379999999999997	0.0
2.44275	0.0
2.4475	0.0
2.4522500000000003	0.0
2.457	0.0
2.46175	0.0
2.4665	0.0
2.47125	0.0
2.476	0.0
2.48075	0.0
2.4855	0.0
2.4902499999999996	0.0
2.495	0.0
2.4997499999999997	0.0
2.5045	0.0
2.5092499999999998	0.0
2.514	0.0
2.51875	0.0
2.5235	0.0
2.52825	0.0
2.533	0.0
2.53775	0.0
2.5425	0.0
2.54725	0.0
2.552	0.0
2.55675	0.0
2.5615	0.0
2.56625	0.0
2.5709999999999997	0.0
2.5757499999999998	0.0
2.5805	0.0
2.58525	0.0
2.59	0.0
2.59475	0.0
2.5995	0.0
2.60425	0.0
2.609	0.0
2.61375	0.0
2.6185	0.0
2.62325	0.0
2.628	0.0
2.63275	0.0
2.6374999999999997	0.0
2.6422499999999998	0.0
2.647	0.0
2.65175	0.0
2.6565	0.0
2.66125	0.0
2.666	0.0
2.67075	0.0
2.6755	0.0
2.68025	0.0
2.685	0.0
2.68975	0.0
2.6945	0.0
2.69925	0.0
2.7039999999999997	0.0
2.7087499999999998	0.0
2.7135	0.0
2.71825	0.0
2.723	0.0
2.72775	0.0
2.7325	0.0
2.73725	0.0
2.742	0.0
2.74675	0.0
2.7515	0.0
2.75625	0.0
2.761	0.0
2.76575	0.0
2.7704999999999997	0.0
2.7752499999999998	0.0
2.78	0.0
2.78475	0.0
2.7895	0.0
2.79425	0.0
2.799	0.0
2.80375	0.0
2.8085	0.0
2.81325	0.0
2.818	0.0
2.82275	0.0
2.8275	0.0
2.83225	0.0
2.8369999999999997	0.0
2.8417499999999998	0.0
2.8465	0.0
2.85125	0.0
2.856	0.0
2.86075	0.0
2.8655	0.0
2.87025	0.0
2.875	0.0
2.87975	0.0
2.8845	0.0
2.88925	0.0
2.894	0.0
2.89875	0.0
2.9034999999999997	0.0
2.90825	0.0
2.913	0.0
2.91775	0.0
2.9225	0.0
2.92725	0.0
2.932	0.0
2.93675	0.0
2.9415	0.0
2.94625	0.0
2.951	0.0
2.95575	0.0
2.9605	0.0
2.9652499999999997	0.0
2.9699999999999998	0.0
2.97475	0.0
2.9795	0.0
2.98425	0.0
2.989	0.0
2.99375	0.0
2.9985	0.0
3.00325	0.0
3.008	0.0
3.01275	0.0
3.0175	0.0
3.02225	0.0
3.027	0.0
3.0317499999999997	0.0
3.0364999999999998	0.0
3.04125	0.0
3.046	0.0
3.05075	0.0
3.0555	0.0
3.06025	0.0
3.065	0.0
3.06975	0.0
3.0745	0.0
3.07925	0.0
3.084	0.0
3.08875	0.0
3.0935	0.0
3.0982499999999997	0.0
3.1029999999999998	0.0
3.10775	0.0
3.1125	0.0
3.11725	0.0
3.122	0.0
3.12675	0.0
3.1315	0.0
3.13625	0.0
3.141	0.0
3.14575	0.0
3.1505	0.0
3.15525	0.0
3.16	0.0
3.1647499999999997	0.0
3.1694999999999998	0.0
3.17425	0.0
3.179	0.0
3.18375	0.0
3.1885	0.0
3.19325	0.0
3.198	0.0
3.20275	0.0
3.2075	0.0
3.21225	0.0
3.217	0.0
3.22175	0.0
3.2265	0.0
3.2312499999999997	0.0
3.2359999999999998	0.0
3.24075	0.0
3.2455	0.0
3.25025	0.0
3.255	0.0
3.25975	0.0
3.2645	0.0
3.26925	0.0
3.274	0.0
3.27875	0.0
3.2835	0.0
3.28825	0.0
3.293	0.0
3.2977499999999997	0.0
3.3024999999999998	0.0
3.30725	0.0
3.312	0.0
3.31675	0.0
3.3215	0.0
3.32625	0.0
3.331	0.0
3.33575	0.0
3.3405	0.0
3.34525	0.0
3.35	0.0
3.35475	0.0
3.3594999999999997	0.0
3.3642499999999997	0.0
3.3689999999999998	0.0
3.37375	0.0
3.3785	0.0
3.38325	0.0
3.388	0.0
3.39275	0.0
3.3975	0.0
3.40225	0.0
3.407	0.0
3.41175	0.0
3.4165	0.0
3.42125	0.0
3.4259999999999997	0.0
3.4307499999999997	0.0
3.4354999999999998	0.0
3.44025	0.0
3.445	0.0
3.44975	0.0
3.4545	0.0
3.45925	0.0
3.464	0.0
3.46875	0.0
3.4735	0.0
3.47825	0.0
3.483	0.0
3.48775	0.0
3.4924999999999997	0.0
3.4972499999999997	0.0
3.502	0.0
3.50675	0.0
3.5115	0.0
3.51625	0.0
3.521	0.0
3.52575	0.0
3.5305	0.0
3.53525	0.0
3.54	0.0
3.54475	0.0
3.5495	0.0
3.55425	0.0
3.5589999999999997	0.0
3.5637499999999998	0.0
3.5685	0.0
3.57325	0.0
3.578	0.0
3.58275	0.0
3.5875	0.0
3.59225	0.0
3.597	0.0
3.60175	0.0
3.6065	0.0
3.61125	0.0
3.616	0.0
3.62075	0.0
3.6254999999999997	0.0
3.6302499999999998	0.0
3.635	0.0
3.63975	0.0
3.6445	0.0
3.64925	0.0
3.654	0.0
3.65875	0.0
3.6635	0.0
3.66825	0.0
3.673	0.0
3.67775	0.0
3.6825	0.0
3.68725	0.0
3.6919999999999997	0.0
3.6967499999999998	0.0
3.7015	0.0
3.70625	0.0
3.711	0.0
3.71575	0.0
3.7205	0.0
3.72525	0.0
3.73	0.0
3.73475	0.0
3.7395	0.0
3.74425	0.0
3.749	0.0
3.7537499999999997	0.0
3.7584999999999997	0.0
3.7632499999999998	0.0
3.768	0.0
3.77275	0.0
3.7775	0.0
3.78225	0.0
3.787	0.0
3.79175	0.0
3.7965	0.0
3.80125	0.0
3.806	0.0
3.81075	0.0
3.8155	0.0
3.8202499999999997	0.0
3.8249999999999997	0.0
3.8297499999999998	0.0
3.8345	0.0
3.83925	0.0
3.844	0.0
3.84875	0.0
3.8535	0.0
3.85825	0.0
3.863	0.0
3.86775	0.0
3.8725	0.0
3.87725	0.0
3.882	0.0
3.8867499999999997	0.0
3.8914999999999997	0.0
3.8962499999999998	0.0
3.901	0.0
3.90575	0.0
3.9105	0.0
3.91525	0.0
3.92	0.0
3.92475	0.0
3.9295	0.0
3.93425	0.0
3.939	0.0
3.94375	0.0
3.9485	0.0
3.9532499999999997	0.0
3.9579999999999997	0.0
3.9627499999999998	0.0
3.9675	0.0
3.97225	0.0
3.977	0.0
3.98175	0.0
3.9865	0.0
3.99125	0.0
3.996	0.0
4.00075	0.0
4.0055	0.0
4.01025	0.0
4.015000000000001	0.0
4.01975	0.0
4.0245	0.0
4.029249999999999	0.0
4.034	0.0
4.03875	0.0
4.0435	0.0
4.0482499999999995	0.0
4.053	0.0
4.05775	0.0
4.0625	0.0
4.06725	0.0
4.072	0.0
4.0767500000000005	0.0
4.0815	0.0
4.08625	0.0
4.090999999999999	0.0
4.09575	0.0
4.1005	0.0
4.10525	0.0
4.109999999999999	0.0
4.11475	0.0
4.1195	0.0
4.12425	0.0
4.129	0.0
4.13375	0.0
4.1385000000000005	0.0
4.14325	0.0
4.148	0.0
4.152749999999999	0.0
4.1575	0.0
4.16225	0.0
4.167	0.0
4.171749999999999	0.0
4.1765	0.0
4.18125	0.0
4.186	0.0
4.1907499999999995	0.0
4.1955	0.0
4.2002500000000005	0.0
4.205	0.0
4.20975	0.0
4.214499999999999	0.0
4.21925	0.0
4.224	0.0
4.22875	0.0
4.233499999999999	0.0
4.23825	0.0
4.243	0.0
4.24775	0.0
4.2524999999999995	0.0
4.25725	0.0
4.2620000000000005	0.0
4.26675	0.0
4.2715	0.0
4.27625	0.0
4.281	0.0
4.28575	0.0
4.2905	0.0
4.295249999999999	0.0
4.3	0.0
4.30475	0.0
4.3095	0.0
4.3142499999999995	0.0
4.319	0.0
4.32375	0.0
4.3285	0.0
4.33325	0.0
4.338	0.0
4.3427500000000006	0.0
4.3475	0.0
4.35225	0.0
4.356999999999999	0.0
4.36175	0.0
4.3665	0.0
4.37125	0.0
4.3759999999999994	0.0
4.38075	0.0
4.3855	0.0
4.39025	0.0
4.395	0.0
4.39975	0.0
4.4045000000000005	0.0
4.40925	0.0
4.414	0.0
4.418749999999999	0.0
4.4235	0.0
4.42825	0.0
4.433	0.0
4.437749999999999	0.0
4.4425	0.0
4.44725	0.0
4.452	0.0
4.4567499999999995	0.0
4.4615	0.0
4.4662500000000005	0.0
4.471	0.0
4.47575	0.0
4.480499999999999	0.0
4.48525	0.0
4.49	0.0
4.49475	0.0
4.499499999999999	0.0
4.50425	0.0
4.509	0.0
4.51375	0.0
4.5184999999999995	0.0
4.52325	0.0
4.528	0.0
4.53275	0.0
4.5375	0.0
4.54225	0.0
4.547	0.0
4.55175	0.0
4.5565	0.0
4.56125	0.0
4.566	0.0
4.57075	0.0
4.5755	0.0
4.5802499999999995	0.0
4.585	0.0
4.5897499999999996	0.0
4.5945	0.0
4.59925	0.0
4.604	0.0
4.60875	0.0
4.6135	0.0
4.61825	0.0
4.623	0.0
4.62775	0.0
4.6325	0.0
4.63725	0.0
4.6419999999999995	0.0
4.64675	0.0
4.6514999999999995	0.0
4.65625	0.0
4.661	0.0
4.66575	0.0
4.6705	0.0
4.67525	0.0
4.68	0.0
4.68475	0.0
4.6895	0.0
4.69425	0.0
4.699	0.0
4.70375	0.0
4.7085	0.0
4.7132499999999995	0.0
4.718	0.0
4.72275	0.0
4.7275	0.0
4.73225	0.0
4.737	0.0
4.74175	0.0
4.7465	0.0
4.75125	0.0
4.756	0.0
4.76075	0.0
4.7655	0.0
4.77025	0.0
4.7749999999999995	0.0
4.77975	0.0
4.7844999999999995	0.0
4.78925	0.0
4.794	0.0
4.79875	0.0
4.8035	0.0
4.80825	0.0
4.813	0.0
4.81775	0.0
4.8225	0.0
4.82725	0.0
4.832	0.0
4.83675	0.0
4.8415	0.0
4.8462499999999995	0.0
4.851	0.0
4.85575	0.0
4.8605	0.0
4.86525	0.0
4.87	0.0
4.87475	0.0
4.8795	0.0
4.88425	0.0
4.889	0.0
4.89375	0.0
4.8985	0.0
4.90325	0.0
4.9079999999999995	0.0
4.91275	0.0
4.9174999999999995	0.0
4.92225	0.0
4.927	0.0
4.93175	0.0
4.9365	0.0
4.94125	0.0
4.946	0.0
4.95075	0.0
4.9555	0.0
4.96025	0.0
4.965	0.0
4.9697499999999994	0.0
4.9745	0.0
4.9792499999999995	0.0
4.984	0.0
4.98875	0.0
4.9935	0.0
4.99825	0.0
5.003	0.0
5.00775	0.0
5.0125	0.0
5.01725	0.0
5.022	0.0
5.02675	0.0
5.0315	0.0
5.03625	0.0
5.0409999999999995	0.0
5.04575	0.0
5.0504999999999995	0.0
5.05525	0.0
5.06	0.0
5.06475	0.0
5.0695	0.0
5.07425	0.0
5.079	0.0
5.08375	0.0
5.0885	0.0
5.09325	0.0
5.098	0.0
5.1027499999999995	0.0
5.1075	0.0
5.1122499999999995	0.0
5.117	0.0
5.12175	0.0
5.1265	0.0
5.13125	0.0
5.136	0.0
5.14075	0.0
5.1455	0.0
5.15025	0.0
5.155	0.0
5.15975	0.0
5.1645	0.0
5.16925	0.0
5.1739999999999995	0.0
5.17875	0.0
5.1834999999999996	0.0
5.18825	0.0
5.193	0.0
5.19775	0.0
5.2025	0.0
5.20725	0.0
5.212	0.0
5.21675	0.0
5.2215	0.0
5.22625	0.0
5.231	0.0
5.2357499999999995	0.0
5.2405	0.0
5.2452499999999995	0.0
5.25	0.0
5.25475	0.0
5.2595	0.0
5.26425	0.0
5.269	0.0
5.27375	0.0
5.2785	0.0
5.28325	0.0
5.288	0.0
5.29275	0.0
5.2975	0.0
5.30225	0.0
5.3069999999999995	0.0
5.31175	0.0
5.3165	0.0
5.32125	0.0
5.326	0.0
5.33075	0.0
5.3355	0.0
5.34025	0.0
5.345	0.0
5.34975	0.0
5.3545	0.0
5.35925	0.0
5.364	0.0
5.3687499999999995	0.0
5.3735	0.0
5.3782499999999995	0.0
5.383	0.0
5.38775	0.0
5.3925	0.0
5.39725	0.0
5.402	0.0
5.40675	0.0
5.4115	0.0
5.41625	0.0
5.421	0.0
5.42575	0.0
5.430499999999999	0.0
5.43525	0.0
5.4399999999999995	0.0
5.44475	0.0
5.4495	0.0
5.45425	0.0
5.459	0.0
5.46375	0.0
5.4685	0.0
5.47325	0.0
5.478	0.0
5.48275	0.0
5.4875	0.0
5.49225	0.0
5.497	0.0
5.5017499999999995	0.0
5.5065	0.0
5.5112499999999995	0.0
5.516	0.0
5.52075	0.0
5.5255	0.0
5.53025	0.0
5.535	0.0
5.53975	0.0
5.5445	0.0
5.54925	0.0
5.554	0.0
5.55875	0.0
5.5634999999999994	0.0
5.56825	0.0
5.5729999999999995	0.0
5.57775	0.0
5.5825	0.0
5.58725	1.43e-322
5.592	2.473e-320
5.59675	4.180003e-318
5.6015	6.9392031e-316
5.60625	1.13136702447e-313
5.611	1.811583766431e-311
5.61575	2.8488810004818e-309
5.6205	4.399984859001351e-307
5.62525	6.674043604491393e-305
5.63	9.942323320426095e-303
5.6347499999999995	1.4546138188895962e-300
5.6395	2.0901070041748955e-298
5.6442499999999995	2.949513014362547e-296
5.649	4.087832550603626e-294
5.65375	5.564124806427168e-292
5.6585	7.438093149490364e-290
5.66325	9.765339520954781e-288
5.668	1.2591401330520772e-285
5.67275	1.5944898916309452e-283
5.6775	1.983035361964213e-281
5.68225	2.42214496301919e-279
5.687	2.9055662967944216e-277
5.69175	3.42312242381518e-275
5.6964999999999995	3.960728361338124e-273
5.70125	4.500789167682162e-271
5.7059999999999995	5.023001010830067e-269
5.71075	5.50552635736406e-267
5.7155	5.926460734072676e-265
5.72025	6.265459991284052e-263
5.725	6.505362404239406e-261
5.72975	6.633626486750797e-259
5.7345	6.6434170699106885e-257
5.73925	6.534208770603402e-255
5.744	6.311832699880497e-253
5.74875	5.9879606323754005e-251
5.7535	5.579090142105375e-249
5.75825	5.105153502119465e-247
5.763	4.587913447665999e-245
5.7677499999999995	4.049324787822217e-243
5.7725	3.510031325828244e-241
5.7772499999999996	2.9881359837363364e-239
5.782	2.4983352003704155e-237
5.78675	2.0514552189326186e-235
5.7915	1.6543765290136298e-233
5.79625	1.3102907147310444e-231
5.801	1.0192059525645046e-229
5.80575	7.786050640809123e-228
5.8105	5.841622404598406e-226
5.81525	4.3043811723044416e-224
5.82	3.1149347197827786e-222
5.82475	2.213849840573063e-220
5.8294999999999995	1.545284171657145e-218
5.83425	1.0593257674721896e-216
5.8389999999999995	7.132006021755732e-215
5.84375	4.715794272132664e-213
5.8485	3.062379329105833e-211
5.85325	1.953098305696715e-209
5.858	1.2233485357655917e-207
5.86275	7.52553351694822e-206
5.8675	4.546585544164106e-204
5.87225	2.6977047945761176e-202
5.877	1.572043160500573e-200
5.88175	8.99695382743048e-199
5.8865	5.056936526650509e-197
5.891249999999999	2.7915184202773306e-195
5.896	1.5134026078670954e-193
5.9007499999999995	8.058040440766296e-192
5.9055	4.2137172673501903e-190
5.91025	2.16402525945117e-188
5.915	1.0914912140006408e-186
5.91975	5.406785584846889e-185
5.9245	2.6303832776562367e-183
5.92925	1.2567818702542485e-181
5.934	5.897416003915433e-180
5.93875	2.7178445017464805e-178
5.9435	1.2301226963785017e-176
5.94825	5.468059632728217e-175
5.953	2.3871463066348016e-173
5.95775	1.0234952166561679e-171
5.9624999999999995	4.3097649195386564e-170
5.96725	1.7823062533215474e-168
5.9719999999999995	7.23889145421389e-167
5.97675	2.887505251731958e-165
5.9815	1.1311872090048915e-163
5.98625	4.352183249570781e-162
5.991	1.6445263829422787e-160
5.99575	6.102889433569123e-159
6.0005	2.2242886367425633e-157
6.00525	7.961735929549156e-156
6.01	2.7988870938637722e-154
6.01475	9.663266892676039e-153
6.0195	3.2766009610501287e-151
6.024249999999999	1.0911491497542455e-149
6.029	3.568664063060957e-148
6.0337499999999995	1.146273364426206e-146
6.0385	3.6160274535610005e-145
6.04325	1.1203048645503416e-143
6.048	3.4088014745152084e-142
6.05275	1.0186574856082829e-140
6.0575	2.989617571705412e-139
6.06225	8.61715844680935e-138
6.067	2.4393465542429476e-136
6.07175	6.781783393858946e-135
6.0765	1.8517199665386354e-133
6.08125	4.9655537690238805e-132
6.086	1.3077389319934723e-130
6.09075	3.3824812805504294e-129
6.0954999999999995	8.59232578114633e-128
6.10025	2.1436163111892843e-126
6.1049999999999995	5.252237492538427e-125
6.10975	1.2638706907604344e-123
6.1145	2.9869084697149696e-122
6.11925	6.932696222905648e-121
6.124	1.5803140875975904e-119
6.12875	3.53790068326023e-118
6.1335	7.778732684616491e-117
6.13825	1.6797051044226697e-115
6.143	3.562199360260368e-114
6.14775	7.419324823767306e-113
6.1525	1.5176496768852034e-111
6.1572499999999994	3.048875334880678e-110
6.162	6.015459187796921e-109
6.1667499999999995	1.1656250898962905e-107
6.1715	2.2182473630475403e-106
6.17625	4.1459307664048665e-105
6.181	7.610183023595055e-104
6.18575	1.371921121458589e-102
6.1905	2.4289812797422217e-101
6.19525	4.2235746798660254e-100
6.2	7.21268843037035e-99
6.20475	1.2096929547868885e-97
6.2095	1.9925724214315768e-96
6.21425	3.223398974759321e-95
6.218999999999999	5.121238437107839e-94
6.22375	7.99092241307385e-93
6.2284999999999995	1.2245592864084856e-91
6.23325	1.8429930728886798e-90
6.2379999999999995	2.7241346746007064e-89
6.24275	3.954525953899603e-88
6.2475	5.637950658695689e-87
6.25225	7.894217647350305e-86
6.257	1.0855701817690358e-84
6.26175	1.466113862266934e-83
6.2665	1.9446367060879706e-82
6.27125	2.5332044520217532e-81
6.276	3.240880299033628e-80
6.28075	4.072083956920937e-79
6.2855	5.024946485043045e-78
6.2902499999999995	6.0898576748898955e-77
6.295	7.248428002811068e-76
6.2997499999999995	8.473083780989989e-75
6.3045	9.727475742496215e-74
6.30925	1.0967806931067085e-72
6.314	1.2145081174141403e-71
6.31875	1.3208151187155277e-70
6.3235	1.4107323506860317e-69
6.32825	1.479817655149123e-68
6.333	1.524518741960304e-67
6.33775	1.5424756463072535e-66
6.3425	1.5327271431321515e-65
6.34725	1.4957959934357592e-64
6.351999999999999	1.4336425011303105e-63
6.35675	1.3494921226745083e-62
6.3614999999999995	1.2475582279264516e-61
6.36625	1.1326931664737168e-60
6.3709999999999996	1.0100077834996093e-59
6.37575	8.845006276831764e-59
6.3805	7.607335234560907e-58
6.38525	6.425811017828195e-57
6.39	5.33070104822716e-56
6.39475	4.343118616463846e-55
6.3995	3.475201879983551e-54
6.40425	2.730985353148817e-53
6.409	2.1077528633379217e-52
6.41375	1.5976475935120378e-51
6.4185	1.1893324701902186e-50
6.4232499999999995	8.695339568170688e-50
6.428	6.2435386145773244e-49
6.4327499999999995	4.402871819751246e-48
6.4375	3.0493148356393926e-47
6.44225	2.0740989705901772e-46
6.447	1.385535538560473e-45
6.45175	9.09006205903053e-45
6.4565	5.857024103014092e-44
6.46125	3.7063647679955756e-43
6.466	2.3034579637346778e-42
6.47075	1.4059614339173832e-41
6.4755	8.428057878850431e-41
6.48025	4.961838167517182e-40
6.484999999999999	2.8689215063199596e-39
6.48975	1.6291299256916364e-38
6.4944999999999995	9.085603105354072e-38
6.49925	4.976371402362174e-37
6.504	2.6769039880583223e-36
6.50875	1.4142096239661754e-35
6.5135	7.337629289704967e-35
6.51825	3.739028103973245e-34
6.523	1.8712106342952348e-33
6.52775	9.197030124760585e-33
6.5325	4.439494534665278e-32
6.53725	2.1046526327077936e-31
6.542	9.799147904987053e-31
6.54675	4.480816751583676e-30
6.5515	2.0122736409489556e-29
6.5562499999999995	8.875194471804337e-29
6.561	3.8444100357289508e-28
6.5657499999999995	1.6354697328224835e-27
6.5705	6.83307684196413e-27
6.57525	2.8038261553787144e-26
6.58	1.1299177872837872e-25
6.58475	4.472018512367386e-25
6.5895	1.7382863688645835e-24
6.59425	6.635903182388983e-24
6.599	2.4879390810616604e-23
6.60375	9.160948207884594e-23
6.6085	3.312852485868375e-22
6.61325	1.1765889165236555e-21
6.617999999999999	4.104009831622202e-21
6.62275	1.4058954215358032e-20
6.6274999999999995	4.729972603858728e-20
6.63225	1.562878506570439e-19
6.637	5.071691126441831e-19
6.64175	1.6163721501220305e-18
6.6465	5.059305518153556e-18
6.65125	1.5552543968475283e-17
6.656	4.695403875865841e-17
6.66075	1.3922122636136795e-16
6.6655	4.0541418539101306e-16
6.67025	1.1594536995480125e-15
6.675	3.2566333450642464e-15
6.679749999999999	8.983494467348782e-15
6.6845	2.4337879055245968e-14
6.6892499999999995	6.475616740383641e-14
6.694	1.6921565144521072e-13
6.6987499999999995	4.3427107918290725e-13
6.7035	1.0945667978052615e-12
6.70825	2.709471687304588e-12
6.713	6.587004327003644e-12
6.71775	1.572723096935301e-11
6.7225	3.687886661732008e-11
6.72725	8.493053326096441e-11
6.732	1.920928149903998e-10
6.73675	4.2669678972557694e-10
6.7415	9.308691007882432e-10
6.74625	1.9944301847064923e-09
6.7509999999999994	4.196720504317613e-09
6.75575	8.672858080242631e-09
6.7604999999999995	1.760254314452526e-08
6.76525	3.508727007871815e-08
6.77	6.868860981444051e-08
6.77475	1.3206290873305778e-07
6.7795	2.493664226525439e-07
6.78425	4.624407282424677e-07
6.789	8.422386415848661e-07
6.79375	1.5065211543380684e-06
6.7985	2.6465267701850114e-06
6.80325	4.566025516528302e-06
6.808	7.7367998771244e-06
6.812749999999999	1.2874944923797168e-05
6.8175	2.104216321796839e-05
6.8222499999999995	3.3775079543775166e-05
6.827	5.324310436665406e-05
6.8317499999999995	8.243114939926623e-05
6.8365	0.0001253373030750264
6.84125	0.00018716746089996155
6.846	0.00027449938719748175
6.85075	0.00039537887225482457
6.8555	0.0005593023167695909
6.86025	0.0007770355850484076
6.865	0.001060221001647908
6.86975	0.0014207354495944097
6.8745	0.001869784379237642
6.87925	0.00241674933149575
6.8839999999999995	0.003067848308828186
6.88875	0.0038247144476514588
6.8934999999999995	0.004683042024072342
6.89825	0.00563148131411231
6.903	0.006650976475065995
6.90775	0.007714726313648906
6.9125	0.008788903073916908
6.91725	0.00983419094181431
6.922	0.010808111500683976
6.92675	0.011668001011653443
6.9315	0.012374410859579332
6.93625	0.012894635115878706
6.941	0.01320604221359746
6.945749999999999	0.013298909010372598
6.9505	0.013178523881698325
6.9552499999999995	0.012866430053647276
6.96	0.012400801783138267
6.9647499999999996	0.011836059589833837
6.9695	0.011241911288880179
6.97425	0.01070203245619208
6.979	0.010312562049239506
6.98375	0.010180488057900918
6.9885	0.010421850512555713
6.99325	0.01115952445279748
6.998	0.012520202659137144
7.00275	0.014630119708593157
7.007499999999999	0.017609083642031252
7.01225	0.021562534874196626
7.0169999999999995	0.026571638832172784
7.02175	0.03268181747213104
7.0264999999999995	0.03989058500957669
7.03125	0.04813599938286045
7.036	0.05728738186525038
7.04075	0.06714010095925656
7.0455	0.077416089675726
7.05025	0.0877713314790466
7.055	0.09781082611740274
7.05975	0.10711060781041885
7.0645	0.11524536391234226
7.06925	0.12181925656068261
7.074	0.12649685385806422
7.078749999999999	0.12903077437605345
7.0835	0.12928282374150127
7.0882499999999995	0.12723605846495803
7.093	0.12299626687250041
7.09775	0.11678265232909125
7.1025	0.10890883623719094
7.10725	0.09975645676921885
7.112	0.08974444645923803
7.11675	0.07929741638653524
7.1215	0.06881642998265279
7.12625	0.05865487339589445
7.131	0.04910124747188221
7.13575	0.04036968296052306
7.140499999999999	0.03259798440173914
7.14525	0.02585218181486706
7.1499999999999995	0.02013600719604647
7.15475	0.015403451760784913
7.1594999999999995	0.011572582328007166
7.16425	0.008539042265872595
7.169	0.006188051913977565
7.17375	0.004404169035582264
7.1785	0.003078496661237721
7.18325	0.002113379931721678
7.188	0.0014248863594312066
7.19275	0.0009435094763242828
7.1975	0.0006135858998559099
7.20225	0.00039189278219318573
7.207	0.0002458225429701103
7.211749999999999	0.00015143926356185665
7.2165	9.162572624088059e-05
7.2212499999999995	5.444504650776908e-05
7.226	3.177321655247684e-05
7.23075	1.82106623100731e-05
7.2355	1.025066277136204e-05
7.24025	5.666823807341445e-06
7.245	3.076726946454131e-06
7.24975	1.6405883226668604e-06
7.2545	8.591552234447698e-07
7.25925	4.4188062724702507e-07
7.264	2.2320275656443772e-07
7.26875	1.1072746928457724e-07
7.273499999999999	5.394763285834606e-08
7.27825	2.5813720442271092e-08
7.2829999999999995	1.2130818142828409e-08
7.28775	5.598755862307622e-09
7.2924999999999995	2.5378095659209816e-09
7.29725	1.1298410605009123e-09
7.302	4.942139857740502e-10
7.30675	2.1283391676145686e-10
7.3115	9.133793872014705e-11
7.31625	4.1766366410066146e-11
7.321	2.659486045955998e-11
7.32575	3.363887370234542e-11
7.3305	6.735015621252471e-11
7.33525	1.5108935986901464e-10
7.34	3.411786261565e-10
7.3447499999999994	7.598187786982789e-10
7.3495	1.663043477512121e-09
7.3542499999999995	3.5752708763680468e-09
7.359	7.548901386530216e-09
7.36375	1.5653842129627207e-08
7.3685	3.18800774028571e-08
7.37325	6.376447797694617e-08
7.378	1.2525620263299477e-07
7.38275	2.416465835679139e-07
7.3875	4.578498354570887e-07
7.39225	8.519742131862318e-07
7.397	1.5570079225370018e-06
7.40175	2.794577636327811e-06
7.406499999999999	4.926092025803652e-06
7.41125	8.528052138215463e-06
7.4159999999999995	1.4499671314048956e-05
7.42075	2.4211820907975042e-05
7.4254999999999995	3.9706145776800816e-05
7.43025	6.3951244040927e-05
7.435	0.00010115823572137963
7.43975	0.0001571500342476203
7.4445	0.0002397666074365896
7.44925	0.00035927243809554275
7.454	0.0005287131214032679
7.45875	0.000764147612951357
7.4635	0.0010846644778789592
7.468249999999999	0.001512079267821255
7.473	0.0020702113472597502
7.4777499999999995	0.0027836574769293616
7.4825	0.0036760202095914274
7.4872499999999995	0.004767612722664923
7.492	0.006072744849937993
7.49675	0.0075967893356024205
7.5015	0.009333319153059735
7.50625	0.01126167876006873
7.511	0.013345385934098376
7.51575	0.0155317404674416
7.5205	0.01775293229846452
7.52525	0.019928795625958177
7.53	0.0219711603936462
7.53475	0.023789533194250954
7.539499999999999	0.02529762966441733
7.54425	0.026420116330071797
7.5489999999999995	0.027098834028755996
7.55375	0.027297788789555234
7.5584999999999996	0.02700631431526679
7.56325	0.026240019368145445
7.568	0.025039402952331962
7.57275	0.023466308279313355
7.5775	0.021598647612355984
7.58225	0.019524023900631855
7.587	0.017332974056535357
7.59175	0.015112552686044967
7.5965	0.012940872355152887
7.601249999999999	0.010883040957997456
7.606	0.008988722195649217
7.6107499999999995	0.007291328039433671
7.6155	0.005808664616497771
7.6202499999999995	0.004544718103124516
7.625	0.0034921957817218943
7.62975	0.002635428275521502
7.6345	0.0019532813504926478
7.63925	0.0014218028829550793
7.644	0.0010164241191807355
7.64875	0.0007136274026999648
7.6535	0.000492072459558159
7.65825	0.00033323267881974123
7.663	0.00022162925895949408
7.66775	0.0001447663380901958
7.672499999999999	9.286863624983673e-05
7.67725	5.851019316364891e-05
7.6819999999999995	3.620386862345977e-05
7.68675	2.2000847628253085e-05
7.6915	1.3130607839300131e-05
7.69625	7.696463835040142e-06
7.701	4.430559974613036e-06
7.70575	2.5048803806799277e-06
7.7105	1.3908373574198092e-06
7.71525	7.584495321260935e-07
7.72	4.061982171973012e-07
7.72475	2.1365365303778537e-07
7.7295	1.1036811296619546e-07
7.734249999999999	5.599353630799412e-08
7.739	2.7899290692015754e-08
7.7437499999999995	1.3652413117421001e-08
7.7485	6.561252061895435e-09
7.7532499999999995	3.0968869463158694e-09
7.758	1.435578831858132e-09
7.76275	6.535853619673532e-10
7.7675	2.922905489110857e-10
7.77225	1.285135743664457e-10
7.777	5.584940782903611e-11
7.78175	2.474737105442276e-11
7.7865	1.3044422765667755e-11
7.79125	1.2129069063352737e-11
7.795999999999999	2.137915132819527e-11
7.80075	4.78053851585007e-11
7.805499999999999	1.1074008932107477e-10
7.81025	2.5427138017569966e-10
7.8149999999999995	5.742719012208159e-10
7.81975	1.274115789268821e-09
7.8245	2.7763833700039545e-09
7.82925	5.941744413288748e-09
7.834	1.2488491444955743e-08
7.83875	2.5779059068926506e-08
7.8435	5.2261893522441025e-08
7.84825	1.0405530026545263e-07
7.853	2.0347181437167395e-07
7.85775	3.907556743737912e-07
7.8625	7.369997042803498e-07
7.867249999999999	1.365181261267893e-06
7.872	2.483558006279792e-06
7.8767499999999995	4.4373050079176525e-06
7.8815	7.786194362554235e-06
7.8862499999999995	1.3418135828654926e-05
7.891	2.2710155696681755e-05
7.89575	3.774931055023725e-05
7.9005	6.162528221822369e-05
7.90525	9.880292523511546e-05
7.91	0.00015557566609628013
7.91475	0.00024058830914937057
7.9195	0.00036539984215254933
7.92425	0.0005450334734537855
7.928999999999999	0.0007984339223103951
7.93375	0.0011487241973987428
7.9384999999999994	0.0016231308912100667
7.94325	0.002252435179559771
7.9479999999999995	0.0030698138757702235
7.95275	0.004108968126918978
7.9575	0.005401501297447992
7.96225	0.0069736023867924
7.967	0.008842210774326075
7.97175	0.011010968727096396
7.9765	0.013466389750101839
7.98125	0.01617475887443048
7.986	0.01908031037604856
7.99075	0.022105179177183625
7.9955	0.025151484810057922
8.00025	0.028105686796850597
8.004999999999999	0.03084507002793739
8.00975	0.03324591601615842
8.0145	0.03519263870293825
8.01925	0.036586961471027066
8.024000000000001	0.03735612670163943
8.028749999999999	0.037459184727949374
8.0335	0.0368906057892315
8.03825	0.035680771597782705
8.043	0.03389328570521077
8.04775	0.0316194340448522
8.0525	0.02897046703478713
8.05725	0.026068610637180967
8.062	0.02303781354205855
8.066749999999999	0.019995193766038293
8.0715	0.01704397779745553
8.07625	0.01426846607867743
8.081	0.011731258348238951
8.08575	0.009472680633447495
8.090499999999999	0.007512114116188442
8.09525	0.00585076213927747
8.1	0.004475315862238866
8.10475	0.0033619862090707936
8.1095	0.0024804424039979755
8.11425	0.001797311492333402
8.119	0.0012790235470924352
8.123750000000001	0.0008939118888280877
8.128499999999999	0.0006135809553208363
8.13325	0.0004136280797460631
8.138	0.0002738477272540271
8.14275	0.0001780611822890455
8.1475	0.00011370782410285811
8.152249999999999	7.131361136665102e-05
8.157	4.3925376785233185e-05
8.16175	2.6571712549794342e-05
8.1665	1.578645370677549e-05
8.17125	9.211080964607677e-06
8.176	5.278342943266214e-06
8.18075	2.9706096822270397e-06
8.185500000000001	1.6419297254280039e-06
8.190249999999999	8.913012654723933e-07
8.195	4.751770592721697e-07
8.19975	2.4879829076871596e-07
8.2045	1.2793821997277908e-07
8.20925	6.461215112048088e-08
8.213999999999999	3.204712548666878e-08
8.21875	1.561079232772122e-08
8.2235	7.468300707025785e-09
8.22825	3.5089698028683837e-09
8.233	1.6191923749293623e-09
8.23775	7.338009231222358e-10
8.2425	3.266021521007541e-10
8.247250000000001	1.4276469278402647e-10
8.251999999999999	6.128914638490212e-11
8.25675	2.5840880926674787e-11
8.2615	1.0700203606406665e-11
8.26625	4.351487627291506e-12
8.271	1.737978697602861e-12
8.275749999999999	6.817295663359591e-13
8.2805	2.626278599335184e-13
8.28525	9.936431537004863e-14
8.29	3.6921648118656e-14
8.29475	1.3473880706670425e-14
8.2995	4.829090023123098e-15
8.30425	1.6998041676134668e-15
8.309000000000001	5.87615797008223e-16
8.313749999999999	1.9950281128554494e-16
8.3185	6.652204043666832e-17
8.32325	2.178427388140655e-17
8.328	7.006184982645395e-18
8.33275	2.2129983774691642e-18
8.337499999999999	6.865016350127179e-19
8.34225	2.0915249077824919e-19
8.347	6.258143113515288e-20
8.35175	1.8390304692704172e-20
8.3565	5.307540826901307e-21
8.36125	1.504384142587321e-21
8.366	4.187792309059892e-22
8.370750000000001	1.1449130552724506e-22
8.375499999999999	3.074120342512704e-23
8.38025	8.106440635049303e-24
8.385	2.099425814868319e-24
8.38975	5.33988426141979e-25
8.3945	1.3339026633748338e-25
8.399249999999999	3.272483156610768e-26
8.404	7.884818208837403e-27
8.40875	1.8658079283405112e-27
8.413499999999999	4.336138726862068e-28
8.41825	9.896927454336666e-29
8.423	2.218495693862367e-29
8.42775	4.8840238709406125e-30
8.432500000000001	1.055985489124202e-30
8.437249999999999	2.2423278325511313e-31
8.442	4.6762880406011387e-32
8.44675	9.57777255981687e-33
8.4515	1.9266046201232445e-33
8.45625	3.8070671448916313e-34
8.460999999999999	7.441061559443713e-35
8.46575	1.7138748134960984e-35
8.4705	1.896663478400172e-35
8.475249999999999	8.589243636583698e-35
8.48	4.3870592553552e-34
8.48475	2.212265016745311e-33
8.4895	1.0958277762264102e-32
8.494250000000001	5.331031785919295e-32
8.498999999999999	2.547072598060327e-31
8.50375	1.195177375399351e-30
8.5085	5.5078789618639106e-30
8.51325	2.4928571754314684e-29
8.518	1.1080807000650527e-28
8.52275	4.837337275576631e-28
8.5275	2.0739693400044667e-27
8.53225	8.732915929914338e-27
8.536999999999999	3.611413452050676e-26
8.54175	1.4667501054013948e-25
8.5465	5.850541029743342e-25
8.55125	2.291906600238805e-24
8.556	8.817770388920017e-24
8.56075	3.331820844481716e-23
8.5655	1.236418460116887e-22
8.57025	4.506198357097787e-22
8.575	1.6129322063327273e-21
8.57975	5.669998020992174e-21
8.5845	1.9575401816845903e-20
8.58925	6.637422269661173e-20
8.594	2.2102896774734747e-19
8.598749999999999	7.228695439259524e-19
8.6035	2.3218365519305725e-18
8.60825	7.32426998895597e-18
8.613	2.2691229625611396e-17
8.61775	6.904189468730531e-17
8.6225	2.0631383693257308e-16
8.62725	6.054872402711716e-16
8.632	1.7451896134319758e-15
8.63675	4.940162427616782e-15
8.6415	1.3734119493811339e-14
8.64625	3.749914792596205e-14
8.651	1.0055483602079372e-13
8.65575	2.6481678532506837e-13
8.660499999999999	6.849344982816976e-13
8.66525	1.7398570101271142e-12
8.67	4.3404929810350555e-12
8.67475	1.0634707361894899e-11
8.679499999999999	2.559016074638904e-11
8.68425	6.047577863670586e-11
8.689	1.40362439624918e-10
8.69375	3.1994942350699073e-10
8.6985	7.162633680232519e-10
8.70325	1.5747990121160485e-09
8.708	3.400466583947364e-09
8.71275	7.211288552819961e-09
8.7175	1.5019249115551338e-08
8.722249999999999	3.072165107540682e-08
8.727	6.171658236719684e-08
8.73175	1.2176435405304506e-07
8.7365	2.3593884799410837e-07
8.741249999999999	4.4899315955382394e-07
8.746	8.39152666844319e-07
8.75075	1.5402925621390794e-06
8.7555	2.7766838995097992e-06
8.76025	4.915986147191654e-06
8.765	8.547829352343254e-06
8.76975	1.4596946657536864e-05
8.7745	2.4481001647925396e-05
8.77925	4.032341726618814e-05
8.783999999999999	6.522986223369306e-05
8.78875	0.0001036326436973442
8.7935	0.0001616991279889246
8.79825	0.000247787710565231
8.802999999999999	0.00037291755901125233
8.80775	0.0005511970533467464
8.8125	0.0008001325278797315
8.81725	0.0011407170943886647
8.822	0.0015971840258572137
8.82675	0.002196306519675386
8.8315	0.0029661419297573014
8.83625	0.003934158837860537
8.841	0.005124751801188498
8.84575	0.006556238865221681
8.8505	0.008237542793814815
8.85525	0.01016486427513328
8.86	0.012318745108182124
8.864749999999999	0.014661970412318835
8.8695	0.01713875193885028
8.87425	0.019675556820451686
8.879	0.022183795608700423
8.88375	0.024564371861201133
8.8885	0.026713848325298082
8.89325	0.02853173837416194
8.898	0.029928227386911886
8.90275	0.030831506172232702
8.9075	0.031193885399250446
8.91225	0.030995966862619833
8.917	0.030248363831992725
8.92175	0.028990758152969438
8.926499999999999	0.027288410679279833
8.93125	0.025226552106072796
8.936	0.022903324960805622
8.94075	0.020422088706868978
8.9455	0.017883921962330324
8.95025	0.015381063267501466
8.955	0.012991848142546171
8.95975	0.010777461925060159
8.9645	0.008780576752281666
8.96925	0.007025715740618406
8.974	0.00552101706827275
8.97875	0.004260971111786505
8.9835	0.0032296768791496553
8.988249999999999	0.002404199728151199
8.993	0.001757692896408228
8.99775	0.001262049636315064
9.0025	0.0008899607617186155
9.007249999999999	0.0006163483912054406
9.012	0.00041922064224770666
9.01675	0.00028003997862976825
9.0215	0.0001837208293764327
9.02625	0.00011837438709034071
9.031	7.490625315826759e-05
9.03575	4.6552112024881834e-05
9.0405	2.8413300806773157e-05
9.04525	1.7031973535810598e-05
9.049999999999999	1.0026959082463377e-05
9.05475	5.797416421813809e-06
9.0595	3.292006883522776e-06
9.06425	1.835895500790564e-06
9.068999999999999	1.0055326225360405e-06
9.07375	5.408855224115519e-07
9.0785	2.857429563792872e-07
9.08325	1.4825409396575498e-07
9.088	7.554380243903804e-08
9.09275	3.780523755865289e-08
9.0975	1.8580871782794347e-08
9.10225	8.968941393552622e-09
9.107	4.251843496540934e-09
9.111749999999999	1.9795858433063094e-09
9.1165	9.051746710502911e-10
9.12125	4.0649146471729833e-10
9.126	1.7927983905493282e-10
9.130749999999999	7.765554302313804e-11
9.1355	3.303501077866402e-11
9.14025	1.3801854010994773e-11
9.145	5.663193364343195e-12
9.14975	2.2821612981956836e-12
9.1545	9.032173397174777e-13
9.15925	3.5107441542195135e-13
9.164	1.340192184243339e-13
9.16875	5.02453603204156e-14
9.1735	1.8500600864962764e-14
9.17825	6.690162813861704e-15
9.183	2.3760114267907492e-15
9.18775	8.287458133531716e-16
9.192499999999999	2.8389330749058017e-16
9.19725	9.551024218306388e-17
9.202	3.1557727564523175e-17
9.20675	1.0240531163753892e-17
9.2115	3.263624833329551e-18
9.21625	1.021501383572295e-18
9.221	3.140065258671091e-19
9.22575	9.479804329599777e-20
9.2305	2.810742478713789e-20
9.23525	8.184718100013753e-21
9.24	2.340708769133504e-21
9.24475	6.574338624666603e-22
9.2495	1.813503880046031e-22
9.254249999999999	4.913125961122918e-23
9.259	1.3078292205761634e-23
9.26375	3.44339829682692e-24
9.2685	9.907068886113185e-25
9.273249999999999	6.828816838024216e-25
9.278	1.8910080748626842e-24
9.28275	7.18238402611929e-24
9.2875	2.7491011040844434e-23
9.29225	1.0350974882935696e-22
9.297	3.8280436291799763e-22
9.30175	1.3903887134754744e-21
9.3065	4.959715260263405e-21
9.31125	1.7375537570051862e-20
9.315999999999999	5.978341791749161e-20
9.32075	2.0201527839269e-19
9.3255	6.704226471515024e-19
9.33025	2.1851141093999277e-18
9.334999999999999	6.994562427807814e-18
9.33975	2.198912584009093e-17
9.3445	6.789164994068263e-17
9.34925	2.0586653102593425e-16
9.354	6.1307853966653e-16
9.35875	1.7931122050770698e-15
9.3635	5.150623483903955e-15
9.36825	1.4530251292730294e-14
9.373	4.0257558384424466e-14
9.377749999999999	1.0954251866330907e-13
9.3825	2.927379300801988e-13
9.38725	7.683095963650705e-13
9.392	1.9804072258911276e-12
9.396749999999999	5.0134158702623544e-12
9.4015	1.2464473691768376e-11
9.40625	3.043512877853487e-11
9.411	7.298562421555349e-11
9.41575	1.7189391154948972e-10
9.4205	3.9759841692658737e-10
9.42525	9.0321217554863e-10
9.43	2.015096760246631e-09
9.43475	4.41532840063383e-09
9.439499999999999	9.501476563057348e-09
9.44425	2.0080761435904102e-08
9.449	4.168024244385173e-08
9.45375	8.496523851689767e-08
9.458499999999999	1.7010352362692232e-07
9.46325	3.344616466397195e-07
9.468	6.458628754976585e-07
9.47275	1.2248849671708628e-06
9.4775	2.281451664314707e-06
9.48225	4.1733828219873244e-06
9.487	7.49766722307678e-06
9.49175	1.3228941074948745e-05
9.4965	2.2923714335444295e-05
9.50125	3.9012688338772244e-05
9.506	6.520602908179613e-05
9.51075	0.0001070361828993361
9.5155	0.00017255774520016134
9.520249999999999	0.00027321169527035955
9.525	0.0004248397059189834
9.52975	0.0006488015781663478
9.5345	0.000973104946678017
9.53925	0.0014334034569023278
9.544	0.0020736630986986663
9.54875	0.002946245524610742
9.5535	0.004111124763915746
9.55825	0.005633954853816375
9.563	0.007582755501755981
9.56775	0.01002309225424417
9.5725	0.013011800236675497
9.57725	0.01658952805526567
9.581999999999999	0.02077263833903613
9.58675	0.025545256817239303
9.5915	0.030852465195616165
9.59625	0.03659573326874537
9.600999999999999	0.04263163810959261
9.60575	0.048774696120299055
9.6105	0.05480473833893648
9.61525	0.06047872536015802
9.62	0.06554629299309081
9.62475	0.06976773518421917
9.6295	0.0729326677741395
9.63425	0.07487736607385855
9.639	0.07549879200966395
9.643749999999999	0.07476363893195066
9.6485	0.07271128913013558
9.65325	0.06945031857167439
9.658	0.06514898058534666
9.662749999999999	0.060020829256619786
9.6675	0.054307191387973366
9.67225	0.04825848446956027
9.677	0.042116376529693196
9.68175	0.03609851238272545
9.6865	0.030387053811844485
9.69125	0.025121691001046716
9.696	0.02039718000518718
9.70075	0.01626493650692632
9.705499999999999	0.012737834461923609
9.71025	0.009797151265794076
9.715	0.007400567276474216
9.71975	0.005490238275197888
9.724499999999999	0.0040001691841183755
9.72925	0.0028623748753445165
9.734	0.002011572302348169
9.73875	0.001388371748082259
9.7435	0.0009411023822776082
9.74825	0.0006265113779077495
9.753	0.0004096208334050343
9.75775	0.0002630244346396214
9.7625	0.0001658712583309546
9.76725	0.00010273233692953027
9.772	6.248908710876022e-05
9.77675	3.733035994919092e-05
9.7815	2.190186811495459e-05
9.786249999999999	1.262005146603166e-05
9.791	7.14170779865235e-06
9.79575	3.969209415664655e-06
9.8005	2.1665411054796454e-06
9.80525	1.1614241124025158e-06
9.81	6.11470807131574e-07
9.81475	3.1617068628102235e-07
9.8195	1.6055671011618648e-07
9.82425	8.007488138705863e-08
9.829	3.9221584263594455e-08
9.83375	1.886752545453748e-08
9.8385	8.913858627019364e-09
9.84325	4.135971381174732e-09
9.847999999999999	1.884735019670732e-09
9.85275	8.434981026549605e-10
9.8575	3.7074836325341847e-10
9.86225	1.600433501804491e-10
9.866999999999999	6.785351038266697e-11
9.87175	2.82599274043924e-11
9.8765	1.157773484691711e-11
9.88125	4.708285663299287e-12
9.886	2.0126513077960192e-12
9.89075	1.1853905900738716e-12
9.8955	1.4901191723094525e-12
9.90025	3.1704399107679403e-12
9.905	7.619747672616766e-12
9.909749999999999	1.8409342450820193e-11
9.9145	4.3835624130053305e-11
9.91925	1.0256638186771136e-10
9.924	2.357098520574242e-10
9.928749999999999	5.32005903789978e-10
9.9335	1.1792799110667175e-09
9.93825	2.567310781999766e-09
9.943	5.4890980703094e-09
9.94775	1.1526156778962488e-08
9.9525	2.3769992241575356e-08
9.95725	4.8143154361288595e-08
9.962	9.576372453329536e-08
9.96675	1.8708049054181927e-07
9.971499999999999	3.5893594807466773e-07
9.97625	6.763420606550526e-07
9.981	1.251632470875293e-06
9.98575	2.2748262502471506e-06
9.990499999999999	4.060510383638356e-06
9.99525	7.118262579895788e-06
