   1    1   0.00000    1.84000    10.00 100.00     -0.00000   0.00000  -0.00000 
   2    2   0.06570    4.75750    10.00 100.00      0.00000  -0.00000   0.75060 
   3    3   0.00130    5.12270    10.00 100.00      0.10220   0.00000   0.00000 
   4    4   0.01050    5.67610    10.00 100.00      0.00000  -0.27490  -0.00000 
   5    5   0.00680    6.78160    10.00 100.00     -0.20260  -0.00000   0.00000 
   6    6   0.00150    7.00620    10.00 100.00     -0.00000  -0.09320  -0.00000 
   7    7   0.00000    7.38140    10.00 100.00     -0.00000   0.00000  -0.00000 
   8    8   0.08840    7.96430    10.00 100.00     -0.67300   0.00000  -0.00000 
   9    9   0.01800    8.04290    10.00 100.00     -0.00000  -0.00000  -0.30250 
  10   10   0.00000    8.60060    10.00 100.00     -0.00000   0.00000   0.00000 
  11   11   0.02220    8.87470    10.00 100.00     -0.00000  -0.31960   0.00000 
  12   12   0.00000    8.95990    10.00 100.00     -0.00000   0.00000   0.00000 
  13   13   0.01390    9.57320    10.00 100.00      0.00000  -0.00000   0.24370 
  14   14   0.01370    9.86580    10.00 100.00     -0.23850  -0.00000  -0.00000 
  15   15   0.17290    9.99030    10.00 100.00      0.00000   0.00000  -0.84040 
  16   16   0.02770   10.19930    10.00 100.00      0.00000  -0.33280  -0.00000 
  17   17   0.03990   10.51430    10.00 100.00      0.00000   0.00000  -0.39340 
  18   18   0.04550   11.05520    10.00 100.00     -0.40990   0.00000   0.00000 
  19   19   0.03020   11.28740    10.00 100.00     -0.00000  -0.33060   0.00000 
  20   20   0.30120   11.32020    10.00 100.00     -0.00000  -0.00000  -1.04210 
  21   21   0.00000   11.41870    10.00 100.00      0.00000   0.00000  -0.00000 
  22   22   0.00720   11.49690    10.00 100.00      0.00000   0.15950  -0.00000 
  23   23   0.00060   11.60870    10.00 100.00      0.00000  -0.04620   0.00000 
  24   24   0.00390   11.85980    10.00 100.00     -0.11620   0.00000  -0.00000 
  25   25   0.00000   12.18740    10.00 100.00     -0.00000  -0.00000  -0.00000 
  26   26   0.13470   12.32060    10.00 100.00     -0.00000  -0.66810  -0.00000 
  27   27   0.00470   12.71270    10.00 100.00      0.12320   0.00000  -0.00000 
  28   28   0.33750   12.92320    10.00 100.00      0.00000   0.00000   1.03250 
  29   29   0.03630   13.12850    10.00 100.00     -0.00000  -0.00000  -0.33590 
  30   30   0.06690   13.35240    10.00 100.00     -0.00000   0.00000   0.45240 
state state   Osc.      E(eV)      dum   dum        TrDx      TrDy       TrDz 
