0.5	0.0
0.50475	0.0
0.5095	0.0
0.51425	0.0
0.519	0.0
0.52375	0.0
0.5285	0.0
0.53325	0.0
0.538	0.0
0.54275	0.0
0.5475	0.0
0.55225	0.0
0.5569999999999999	0.0
0.56175	0.0
0.5665	0.0
0.57125	0.0
0.576	0.0
0.58075	0.0
0.5855	0.0
0.5902499999999999	0.0
0.595	0.0
0.59975	0.0
0.6045	0.0
0.60925	0.0
0.614	0.0
0.61875	0.0
0.6234999999999999	0.0
0.62825	0.0
0.633	0.0
0.63775	0.0
0.6425	0.0
0.64725	0.0
0.652	0.0
0.65675	0.0
0.6615	0.0
0.66625	0.0
0.671	0.0
0.67575	0.0
0.6805	0.0
0.68525	0.0
0.69	0.0
0.69475	0.0
0.6995	0.0
0.70425	0.0
0.709	0.0
0.71375	0.0
0.7185	0.0
0.72325	0.0
0.728	0.0
0.73275	0.0
0.7375	0.0
0.74225	0.0
0.747	0.0
0.7517499999999999	0.0
0.7565	0.0
0.76125	0.0
0.766	0.0
0.77075	0.0
0.7755	0.0
0.78025	0.0
0.7849999999999999	0.0
0.78975	0.0
0.7945	0.0
0.79925	0.0
0.804	0.0
0.80875	0.0
0.8135	0.0
0.8182499999999999	0.0
0.823	0.0
0.82775	0.0
0.8325	0.0
0.83725	0.0
0.842	0.0
0.84675	0.0
0.8514999999999999	0.0
0.85625	0.0
0.861	0.0
0.86575	0.0
0.8705	0.0
0.87525	0.0
0.88	0.0
0.8847499999999999	0.0
0.8895	0.0
0.89425	0.0
0.899	0.0
0.90375	0.0
0.9085	0.0
0.91325	0.0
0.9179999999999999	0.0
0.92275	0.0
0.9275	0.0
0.93225	0.0
0.937	0.0
0.94175	0.0
0.9465	0.0
0.9512499999999999	0.0
0.956	0.0
0.96075	0.0
0.9655	0.0
0.9702500000000001	0.0
0.975	0.0
0.97975	0.0
0.9844999999999999	0.0
0.98925	0.0
0.994	0.0
0.99875	0.0
1.0034999999999998	0.0
1.0082499999999999	0.0
1.013	0.0
1.01775	0.0
1.0225	0.0
1.02725	0.0
1.032	0.0
1.03675	0.0
1.0415	0.0
1.0462500000000001	0.0
1.051	0.0
1.05575	0.0
1.0605	0.0
1.06525	0.0
1.0699999999999998	0.0
1.0747499999999999	0.0
1.0795	0.0
1.08425	0.0
1.089	0.0
1.09375	0.0
1.0985	0.0
1.10325	0.0
1.108	0.0
1.1127500000000001	0.0
1.1175	0.0
1.12225	0.0
1.127	0.0
1.13175	0.0
1.1364999999999998	0.0
1.1412499999999999	0.0
1.146	0.0
1.15075	0.0
1.1555	0.0
1.16025	0.0
1.165	0.0
1.16975	0.0
1.1745	0.0
1.1792500000000001	0.0
1.184	0.0
1.18875	0.0
1.1935	0.0
1.19825	0.0
1.2029999999999998	0.0
1.2077499999999999	0.0
1.2125	0.0
1.21725	0.0
1.222	0.0
1.22675	0.0
1.2315	0.0
1.23625	0.0
1.241	0.0
1.2457500000000001	0.0
1.2505	0.0
1.25525	0.0
1.26	0.0
1.2647499999999998	0.0
1.2694999999999999	0.0
1.2742499999999999	0.0
1.279	0.0
1.28375	0.0
1.2885	0.0
1.29325	0.0
1.298	0.0
1.30275	0.0
1.3075	0.0
1.3122500000000001	0.0
1.317	0.0
1.32175	0.0
1.3265	0.0
1.3312499999999998	0.0
1.3359999999999999	0.0
1.3407499999999999	0.0
1.3455	0.0
1.35025	0.0
1.355	0.0
1.35975	0.0
1.3645	0.0
1.36925	0.0
1.374	0.0
1.3787500000000001	0.0
1.3835	0.0
1.38825	0.0
1.393	0.0
1.3977499999999998	0.0
1.4024999999999999	0.0
1.40725	0.0
1.412	0.0
1.41675	0.0
1.4215	0.0
1.42625	0.0
1.431	0.0
1.43575	0.0
1.4405000000000001	0.0
1.44525	0.0
1.45	0.0
1.45475	0.0
1.4595	0.0
1.4642499999999998	0.0
1.4689999999999999	0.0
1.47375	0.0
1.4785	0.0
1.48325	0.0
1.488	0.0
1.49275	0.0
1.4975	0.0
1.50225	0.0
1.507	0.0
1.51175	0.0
1.5165	0.0
1.52125	0.0
1.526	0.0
1.53075	0.0
1.5354999999999999	0.0
1.54025	0.0
1.545	0.0
1.54975	0.0
1.5545	0.0
1.55925	0.0
1.564	0.0
1.5687499999999999	0.0
1.5735	0.0
1.57825	0.0
1.583	0.0
1.58775	0.0
1.5925	0.0
1.59725	0.0
1.6019999999999999	0.0
1.60675	0.0
1.6115	0.0
1.61625	0.0
1.621	0.0
1.62575	0.0
1.6305	0.0
1.6352499999999999	0.0
1.64	0.0
1.64475	0.0
1.6495	0.0
1.65425	0.0
1.659	0.0
1.66375	0.0
1.6684999999999999	0.0
1.67325	0.0
1.678	0.0
1.68275	0.0
1.6875	0.0
1.69225	0.0
1.697	0.0
1.7017499999999999	0.0
1.7065	0.0
1.71125	0.0
1.716	0.0
1.72075	0.0
1.7255	0.0
1.73025	0.0
1.7349999999999999	0.0
1.73975	0.0
1.7445	0.0
1.74925	0.0
1.754	0.0
1.75875	0.0
1.7635	0.0
1.7682499999999999	0.0
1.773	0.0
1.77775	0.0
1.7825	0.0
1.78725	0.0
1.792	0.0
1.79675	0.0
1.8014999999999999	0.0
1.80625	0.0
1.811	0.0
1.81575	0.0
1.8205	0.0
1.82525	0.0
1.83	0.0
1.8347499999999999	0.0
1.8395	0.0
1.84425	0.0
1.849	0.0
1.85375	0.0
1.8585	0.0
1.86325	0.0
1.8679999999999999	0.0
1.87275	0.0
1.8775	0.0
1.88225	0.0
1.887	0.0
1.89175	0.0
1.8965	0.0
1.9012499999999999	0.0
1.906	0.0
1.91075	0.0
1.9155	0.0
1.92025	0.0
1.925	0.0
1.9297499999999999	0.0
1.9344999999999999	0.0
1.93925	0.0
1.944	0.0
1.94875	0.0
1.9535	0.0
1.95825	0.0
1.9629999999999999	0.0
1.9677499999999999	0.0
1.9725	0.0
1.97725	0.0
1.982	0.0
1.98675	0.0
1.9915	0.0
1.9962499999999999	0.0
2.001	0.0
2.00575	0.0
2.0105	0.0
2.01525	0.0
2.02	0.0
2.02475	0.0
2.0294999999999996	0.0
2.03425	0.0
2.0389999999999997	0.0
2.04375	0.0
2.0484999999999998	0.0
2.0532500000000002	0.0
2.058	0.0
2.06275	0.0
2.0675	0.0
2.07225	0.0
2.077	0.0
2.08175	0.0
2.0865	0.0
2.09125	0.0
2.096	0.0
2.1007499999999997	0.0
2.1055	0.0
2.1102499999999997	0.0
2.115	0.0
2.11975	0.0
2.1245000000000003	0.0
2.12925	0.0
2.134	0.0
2.13875	0.0
2.1435	0.0
2.14825	0.0
2.153	0.0
2.15775	0.0
2.1624999999999996	0.0
2.16725	0.0
2.1719999999999997	0.0
2.17675	0.0
2.1814999999999998	0.0
2.1862500000000002	0.0
2.191	0.0
2.19575	0.0
2.2005	0.0
2.20525	0.0
2.21	0.0
2.21475	0.0
2.2195	0.0
2.22425	0.0
2.229	0.0
2.2337499999999997	0.0
2.2385	0.0
2.2432499999999997	0.0
2.248	0.0
2.25275	0.0
2.2575000000000003	0.0
2.26225	0.0
2.267	0.0
2.27175	0.0
2.2765	0.0
2.28125	0.0
2.286	0.0
2.29075	0.0
2.2954999999999997	0.0
2.30025	0.0
2.3049999999999997	0.0
2.30975	0.0
2.3145	0.0
2.3192500000000003	0.0
2.324	0.0
2.32875	0.0
2.3335	0.0
2.33825	0.0
2.343	0.0
2.34775	0.0
2.3525	0.0
2.3572499999999996	0.0
2.362	0.0
2.3667499999999997	0.0
2.3715	0.0
2.3762499999999998	0.0
2.3810000000000002	0.0
2.38575	0.0
2.3905	0.0
2.39525	0.0
2.4	0.0
2.40475	0.0
2.4095	0.0
2.41425	0.0
2.419	0.0
2.42375	0.0
2.4284999999999997	0.0
2.43325	0.0
2.4379999999999997	0.0
2.44275	0.0
2.4475	0.0
2.4522500000000003	0.0
2.457	0.0
2.46175	0.0
2.4665	0.0
2.47125	0.0
2.476	0.0
2.48075	0.0
2.4855	0.0
2.4902499999999996	0.0
2.495	0.0
2.4997499999999997	0.0
2.5045	0.0
2.5092499999999998	0.0
2.514	0.0
2.51875	0.0
2.5235	0.0
2.52825	0.0
2.533	0.0
2.53775	0.0
2.5425	0.0
2.54725	0.0
2.552	0.0
2.55675	0.0
2.5615	0.0
2.56625	0.0
2.5709999999999997	0.0
2.5757499999999998	0.0
2.5805	0.0
2.58525	0.0
2.59	0.0
2.59475	0.0
2.5995	0.0
2.60425	0.0
2.609	0.0
2.61375	0.0
2.6185	0.0
2.62325	0.0
2.628	0.0
2.63275	0.0
2.6374999999999997	0.0
2.6422499999999998	0.0
2.647	0.0
2.65175	0.0
2.6565	0.0
2.66125	0.0
2.666	0.0
2.67075	0.0
2.6755	0.0
2.68025	0.0
2.685	0.0
2.68975	0.0
2.6945	0.0
2.69925	0.0
2.7039999999999997	0.0
2.7087499999999998	0.0
2.7135	0.0
2.71825	0.0
2.723	0.0
2.72775	0.0
2.7325	0.0
2.73725	0.0
2.742	0.0
2.74675	0.0
2.7515	0.0
2.75625	0.0
2.761	0.0
2.76575	0.0
2.7704999999999997	0.0
2.7752499999999998	0.0
2.78	0.0
2.78475	0.0
2.7895	0.0
2.79425	0.0
2.799	0.0
2.80375	0.0
2.8085	0.0
2.81325	0.0
2.818	0.0
2.82275	0.0
2.8275	0.0
2.83225	0.0
2.8369999999999997	0.0
2.8417499999999998	0.0
2.8465	0.0
2.85125	0.0
2.856	0.0
2.86075	0.0
2.8655	0.0
2.87025	0.0
2.875	0.0
2.87975	0.0
2.8845	0.0
2.88925	0.0
2.894	0.0
2.89875	0.0
2.9034999999999997	0.0
2.90825	0.0
2.913	0.0
2.91775	0.0
2.9225	0.0
2.92725	0.0
2.932	0.0
2.93675	0.0
2.9415	0.0
2.94625	0.0
2.951	0.0
2.95575	0.0
2.9605	0.0
2.9652499999999997	0.0
2.9699999999999998	0.0
2.97475	0.0
2.9795	0.0
2.98425	0.0
2.989	0.0
2.99375	0.0
2.9985	0.0
3.00325	0.0
3.008	0.0
3.01275	0.0
3.0175	0.0
3.02225	0.0
3.027	0.0
3.0317499999999997	0.0
3.0364999999999998	0.0
3.04125	0.0
3.046	0.0
3.05075	0.0
3.0555	0.0
3.06025	0.0
3.065	0.0
3.06975	0.0
3.0745	0.0
3.07925	0.0
3.084	0.0
3.08875	0.0
3.0935	0.0
3.0982499999999997	0.0
3.1029999999999998	0.0
3.10775	0.0
3.1125	0.0
3.11725	0.0
3.122	0.0
3.12675	0.0
3.1315	0.0
3.13625	0.0
3.141	0.0
3.14575	0.0
3.1505	0.0
3.15525	0.0
3.16	0.0
3.1647499999999997	0.0
3.1694999999999998	0.0
3.17425	0.0
3.179	0.0
3.18375	0.0
3.1885	0.0
3.19325	0.0
3.198	0.0
3.20275	0.0
3.2075	0.0
3.21225	0.0
3.217	0.0
3.22175	0.0
3.2265	0.0
3.2312499999999997	0.0
3.2359999999999998	0.0
3.24075	0.0
3.2455	0.0
3.25025	0.0
3.255	0.0
3.25975	0.0
3.2645	0.0
3.26925	0.0
3.274	0.0
3.27875	0.0
3.2835	0.0
3.28825	0.0
3.293	0.0
3.2977499999999997	0.0
3.3024999999999998	0.0
3.30725	0.0
3.312	0.0
3.31675	0.0
3.3215	0.0
3.32625	0.0
3.331	0.0
3.33575	0.0
3.3405	0.0
3.34525	0.0
3.35	0.0
3.35475	0.0
3.3594999999999997	0.0
3.3642499999999997	0.0
3.3689999999999998	0.0
3.37375	0.0
3.3785	0.0
3.38325	0.0
3.388	0.0
3.39275	0.0
3.3975	3.5e-323
3.40225	5.618e-321
3.407	9.6012e-319
3.41175	1.6112464e-316
3.4165	2.655579363e-314
3.42125	4.298506602577e-312
3.4259999999999997	6.83340082776975e-310
3.4307499999999997	1.0668839416378664e-307
3.4354999999999998	1.6359063768716458e-305
3.44025	2.463546118881135e-303
3.445	3.6435432835346525e-301
3.44975	5.292345078624297e-299
3.4545	7.549763707412833e-297
3.45925	1.0577415127957806e-294
3.464	1.4554145887679874e-292
3.46875	1.966775923026031e-290
3.4735	2.6102615545722822e-288
3.47825	3.402312143844725e-286
3.483	4.3553721354620224e-284
3.48775	5.475671249464052e-282
3.4924999999999997	6.760992405591382e-280
3.4972499999999997	8.198690930079324e-278
3.502	9.764265197102089e-276
3.50675	1.1420775702992208e-273
3.5115	1.3119359200377608e-271
3.51625	1.4800985329927788e-269
3.521	1.639946264775297e-267
3.52575	1.7845535821696427e-265
3.5305	1.9071750273884365e-263
3.53525	2.0017622507146344e-261
3.54	2.063457000730765e-259
3.54475	2.0890043104546205e-257
3.5495	2.077037002284194e-255
3.55425	2.0281969045761025e-253
3.5589999999999997	1.945077822841169e-251
3.5637499999999998	1.8319973175388507e-249
3.5685	1.6946252349089308e-247
3.57325	1.5395134578548898e-245
3.578	1.3735810629393891e-243
3.58275	1.2036108231802446e-241
3.5875	1.035807040436704e-239
3.59225	8.754525608760864e-238
3.597	7.266869496523833e-236
3.60175	5.924109658457057e-234
3.6065	4.743072920540531e-232
3.61125	3.729559145586346e-230
3.616	2.880157122694239e-228
3.62075	2.1844185060244355e-226
3.6254999999999997	1.6271084414348343e-224
3.6302499999999998	1.1903046600270683e-222
3.635	8.551863378353963e-221
3.63975	6.034264726240293e-219
3.6445	4.181662213469245e-217
3.64925	2.8459975540355794e-215
3.654	1.9023090813126655e-213
3.65875	1.2487877343876223e-211
3.6635	8.051135804930418e-210
3.66825	5.09784544788683e-208
3.673	3.1701306554868526e-206
3.67775	1.936103827442545e-204
3.6825	1.1612911323888912e-202
3.68725	6.840920771641133e-201
3.6919999999999997	3.957755819287349e-199
3.6967499999999998	2.2487667758555402e-197
3.7015	1.2548760218670317e-195
3.70625	6.87730381204441e-194
3.711	3.701660494833627e-192
3.71575	1.9567527035925312e-190
3.7205	1.0158656735967637e-188
3.72525	5.179616591229356e-187
3.73	2.5937010963677723e-185
3.73475	1.2755668453735506e-183
3.7395	6.160947443149383e-182
3.74425	2.922488225483075e-180
3.749	1.361504310947138e-178
3.7537499999999997	6.229400538711508e-177
3.7584999999999997	2.799203522500609e-175
3.7632499999999998	1.2353319686402546e-173
3.768	5.35419112186075e-172
3.77275	2.2791087228178054e-170
3.7775	9.527900246639278e-169
3.78225	3.911923420772602e-167
3.787	1.577409572550382e-165
3.79175	6.2468285160835216e-164
3.7965	2.4296050457846324e-162
3.80125	9.280529640968103e-161
3.806	3.481535501597466e-159
3.81075	1.2827141293388439e-157
3.8155	4.641409787390667e-156
3.8202499999999997	1.649418773864656e-154
3.8249999999999997	5.756691254056214e-153
3.8297499999999998	1.973221899151984e-151
3.8345	6.642627517051555e-150
3.83925	2.1961644557689553e-148
3.844	7.131005987095398e-147
3.84875	2.2740380564281232e-145
3.8535	7.122060201061935e-144
3.85825	2.1906577729194743e-142
3.863	6.617659507162082e-141
3.86775	1.9633389557100917e-139
3.8725	5.720673136571762e-138
3.87725	1.6370425548748558e-136
3.882	4.6008045975225395e-135
3.8867499999999997	1.2698972792463203e-133
3.8914999999999997	3.442424162909621e-132
3.8962499999999998	9.164761231365414e-131
3.901	2.3962874473596068e-129
3.90575	6.153435536983998e-128
3.9105	1.5518773068292596e-126
3.91525	3.8437762075120145e-125
3.92	9.35017610394661e-124
3.92475	2.2337906642036463e-122
3.9295	5.24114454336335e-121
3.93425	1.2077325944519545e-119
3.939	2.733231530052408e-118
3.94375	6.074954665998573e-117
3.9485	1.3260828100391189e-115
3.9532499999999997	2.842884619642539e-114
3.9579999999999997	5.985615384349688e-113
3.9627499999999998	1.2377113253575428e-111
3.9675	2.5135695537870415e-110
3.97225	5.013297001866443e-109
3.977	9.820123413613595e-108
3.98175	1.8891717469177838e-106
3.9865	3.569331812415961e-105
3.99125	6.623131655860291e-104
3.996	1.206982124203533e-102
4.00075	2.1602264170414742e-101
4.0055	3.7971582040210575e-100
4.01025	6.555096593246343e-99
4.015000000000001	1.1113746437731539e-97
4.01975	1.850558663801855e-96
4.0245	3.0262598403895045e-95
4.029249999999999	4.860383712320828e-94
4.034	7.666477821308465e-93
4.03875	1.1876328317260567e-91
4.0435	1.806880749817639e-90
4.0482499999999995	2.6998384097486582e-89
4.053	3.9619321779072924e-88
4.05775	5.710015493093006e-87
4.0625	8.082180047466982e-86
4.06725	1.1235198247421255e-84
4.072	1.5338890376273925e-83
4.0767500000000005	2.0566866632632348e-82
4.0815	2.7083407527640933e-81
4.08625	3.5026719307464316e-80
4.090999999999999	4.4489405671564197e-79
4.09575	5.549766751085462e-78
4.1005	6.799137779769857e-77
4.10525	8.180765384753049e-76
4.109999999999999	9.667073446074937e-75
4.11475	1.121907582392171e-73
4.1195	1.278733764832331e-72
4.12425	1.4314103959569702e-71
4.129	1.5736537676811274e-70
4.13375	1.6990853266152094e-69
4.1385000000000005	1.8016987504569176e-68
4.14325	1.8763340074918763e-67
4.148	1.9191066362076798e-66
4.152749999999999	1.9277426194112014e-65
4.1575	1.901778684752501e-64
4.16225	1.8426034778013913e-63
4.167	1.7533345151813523e-62
4.171749999999999	1.6385460916337747e-61
4.1765	1.5038811896305743e-60
4.18125	1.3555931846112732e-59
4.186	1.2000689820254433e-58
4.1907499999999995	1.0433836558539906e-57
4.1955	8.909284606385619e-57
4.2002500000000005	7.471410880298571e-56
4.205	6.153516833233782e-55
4.20975	4.977429873643465e-54
4.214499999999999	3.9541022139766476e-53
4.21925	3.084974779738295e-52
4.224	2.363830482836486e-51
4.22875	1.7788610433374279e-50
4.233499999999999	1.3147061797564732e-49
4.23825	9.542812021751266e-49
4.243	6.802757945808994e-48
4.24775	4.762715635525482e-47
4.2524999999999995	3.2748036864905568e-46
4.25725	2.2114487223541064e-45
4.2620000000000005	1.4666600461342188e-44
4.26675	9.553071618712935e-44
4.2715	6.111074672839168e-43
4.27625	3.8393095750053044e-42
4.281	2.3689159827430395e-41
4.28575	1.4355131286998092e-40
4.2905	8.543300138807508e-40
4.295249999999999	4.9935010315314876e-39
4.3	2.8664581692291047e-38
4.30475	1.6160212136770494e-37
4.3095	8.947660373116198e-37
4.3142499999999995	4.8655608629877354e-36
4.319	2.598467638050027e-35
4.32375	1.3628959465434157e-34
4.3285	7.0205166226915715e-34
4.33325	3.5517012544896224e-33
4.338	1.7646751497591875e-32
4.3427500000000006	8.611010045632603e-32
4.3475	4.12671433297698e-31
4.35225	1.9422972778173388e-30
4.356999999999999	8.978173240887921e-30
4.36175	4.075878651033054e-29
4.3665	1.8172534181761502e-28
4.37125	7.957391541346849e-28
4.3759999999999994	3.422054690421518e-27
4.38075	1.445320453858127e-26
4.3855	5.995181506613334e-26
4.39025	2.442314050820905e-25
4.395	9.771509633446972e-25
4.39975	3.839571909044804e-24
4.4045000000000005	1.4817158663345096e-23
4.40925	5.615753567733704e-23
4.414	2.0903169232035349e-22
4.418749999999999	7.641475343910297e-22
4.4235	2.74348936036099e-21
4.42825	9.673649081846427e-21
4.433	3.349950288218916e-20
4.437749999999999	1.139324352425387e-19
4.4425	3.8055495657040786e-19
4.44725	1.2483845061872619e-18
4.452	4.021984028873685e-18
4.4567499999999995	1.2726040412628602e-17
4.4615	3.9546425877222866e-17
4.4662500000000005	1.2069302281201664e-16
4.471	3.617579422685026e-16
4.47575	1.0649150613916333e-15
4.480499999999999	3.0787388271327216e-15
4.48525	8.741615753641464e-15
4.49	2.437651189493204e-14
4.49475	6.675939533240872e-14
4.499499999999999	1.795619082849748e-13
4.50425	4.743260912659998e-13
4.509	1.2305543543395078e-12
4.51375	3.1353467136545003e-12
4.5184999999999995	7.845693342332702e-12
4.52325	1.9281378053593634e-11
4.528	4.653779426861949e-11
4.53275	1.1031498374802102e-10
4.5375	2.568172551311733e-10
4.54225	5.871849004263816e-10
4.547	1.3185194567780637e-09
4.55175	2.9077642399199746e-09
4.5565	6.297857419780734e-09
4.56125	1.339637949426771e-08
4.566	2.7986142681982293e-08
4.57075	5.741952966103616e-08
4.5755	1.157010238633517e-07
4.5802499999999995	2.2896851006251147e-07
4.585	4.4501566484911807e-07
4.5897499999999996	8.494460944305492e-07
4.5945	1.59241893745674e-06
4.59925	2.9318370452826787e-06
4.604	5.301311296937595e-06
4.60875	9.414294300301622e-06
4.6135	1.6419246346659163e-05
4.61825	2.8124165935906753e-05
4.623	4.731153830159895e-05
4.62775	7.816556493515224e-05
4.6325	0.0001268308367501606
4.63725	0.000202113456278705
4.6419999999999995	0.00031631995098632085
4.64675	0.0004862044451478938
4.6514999999999995	0.0007339597601829287
4.65625	0.001088144471028796
4.661	0.0015843891290330055
4.66575	0.002265677713617895
4.6705	0.00318196498411208
4.67525	0.004388879369046778
4.68	0.0059452877173046155
4.68475	0.00790957400822526
4.6895	0.010334614846084524
4.69425	0.013261617032706629
4.699	0.016713201656660487
4.70375	0.020686347166431227
4.7085	0.02514600219573777
4.7132499999999995	0.030020303182073292
4.718	0.03519834010874308
4.72275	0.04053127610107259
4.7275	0.04583733462286647
4.73225	0.0509107411316043
4.737	0.05553419324177751
4.74175	0.05949390828173079
4.7465	0.06259584646407089
4.75125	0.06468141591125516
4.756	0.06564089660051924
4.76075	0.06542300306806603
4.7655	0.06403942603523785
4.77025	0.061563793229826066
4.7749999999999995	0.05812517795478753
4.77975	0.05389695191051513
4.7844999999999995	0.049082321816114556
4.78925	0.04389822671329052
4.794	0.03855936205892928
4.79875	0.03326393993774139
4.8035	0.028182435393215747
4.80825	0.023450080447667717
4.813	0.019163337061052367
4.81775	0.015380091686806326
4.8225	0.012122932726339714
4.82725	0.009384636389461914
4.832	0.007134904923631852
4.83675	0.005327456530440717
4.8415	0.00390672304031184
4.8462499999999995	0.0028136256694705794
4.851	0.0019901279347532387
4.85575	0.0013824730015271102
4.8605	0.0009431772269477948
4.86525	0.0006319619612747305
4.87	0.00041586230359631104
4.87475	0.00026876279955899597
4.8795	0.00017058849679911663
4.88425	0.00010633869181529507
4.889	6.510193100882254e-05
4.89375	3.914329840908626e-05
4.8985	2.3114365531321722e-05
4.90325	1.340502480393297e-05
4.9079999999999995	7.635098786103067e-06
4.91275	4.2709483776313645e-06
4.9174999999999995	2.3463972012595267e-06
4.92225	1.2660941933924984e-06
4.927	6.711147394554995e-07
4.93175	3.497114692561851e-07
4.9365	1.796656468650413e-07
4.94125	9.204671785854165e-08
4.946	4.905261664321496e-08
4.95075	3.087716236589669e-08
4.9555	2.825884798550041e-08
4.96025	3.859513393864319e-08
4.965	6.436515101990993e-08
4.9697499999999994	1.131932074920803e-07
4.9745	1.9928945657153058e-07
4.9792499999999995	3.462836873513161e-07
4.984	5.91661559524133e-07
4.98875	9.931361497154625e-07
4.9935	1.6373384326153693e-06
4.99825	2.6511689571217335e-06
5.003	4.215988449152543e-06
5.00775	6.584501798183935e-06
5.0125	1.0099678345444294e-05
5.01725	1.5214342244127853e-05
5.022	2.2509187191665374e-05
5.02675	3.270599989047726e-05
5.0315	4.667195941647647e-05
5.03625	6.54102218389404e-05
5.0409999999999995	9.003185421729952e-05
5.04575	0.00012170481253400592
5.0504999999999995	0.0001615772802111458
5.05525	0.0002106753964467625
5.06	0.0002697791182007196
5.06475	0.0003392843490150325
5.0695	0.00041906395413834186
5.07425	0.0005083440811773716
5.079	0.0006056144384793707
5.08375	0.0007085910369882272
5.0885	0.0008142468238557469
5.09325	0.000918919518509629
5.098	0.0010184972579804364
5.1027499999999995	0.00110867240111
5.1075	0.001185243530528941
5.1122499999999995	0.0012444370568252352
5.117	0.0012832145083741414
5.12175	0.0012995307846984572
5.1265	0.0012925128437229684
5.13125	0.001262537095698872
5.136	0.0012111959555270683
5.14075	0.0011411576897790098
5.1455	0.0010559367255134383
5.15025	0.0009596019311816802
5.155	0.0008564565129036092
5.15975	0.000750724352255195
5.1645	0.0006462739877116164
5.16925	0.0005464039533237856
5.1739999999999995	0.0004537033377832422
5.17875	0.0003699909491009065
5.1834999999999996	0.000296326990861485
5.18825	0.00023308391605070895
5.193	0.00018005881426726812
5.19775	0.00013660841431548966
5.2025	0.00010178915270208058
5.20725	7.448803760627378e-05
5.212	5.353435211475353e-05
5.21675	3.7786751185532363e-05
5.2215	2.619434488668302e-05
5.22625	1.783349701226546e-05
5.231	1.192412362430649e-05
5.2357499999999995	7.830282146973097e-06
5.2405	5.04997626587574e-06
5.2452499999999995	3.1986170465844446e-06
5.25	1.9897391374786267e-06
5.25475	1.2156009255450336e-06
5.2595	7.293683039240054e-07
5.26425	4.2979735167657606e-07
5.269	2.4873767384567724e-07
5.27375	1.4137752893798562e-07
5.2785	7.89187484395311e-08
5.28325	4.326542522665169e-08
5.288	2.32950017975116e-08
5.29275	1.2318150467345383e-08
5.2975	6.397189942311829e-09
5.30225	3.262826428746237e-09
5.3069999999999995	1.6344049978566795e-09
5.31175	8.040561470773136e-10
5.3165	3.884848222255261e-10
5.32125	1.8434133146468161e-10
5.326	8.590775475122115e-11
5.33075	3.931904870875321e-11
5.3355	1.7673990603131352e-11
5.34025	7.802382232179964e-12
5.345	3.3828349538694625e-12
5.34975	1.4404406931962707e-12
5.3545	6.023805564778449e-13
5.35925	2.4740447166070054e-13
5.364	9.979425752273428e-14
5.3687499999999995	3.9533748968958194e-14
5.3735	1.5382246021153626e-14
5.3782499999999995	5.881178195022584e-15
5.383	2.218006530416082e-15
5.38775	8.506274938464358e-16
5.3925	4.062267835570884e-16
5.39725	4.306972807365075e-16
5.402	9.689770885401622e-16
5.40675	2.63108805148313e-15
5.4115	7.2262195798316e-15
5.41625	1.9563364406591303e-14
5.421	5.203939754182991e-14
5.42575	1.3595832919499612e-13
5.430499999999999	3.48853653338056e-13
5.43525	8.791076764034032e-13
5.4399999999999995	2.1757144558388514e-12
5.44475	5.28838070632472e-12
5.4495	1.2624218776259404e-11
5.45425	2.959697304517097e-11
5.459	6.814767857573962e-11
5.46375	1.5410467728088142e-10
5.4685	3.4224850435067805e-10
5.47325	7.464973701826904e-10
5.478	1.5991013498719897e-09
5.48275	3.3642222769727084e-09
5.4875	6.951113170217527e-09
5.49225	1.4105387479176796e-08
5.497	2.8111024071837156e-08
5.5017499999999995	5.502110369198186e-08
5.5065	1.0576522880047093e-07
5.5112499999999995	1.9967215870971004e-07
5.516	3.702142215018514e-07
5.52075	6.741393330410507e-07
5.5255	1.2056110527690147e-06
5.53025	2.117511410394449e-06
5.535	3.6526266398598153e-06
5.53975	6.1879356663888145e-06
5.5445	1.0295496186337295e-05
5.54925	1.6823244581425447e-05
5.554	2.6998101160589e-05
5.55875	4.255177356888284e-05
5.5634999999999994	6.58662740695644e-05
5.56825	0.00010013122103531067
5.5729999999999995	0.00014949852643283095
5.57775	0.00021921249060679045
5.5825	0.0003156855225135918
5.58725	0.0004464830939677485
5.592	0.0006201780015731794
5.59675	0.0008460356821048044
5.6015	0.0011335012085360978
5.60625	0.00149147603505515
5.611	0.001927398675353212
5.61575	0.002446176656250734
5.6205	0.003049053629812429
5.62525	0.0037325298852478954
5.63	0.004487479821324363
5.6347499999999995	0.005298619193910125
5.6395	0.006144462422939517
5.6442499999999995	0.006997873079950332
5.649	0.007827250173239316
5.65375	0.008598315028661655
5.6585	0.009276378818891333
5.66325	0.009828892447532265
5.668	0.010228022498909611
5.67275	0.010452971135260572
5.6775	0.010491771226100855
5.68225	0.010342341117770822
5.687	0.010012669660937012
5.69175	0.009520108608208667
5.6964999999999995	0.008889859607007477
5.70125	0.008152839383264606
5.7059999999999995	0.007343174609026125
5.71075	0.006495608006187116
5.7155	0.005643087005440639
5.72025	0.004814760276330686
5.725	0.004034535821907856
5.72975	0.003320270505479904
5.7345	0.0026835787471982723
5.73925	0.0021301795185163135
5.744	0.0016606535955968373
5.74875	0.001271460522169742
5.7535	0.000956065605929089
5.75825	0.000706046808400207
5.763	0.000512082905197783
5.7677499999999995	0.0003647607051110089
5.7725	0.000255174222191053
5.7772499999999996	0.00017531801198679344
5.782	0.00011829796113614745
5.78675	7.839510868166883e-05
5.7915	5.1022491032307195e-05
5.79625	3.261334420775647e-05
5.801	2.047340109610515e-05
5.80575	1.2622507578484384e-05
5.8105	7.642972025791003e-06
5.81525	4.545062760139384e-06
5.82	2.654474047356398e-06
5.82475	1.5225728009057887e-06
5.8294999999999995	8.577063702742885e-07
5.83425	4.745261917362485e-07
5.8389999999999995	2.578355078528335e-07
5.84375	1.3758980279074573e-07
5.8485	7.210921286589545e-08
5.85325	3.7115579538853146e-08
5.858	1.876215511405094e-08
5.86275	9.314728109124021e-09
5.8675	4.541701924881776e-09
5.87225	2.1748437331407785e-09
5.877	1.0228182578516396e-09
5.88175	4.724217355232235e-10
5.8865	2.143000410663929e-10
5.891249999999999	9.547191248374581e-11
5.896	4.1772452622648886e-11
5.9007499999999995	1.795003552623863e-11
5.9055	7.575331358309177e-12
5.91025	3.1397779916047063e-12
5.915	1.278077625718883e-12
5.91975	5.109477697254244e-13
5.9245	2.0061193556643588e-13
5.92925	7.735671396761563e-14
5.934	2.9295454664718044e-14
5.93875	1.089590873205305e-14
5.9435	3.980042004328219e-15
5.94825	1.427817954706219e-15
5.953	5.030590969044409e-16
5.95775	1.740708938360022e-16
5.9624999999999995	5.915538654184e-17
5.96725	1.974346700510417e-17
5.9719999999999995	6.471627691551707e-18
5.97675	2.0833614105932606e-18
5.9815	6.5868335842461965e-19
5.98625	2.045265776416819e-19
5.991	6.2371156382849e-20
5.99575	1.868008402760285e-20
6.0005	5.4945842816144025e-21
6.00525	1.5872737644655552e-21
6.01	4.503289024112571e-22
6.01475	1.2547834702719577e-22
6.0195	3.4337505446514206e-23
6.024249999999999	9.228469437781441e-24
6.029	2.4358559396846763e-24
6.0337499999999995	6.314435131023336e-25
6.0385	1.6076014780917258e-25
6.04325	4.019604022954291e-26
6.048	9.870726809886047e-27
6.05275	2.3805427050491437e-27
6.0575	5.638502871826181e-28
6.06225	1.3116338607372255e-28
6.067	2.996556137233984e-29
6.07175	6.723465815936956e-30
6.0765	1.4815795290117945e-30
6.08125	3.2064001556016167e-31
6.086	6.815087838025677e-32
6.09075	1.4226110546031498e-32
6.0954999999999995	2.916499357709351e-33
6.10025	5.8721694018142756e-34
6.1049999999999995	1.1611711872820582e-34
6.10975	2.255043431759449e-35
6.1145	4.301050632381946e-36
6.11925	8.056662742375734e-37
6.124	1.4821658333508385e-37
6.12875	2.677931081716015e-38
6.1335	4.7518527990477856e-39
6.13825	8.28109079248342e-40
6.143	1.4173369137084401e-40
6.14775	2.382427178549168e-41
6.1525	3.9330290668716876e-42
6.1572499999999994	6.376695247852772e-43
6.162	1.0153719280244904e-43
6.1667499999999995	1.587872499984939e-44
6.1715	2.4387489024608373e-45
6.17625	3.678574289960999e-46
6.181	5.449453611624195e-47
6.18575	7.928433236350361e-48
6.1905	1.1328770306832943e-48
6.19525	1.5897877788297487e-49
6.2	2.1910713560627425e-50
6.20475	2.965752282671643e-51
6.2095	3.9425228585215094e-52
6.21425	5.14724955473108e-53
6.218999999999999	6.600580909962268e-54
6.22375	8.370265015589956e-55
6.2284999999999995	1.5163381568730131e-55
6.23325	4.0849062843199325e-55
6.2379999999999995	3.1545649218095966e-54
6.24275	2.465649689598874e-53
6.2475	1.8935782155747612e-52
6.25225	1.428233087995202e-51
6.257	1.0579763534244321e-50
6.26175	7.6968640748776105e-50
6.2665	5.499366423678412e-49
6.27125	3.858979602764191e-48
6.276	2.65945896082682e-47
6.28075	1.800010702875033e-46
6.2855	1.1965142259498498e-45
6.2902499999999995	7.81126965055666e-45
6.295	5.008254368489405e-44
6.2997499999999995	3.1536399706428186e-43
6.3045	1.9502883607485487e-42
6.30925	1.1845312727987816e-41
6.314	7.065700386887477e-41
6.31875	4.139280800091832e-40
6.3235	2.381527193810666e-39
6.32825	1.3456966938993254e-38
6.333	7.467922641586123e-38
6.33775	4.070178166216383e-37
6.3425	2.1786527495976987e-36
6.34725	1.1453114262225179e-35
6.351999999999999	5.913167169688473e-35
6.35675	2.9983180906341056e-34
6.3614999999999995	1.4931252432380119e-33
6.36625	7.30257044553932e-33
6.3709999999999996	3.507650040080734e-32
6.37575	1.654694196149398e-31
6.3805	7.666201227910783e-31
6.38525	3.488218414845497e-30
6.39	1.5587917937887193e-29
6.39475	6.841219669736292e-29
6.3995	2.9487635209148125e-28
6.40425	1.2482665689318858e-27
6.409	5.189621905982944e-27
6.41375	2.1189713338512748e-26
6.4185	8.497191958096351e-26
6.4232499999999995	3.3464686584753806e-25
6.428	1.2943719088928748e-24
6.4327499999999995	4.9169113798739286e-24
6.4375	1.8343688512378313e-23
6.44225	6.721124467855744e-23
6.447	2.4185673943473656e-22
6.45175	8.54742765886049e-22
6.4565	2.966700184270603e-21
6.46125	1.011283375532455e-20
6.466	3.3855798551951634e-20
6.47075	1.113151409231665e-19
6.4755	3.5944827487600356e-19
6.48025	1.1399335908767366e-18
6.484999999999999	3.550452311611181e-18
6.48975	1.0860474511860227e-17
6.4944999999999995	3.2626831666214295e-17
6.49925	9.626357547254405e-17
6.504	2.7893952640549567e-16
6.50875	7.938146590365647e-16
6.5135	2.218651831068497e-15
6.51825	6.090040476642379e-15
6.523	1.6417695189269967e-14
6.52775	4.3467551973722e-14
6.5325	1.1302620880091375e-13
6.53725	2.8863840995485014e-13
6.542	7.239191595783674e-13
6.54675	1.7831464085820587e-12
6.5515	4.3136501537968555e-12
6.5562499999999995	1.0248582969284591e-11
6.561	2.3913530994408467e-11
6.5657499999999995	5.4800507185904845e-11
6.5705	1.2333502697781958e-10
6.57525	2.72614701677888e-10
6.58	5.917974606877356e-10
6.58475	1.2617052388349472e-09
6.5895	2.6418228969463006e-09
6.59425	5.432634385402885e-09
6.599	1.0971809056724517e-08
6.60375	2.176241001337996e-08
6.6085	4.239325079254277e-08
6.61325	8.110496420384809e-08
6.617999999999999	1.5239093656811906e-07
6.62275	2.8121068867413576e-07
6.6274999999999995	5.096423321348381e-07
6.63225	9.071104067875111e-07
6.637	1.585680878080911e-06
6.64175	2.7222776225935546e-06
6.6465	4.589971850037213e-06
6.65125	7.600612918140291e-06
6.656	1.2360845936651107e-05
6.66075	1.9742800458944033e-05
6.6655	3.096922257539326e-05
6.67025	4.771037555724111e-05
6.675	7.218656087907843e-05
6.679749999999999	0.00010726569540078529
6.6845	0.0001565403636095763
6.6892499999999995	0.0002243638111288975
6.694	0.0003158204611372329
6.6987499999999995	0.0004366049978099015
6.7035	0.0005927862573849752
6.70825	0.0007904393192129515
6.713	0.001035141996695715
6.71775	0.0013313501959171174
6.7225	0.0016816889439275752
6.72725	0.0020862195747444077
6.732	0.0025417647218814706
6.73675	0.003041386850407635
6.7415	0.00357411864249002
6.74625	0.004125031318752698
6.7509999999999994	0.004675698728356788
6.75575	0.005205072402671831
6.7604999999999995	0.005690730438338159
6.76525	0.006110408400052735
6.77	0.0064436723110501476
6.77475	0.006673561078561445
6.7795	0.006788015375319288
6.78425	0.006780925606687163
6.789	0.006652672233794956
6.79375	0.006410091949712392
6.7985	0.006065873894285458
6.80325	0.005637460120271243
6.808	0.00514558289254138
6.812749999999999	0.0046126093424955035
6.8175	0.004060876565131663
6.8222499999999995	0.0035111870728554615
6.827	0.0029815996145251874
6.8317499999999995	0.002486601029101721
6.8365	0.0020366899790051516
6.84125	0.0016383518953765476
6.846	0.0012943633503076125
6.85075	0.0010043377023374177
6.8555	0.0007654135194520901
6.86025	0.0005729914728656655
6.865	0.00042144061667940245
6.86975	0.0003047167197323206
6.8745	0.00021685906521359613
6.87925	0.00015235408720883596
6.8839999999999995	0.00010637176617655908
6.88875	7.489256596568269e-05
6.8934999999999995	5.474874582729129e-05
6.89825	4.3604874690081295e-05
6.903	3.9899574776815314e-05
6.90775	4.276537145467578e-05
6.9125	5.193740503894036e-05
6.91725	6.765583506461558e-05
6.922	9.056193145081492e-05
6.92675	0.00012158471238558563
6.9315	0.00016181390162856366
6.93625	0.00021235602828888536
6.941	0.00027417351044292085
6.945749999999999	0.00034791110982141684
6.9505	0.0004337195073193856
6.9552499999999995	0.0005310909833381398
6.96	0.0006387262065270407
6.9647499999999996	0.0007544528658722115
6.9695	0.000875215465605154
6.97425	0.0009971506096963757
6.979	0.0011157537047911583
6.98375	0.0012261320623004922
6.9885	0.0013233273653532808
6.99325	0.0014026792927714527
6.998	0.0014601937643657316
7.00275	0.0014928754950921455
7.007499999999999	0.0014989863519348115
7.01225	0.001478198491314952
7.0169999999999995	0.001431623491777485
7.02175	0.0013617138750286082
7.0264999999999995	0.0012720491553469156
7.03125	0.0011670323904067372
7.036	0.0010515330091898272
7.04075	0.0009305161080470054
7.0455	0.000808697061994383
7.05025	0.000690253821429837
7.055	0.0005786190909612794
7.05975	0.0004763626276999952
7.0645	0.00038516213946129574
7.06925	0.0003058514073419775
7.074	0.00023852744738697102
7.078749999999999	0.00018269523592327015
7.0835	0.00013742858317595342
7.0882499999999995	0.00010152848373968033
7.093	7.366474946067603e-05
7.09775	5.24919270391248e-05
7.1025	3.673552928235566e-05
7.10725	2.524881911968016e-05
7.112	1.7043423095122006e-05
7.11675	1.1298832333837304e-05
7.1215	7.35650081608896e-06
7.12625	4.704029054317395e-06
7.131	2.954130578492033e-06
7.13575	1.8220083598152885e-06
7.140499999999999	1.1036516758775268e-06
7.14525	6.565603826110889e-07
7.1499999999999995	3.8359974032712786e-07
7.15475	2.2011159463194033e-07
7.1594999999999995	1.2404193154609972e-07
7.16425	6.86523021379807e-08
7.169	3.7316652176451386e-08
7.17375	1.9921004270520067e-08
7.1785	1.0444334372472804e-08
7.18325	5.377882267326581e-09
7.188	2.719586008788023e-09
7.19275	1.3506887750378076e-09
7.1975	6.588230233219114e-10
7.20225	3.1560453081224834e-10
7.207	1.484836639401613e-10
7.211749999999999	6.860805482099402e-11
7.2165	3.113382799885193e-11
7.2212499999999995	1.3875572847057037e-11
7.226	6.073377923247383e-12
7.23075	2.6107823961547226e-12
7.2355	1.1022294981186974e-12
7.24025	4.570191181460214e-13
7.245	1.861048499014845e-13
7.24975	7.442896823355064e-14
7.2545	2.923393593579198e-14
7.25925	1.1276999670560125e-14
7.264	4.2722910287145895e-15
7.26875	1.5896044696137335e-15
7.273499999999999	5.808691422616928e-16
7.27825	2.0846277810398865e-16
7.2829999999999995	7.347502136020977e-17
7.28775	2.5433838276397113e-17
7.2924999999999995	8.646594145637052e-18
7.29725	2.8869497733867156e-18
7.302	9.466607400917021e-19
7.30675	3.048670506297296e-19
7.3115	9.642454467323134e-20
7.31625	2.9951990466451185e-20
7.321	9.137444781569948e-21
7.32575	2.737693512113788e-21
7.3305	8.0557480088677925e-22
7.33525	2.328026411602476e-22
7.34	6.607404855940864e-23
7.3447499999999994	1.8417679781616407e-23
7.3495	5.0419658769553965e-24
7.3542499999999995	1.3555822420714154e-24
7.359	3.5794213525303454e-25
7.36375	9.282410330575118e-26
7.3685	2.364120915610365e-26
7.37325	5.9134318015132375e-27
7.378	1.4526817630181315e-27
7.38275	3.504792904335545e-28
7.3875	8.304533130007788e-29
7.39225	1.9325425627645708e-29
7.397	4.416760986399291e-30
7.40175	9.91378994779427e-31
7.406499999999999	2.185428047138228e-31
7.41125	4.731450451846253e-32
7.4159999999999995	1.0060349422644216e-32
7.42075	2.100839229367447e-33
7.4254999999999995	4.308574000096629e-34
7.43025	8.678312383608527e-35
7.435	1.7167141467357124e-35
7.43975	3.335198430212343e-36
7.4445	6.3636510041938235e-37
7.44925	1.1924825016057083e-37
7.454	2.1946166080456865e-38
7.45875	3.966672352425125e-39
7.4635	7.041357226065473e-40
7.468249999999999	1.2277236843812335e-40
7.473	2.1121741042945985e-41
7.4777499999999995	4.198195441700727e-42
7.4825	4.7631983415289194e-42
7.4872499999999995	2.593689028431772e-41
7.492	1.5694111783001967e-40
7.49675	9.358845428627451e-40
7.5015	5.4816129059354714e-39
7.50625	3.1532359970300364e-38
7.511	1.7814170293233822e-37
7.51575	9.884067639566804e-37
7.5205	5.3860056232989864e-36
7.52525	2.8824307409638645e-35
7.53	1.5149975964512325e-34
7.53475	7.820346417265497e-34
7.539499999999999	3.964615034548797e-33
7.54425	1.9739540565922503e-32
7.5489999999999995	9.652371789731492e-32
7.55375	4.635451352593402e-31
7.5584999999999996	2.1863062597842635e-30
7.56325	1.0127236530320908e-29
7.568	4.607145129858775e-29
7.57275	2.0584191689594773e-28
7.5775	9.032266155716816e-28
7.58225	3.892428288259039e-27
7.587	1.6474244162675318e-26
7.59175	6.847804627077096e-26
7.5965	2.7954917086421383e-25
7.601249999999999	1.1207946274355631e-24
7.606	4.413212677453418e-24
7.6107499999999995	1.706650759148185e-23
7.6155	6.481797277390889e-23
7.6202499999999995	2.417726743587011e-22
7.625	8.856863866409296e-22
7.62975	3.1864984315310236e-21
7.6345	1.1259223321467754e-20
7.63925	3.907186503112644e-20
7.644	1.3316216131892676e-19
7.64875	4.457162967057951e-19
7.6535	1.4652008977105533e-18
7.65825	4.730388642821387e-18
7.663	1.4998832498747207e-17
7.66775	4.6706687919621e-17
7.672499999999999	1.4284389130212582e-16
7.67725	4.2904738389726743e-16
7.6819999999999995	1.2656389404240817e-15
7.68675	3.666700040433535e-15
7.6915	1.0432825005597709e-14
7.69625	2.9153415810529745e-14
7.701	8.000883664865655e-14
7.70575	2.1564900024344487e-13
7.7105	5.708446394393266e-13
7.71525	1.4840529271568678e-12
7.72	3.789150343755124e-12
7.72475	9.501567752135148e-12
7.7295	2.339966750914055e-11
7.734249999999999	5.6595915345837226e-11
7.739	1.3443782421904731e-10
7.7437499999999995	3.13630901920872e-10
7.7485	7.185834392715693e-10
7.7532499999999995	1.6169498360561656e-09
7.758	3.573360850306077e-09
7.76275	7.755649778954455e-09
7.7675	1.653181324928281e-08
7.77225	3.460857990859048e-08
7.777	7.115543145102155e-08
7.78175	1.436790087642367e-07
7.7865	2.849309207565745e-07
7.79125	5.549410273686581e-07
7.795999999999999	1.0614879866129158e-06
7.80075	1.9940880669275716e-06
7.805499999999999	3.6790407085018904e-06
7.81025	6.666315556842603e-06
7.8149999999999995	1.1863099367663882e-05
7.81975	2.073344693502411e-05
7.8245	3.5588190883669865e-05
7.82925	5.9993113291110156e-05
7.834	9.932487124039148e-05
7.83875	0.0001615012142259202
7.8435	0.0002579020580999854
7.84825	0.00040447822453500794
7.853	0.0006230127339246666
7.85775	0.0009424542965192641
7.8625	0.0014001852073272007
7.867249999999999	0.002043020716406341
7.872	0.002927672831197342
7.8767499999999995	0.004120361533322906
7.8815	0.005695237242087667
7.8862499999999995	0.007731308085654212
7.891	0.01030765999200182
7.89575	0.013496925778739994
7.9005	0.01735719855136816
7.90525	0.021922876371807558
7.91	0.027195233628513657
7.91475	0.03313378892877468
7.9195	0.03964971995961103
7.92425	0.04660260460924276
7.928999999999999	0.05380160136308658
7.93375	0.06101180486766234
7.9384999999999994	0.06796594613504633
7.94325	0.07438091312587963
7.9479999999999995	0.07997784346762597
7.95275	0.08450390482260292
7.9575	0.08775344784768228
7.96225	0.08958608590788794
7.967	0.08993947375726005
7.97175	0.0888351146329857
7.9765	0.08637635110922962
7.98125	0.08273866870214934
7.986	0.07815341255984237
7.99075	0.07288683511064432
7.9955	0.06721693138191999
8.00025	0.061410702929869096
8.004999999999999	0.055704306149266414
8.00975	0.050288032290822474
8.0145	0.04529733012300522
8.01925	0.04081024233562121
8.024000000000001	0.03685081361125357
8.028749999999999	0.03339735533922484
8.0335	0.03039399943856127
8.03825	0.027763779623391664
8.043	0.02542153766520128
8.04775	0.02328522330567383
8.0525	0.02128457293454977
8.05725	0.01936663605352363
8.062	0.017498093890119887
8.066749999999999	0.015664718143549413
8.0715	0.01386860671570913
8.07625	0.012123987649694787
8.081	0.0104524050305292
8.08575	0.008878012300474336
8.090499999999999	0.007423532433277558
8.09525	0.006107238893004628
8.1	0.004941102861234068
8.10475	0.00393007055750677
8.1095	0.0030722991948352435
8.11425	0.002360099691998271
8.119	0.0017813071125687117
8.123750000000001	0.00132081672370202
8.128499999999999	0.0009620709918215268
8.13325	0.0006883460291508349
8.138	0.00048375174417522376
8.14275	0.00033391823187806335
8.1475	0.00022638572570865832
8.152249999999999	0.00015074448892760204
8.157	9.858515788716651e-05
8.16175	6.332205597898299e-05
8.1665	3.994557327384008e-05
8.17125	2.4748570322296555e-05
8.176	1.5059051499212475e-05
8.18075	8.999323430596676e-06
8.185500000000001	5.2818476720661636e-06
8.190249999999999	3.044562784199755e-06
8.195	1.7235604265836082e-06
8.19975	9.582751257650104e-07
8.2045	5.232578402867942e-07
8.20925	2.806098320060504e-07
8.213999999999999	1.4779218567074304e-07
8.21875	7.644716577219606e-08
8.2235	3.883582593100392e-08
8.22825	1.937603350789541e-08
8.233	9.494199057303603e-09
8.23775	4.568912890059097e-09
8.2425	2.159377067534641e-09
8.247250000000001	1.0023170862964845e-09
8.251999999999999	4.5692277928510464e-10
8.25675	2.0456979123647304e-10
8.2615	8.995000714374594e-11
8.26625	3.8843817441013164e-11
8.271	1.6474172305354625e-11
8.275749999999999	6.8619302277919775e-12
8.2805	2.8070489325995486e-12
8.28525	1.1277547337186788e-12
8.29	4.4497982673692766e-13
8.29475	1.724356164483423e-13
8.2995	6.562580021699237e-14
8.30425	2.452919164719367e-14
8.309000000000001	9.004359926140197e-15
8.313749999999999	3.2462610583113464e-15
8.3185	1.1494101367015687e-15
8.32325	3.996939630777183e-16
8.328	1.3650266791569843e-16
8.33275	4.578420478046908e-17
8.337499999999999	1.5081731192392387e-17
8.34225	4.879189673579802e-18
8.347	1.5502623192920773e-18
8.35175	4.837529939243623e-19
8.3565	1.4825287534306713e-19
8.36125	4.462143873372188e-20
8.366	1.319000614235878e-20
8.370750000000001	3.829194364037454e-21
8.375499999999999	1.0917691262612591e-21
8.38025	3.0571390420288196e-22
8.385	8.40737769979014e-23
8.38975	2.270737384921798e-23
8.3945	6.023296560625639e-24
8.399249999999999	1.5691431575365584e-24
8.404	4.014688674610987e-25
8.40875	1.0087932391852686e-25
8.413499999999999	2.489507492636486e-26
8.41825	6.033727565268554e-27
8.423	1.4362132894095443e-27
8.42775	3.3574779569306245e-28
8.432500000000001	7.708473718437946e-29
8.437249999999999	1.738140572853701e-29
8.442	3.849189030143942e-30
8.44675	8.374835298212871e-31
8.4515	1.805261727540766e-31
8.45625	4.598913027077275e-32
8.460999999999999	4.893362556055931e-32
8.46575	1.9824885328899117e-31
8.4705	9.223511813183483e-31
8.475249999999999	4.245175178488076e-30
8.48	1.919508785308637e-29
8.48475	8.524153588164496e-29
8.4895	3.7176941160593563e-28
8.494250000000001	1.5924178487344271e-27
8.498999999999999	6.698867757757034e-27
8.50375	2.767621889308118e-26
8.5085	1.1229827721786622e-25
8.51325	4.475075999659992e-25
8.518	1.7514136148186425e-24
8.52275	6.73190551990089e-24
8.5275	2.5412552420920998e-23
8.53225	9.421489044482679e-23
8.536999999999999	3.4304555156770917e-22
8.54175	1.226718800197937e-21
8.5465	4.308233514906393e-21
8.55125	1.485985026368446e-20
8.556	5.033738103214572e-20
8.56075	1.67466438290041e-19
8.5655	5.471746085734515e-19
8.57025	1.7558405423794288e-18
8.575	5.533567271532977e-18
8.57975	1.7127197272297296e-17
8.5845	5.2062904207621826e-17
8.58925	1.55428789872414e-16
8.594	4.557173103296872e-16
8.598749999999999	1.3122620513081108e-15
8.6035	3.711133682752363e-15
8.60825	1.0307506382485472e-14
8.613	2.8116522835739207e-14
8.61775	7.532351760277618e-14
8.6225	1.9818033614844306e-13
8.62725	5.120961522682269e-13
8.632	1.2995812872094548e-12
8.63675	3.239040441224831e-12
8.6415	7.928486229611987e-12
8.64625	1.90600996382879e-11
8.651	4.5000883631113067e-11
8.65575	1.0434650353021082e-10
8.660499999999999	2.3762697824010456e-10
8.66525	5.314648839147416e-10
8.67	1.1673857496991878e-09
8.67475	2.5183447660530094e-09
8.679499999999999	5.335522653342074e-09
8.68425	1.1101961970991306e-08
8.689	2.268733517176732e-08
8.69375	4.5533205310799375e-08
8.6985	8.974989404784646e-08
8.70325	1.7374033323550246e-07
8.708	3.303150337635383e-07
8.71275	6.167611579921881e-07
8.7175	1.1310105983410122e-06
8.722249999999999	2.036935694178805e-06
8.727	3.602872946388235e-06
8.73175	6.258662898823215e-06
8.7365	1.0677637144044164e-05
8.741249999999999	1.789079917022438e-05
8.746	2.9440508550942646e-05
8.75075	4.757971751768833e-05
8.7555	7.551955035699727e-05
8.76025	0.00011772207712827194
8.765	0.00018022599080222594
8.76975	0.00027098042013911
8.7745	0.0004001468352450679
8.77925	0.0005803123934042881
8.783999999999999	0.0008265426903226897
8.78875	0.0011561913553699936
8.7935	0.00158838263666426
8.79825	0.0021430955207535156
8.802999999999999	0.0028398075587625694
8.80775	0.0036957048311120682
8.8125	0.004723529468360616
8.81725	0.0059292118122862385
8.822	0.007309510356901014
8.82675	0.008849945394415212
8.8315	0.010523346750343785
8.83625	0.012289328557882385
8.841	0.014094945936083021
8.84575	0.015876678776337992
8.8505	0.01756373542103643
8.85525	0.01908249244691389
8.86	0.020361712290906886
8.864749999999999	0.021338037727942148
8.8695	0.02196117867395313
8.87425	0.02219820187282513
8.879	0.022036414484922596
8.88375	0.021484490202476246
8.8885	0.02057169884798792
8.89325	0.019345334685435093
8.898	0.017866657902525777
8.90275	0.01620583380572488
8.9075	0.014436450440509608
8.91225	0.012630206533963833
8.917	0.010852291858497906
8.92175	0.009157848662034526
8.926499999999999	0.007589732058532649
8.93125	0.006177608910270347
8.936	0.004938276031817925
8.94075	0.0038769597964531588
8.9455	0.002989291159448274
8.95025	0.0022636335526679545
8.955	0.0016834685681014312
8.95975	0.001229602921085564
8.9645	0.0008820348501434419
8.96925	0.0006213947621802244
8.974	0.0004299425382840066
8.97875	0.00029215560900079255
8.9835	0.00019497504341000425
8.988249999999999	0.00012779233554204147
8.993	8.226054333387602e-05
8.99775	5.200430834097813e-05
9.0025	3.228851414817357e-05
9.007249999999999	1.96887334856098e-05
9.012	1.179094150812887e-05
9.01675	6.9348995409670955e-06
9.0215	4.005833075929025e-06
9.02625	2.2725136822888617e-06
9.031	1.2661383106338941e-06
9.03575	6.928141953363948e-07
9.0405	3.7231744860725374e-07
9.04525	1.9650381518934602e-07
9.049999999999999	1.0185669218955878e-07
9.05475	5.185243245291602e-08
9.0595	2.5924457984614515e-08
9.06425	1.2729496338264093e-08
9.068999999999999	6.138662268506022e-09
9.07375	2.9073495158576257e-09
9.0785	1.3523270467376186e-09
9.08325	6.177705596527591e-10
9.088	2.771619869853795e-10
9.09275	1.2212402489215623e-10
9.0975	5.284811928738848e-11
9.10225	2.2460475629552355e-11
9.107	9.3749583185467e-12
9.111749999999999	3.8430915192228115e-12
9.1165	1.5472236415634682e-12
9.12125	6.117675589966836e-13
9.126	2.3756408171006705e-13
9.130749999999999	9.060164818828412e-14
9.1355	3.393535545914784e-14
9.14025	1.2483308160864617e-14
9.145	4.509910934208409e-15
9.14975	1.6001740503642666e-15
9.1545	5.576060356861267e-16
9.15925	1.9083089774853393e-16
9.164	6.414028795872528e-17
9.16875	2.1172595572365452e-17
9.1735	6.864015935505822e-18
9.17825	2.1854629527514996e-18
9.183	6.833915417214735e-19
9.18775	2.0987307931685181e-19
9.192499999999999	6.330016763243195e-20
9.19725	1.8750551592776442e-20
9.202	5.454881589685458e-21
9.20675	1.5585951795413165e-21
9.2115	4.375885424454102e-22
9.21625	1.2154137838744356e-22
9.221	3.654770053031909e-23
9.22575	2.3514291179426882e-23
9.2305	5.734755234427657e-23
9.23525	2.013372536275636e-22
9.24	7.187281068149425e-22
9.24475	2.526092948221548e-21
9.2495	8.721101252953124e-21
9.254249999999999	2.95705692564475e-20
9.259	9.847123932663687e-20
9.26375	3.2204764949024203e-19
9.2685	1.034407951045847e-18
9.273249999999999	3.2630561809828365e-18
9.278	1.0109233711415676e-17
9.28275	3.0759049235703445e-17
9.2875	9.19154594026528e-17
9.29225	2.6975232819773354e-16
9.297	7.775043470100595e-16
9.30175	2.2009056969198595e-15
9.3065	6.118726312948e-15
9.31125	1.6706351159322838e-14
9.315999999999999	4.4798468611827966e-14
9.32075	1.1797927294935123e-13
9.3255	3.0514710019612007e-13
9.33025	7.751286038707336e-13
9.334999999999999	1.9337452703970283e-12
9.33975	4.7378984721278195e-12
9.3445	1.140074469150393e-11
9.34925	2.69427347131478e-11
9.354	6.253326637135771e-11
9.35875	1.425415700880939e-10
9.3635	3.191045133181465e-10
9.36825	7.015931496286242e-10
9.373	1.5149514588739858e-09
9.377749999999999	3.2127215026986363e-09
9.3825	6.6912680354557805e-09
9.38725	1.3686889421418814e-08
9.392	2.749552868282167e-08
9.396749999999999	5.424758081209379e-08
9.4015	1.0511378163842642e-07
9.40625	2.0003220890383417e-07
9.411	3.7385327144666777e-07
9.41575	6.862200837735001e-07
9.4205	1.2370482757434157e-06
9.42525	2.19013485403777e-06
9.43	3.8081675640247184e-06
9.43475	6.503126876274435e-06
9.439499999999999	1.090660009314625e-05
9.44425	1.7964599358978135e-05
9.449	2.9060739905400444e-05
9.45375	4.616967139080399e-05
9.458499999999999	7.203903458480935e-05
9.46325	0.00011039260182234765
9.468	0.000166139553533884
9.47275	0.0002455653538948646
9.4775	0.0003564692992797522
9.48225	0.0005082040901283487
9.487	0.0007115659602377559
9.49175	0.0009784827122912777
9.4965	0.0013214542571675157
9.50125	0.0017527182002008668
9.506	0.0022831426293758628
9.51075	0.0029208884688006844
9.5155	0.0036699309241674974
9.520249999999999	0.004528577353344635
9.525	0.005488158878325104
9.52975	0.006532095792668091
9.5345	0.00763553371634676
9.53925	0.008765712814239693
9.544	0.009883165351312458
9.54875	0.010943742592009859
9.5535	0.011901361914155235
9.55825	0.01271125523720676
9.563	0.013333408996092349
9.56775	0.013735831275449938
9.5725	0.013897275866973771
9.57725	0.013809100621487729
9.581999999999999	0.013476033886689207
9.58675	0.01291575443353462
9.5915	0.012157336809038978
9.59625	0.011238752380593395
9.600999999999999	0.01020372490241923
9.60575	0.00909830234058428
9.6105	0.00796751651533372
9.61525	0.006852460878961142
9.62	0.005788034910097618
9.62475	0.004801497461306379
9.6295	0.003911859517371501
9.63425	0.0031300464423734535
9.639	0.0024596839020704637
9.643749999999999	0.0018983172954053545
9.6485	0.0014388625416543973
9.65325	0.0010711019963146778
9.658	0.0007830751518310158
9.662749999999999	0.000562260235983458
9.6675	0.0003964909504181925
9.67225	0.00027459536591052436
9.677	0.0001867769705572654
9.68175	0.00012477927112994867
9.6865	8.188562637181446e-05
9.69125	5.2807120428809894e-05
9.696	3.3505998037536585e-05
9.70075	2.099330152933975e-05
9.705499999999999	1.312930721108724e-05
9.71025	8.445946521038056e-06
9.715	6.002698797643819e-06
9.71975	5.281901047391418e-06
9.724499999999999	6.125977442645852e-06
9.72925	8.717341337941627e-06
9.734	1.360104729771428e-05
9.73875	2.1749944363970007e-05
9.7435	3.4671349452708985e-05
9.74825	5.4552405144652516e-05
9.753	8.443771111511432e-05
9.75775	0.00012842714894444588
9.7625	0.00019187404226186748
9.76725	0.00028155440635237487
9.772	0.00040576818519377675
9.77675	0.0005743248912918388
9.7815	0.0007983614159988053
9.786249999999999	0.0010899417735316145
9.791	0.0014613998485712328
9.79575	0.0019244086917034413
9.8005	0.0024887938402279692
9.80525	0.00316115159160163
9.81	0.00394338157787725
9.81475	0.004831289372466859
9.8195	0.0058134505156062655
9.82425	0.006870543331975181
9.829	0.007975346936453048
9.83375	0.009093559217906453
9.8385	0.010185518912156593
9.84325	0.011208823569908793
9.847999999999999	0.012121733996598667
9.85275	0.012887161498032705
9.8575	0.013476962907301873
9.86225	0.013876232025215882
9.866999999999999	0.014087279736402954
9.87175	0.014133034371787742
9.8765	0.01405965536719501
9.88125	0.01393821672934541
9.886	0.013865360214468521
9.89075	0.013962823798818049
9.8955	0.01437571205385647
9.90025	0.01526930000340515
9.905	0.016824076605729082
9.909749999999999	0.019228678263109415
9.9145	0.022670383953654984
9.91925	0.02732298494874517
9.924	0.03333212972702085
9.928749999999999	0.040798675235150725
9.9335	0.049761107955555724
9.93825	0.06017865243457967
9.943	0.07191715060494802
9.94775	0.08474004927037562
9.9525	0.09830676477532634
9.95725	0.1121802327726843
9.962	0.1258445915470472
9.96675	0.13873276302437162
9.971499999999999	0.1502623375568221
9.97625	0.15987684631344554
9.981	0.16708845105142908
9.98575	0.17151750530721557
9.990499999999999	0.17292448603984317
9.99525	0.1712305003151357
