4.040983809397132864e-01
2.289134509416168028e-01
2.971671318248368943e-01
4.020886383622397642e-02
9.122920997684898226e-02
3.697111096897143234e-01
6.751403795508012506e-02
4.854606930957438560e-01
6.039618649525813066e-01
5.927826495681195462e-01
3.254642863725604185e-01
8.612121914743195994e-01
3.397676404029671415e-01
6.703623818398523060e-01
1.200780711458174776e+00
9.160713541869978105e-01
8.990722293659170195e-01
6.545739621379695894e-01
3.236372526456124388e-02
4.461160585475488216e-01
2.097453225914704400e-01
2.779440178777014547e-01
7.888462697642677490e-01
9.787228729165370344e-01
5.064074542678059787e-01
5.349636708805561858e-01
3.611056266814462457e-01
1.923351370758863421e-01
2.530719618152117434e-01
3.800875723974673770e-01
3.818103045296185050e-01
1.959130092107208843e-01
2.657992083396788496e-01
2.903769704539256868e-01
5.652806035041357813e-01
2.859000241657911889e-01
6.712055728299639590e-01
4.548093652619744076e-01
1.515577740830209019e-01
2.211359034688849257e-01
1.295437791404897843e-01
1.984270048380512019e-01
4.446901818333748313e-01
2.850454261394138045e-01
2.808178789375775919e-01
1.192272750883789922e-01
1.985847290654545738e-01
2.985056103107611714e-01
3.805389247488356608e-01
3.200783735290467780e-01
2.586244599143708300e-01
9.621236674149535872e-02
2.739774288750808640e-01
2.660852350093856900e-01
3.146550351940994861e-01
5.816137541040444781e-01
3.785217788872919931e-01
3.524199317774180940e-01
8.444080994400753049e-02
1.216820673230036842e-01
2.556218058656186121e-01
1.498379190492179769e-01
1.266709994434400965e-01
7.572964846082411161e-02
1.018846192955541324e-01
2.501624615964593290e-01
1.363290134747552618e-01
2.617956981713030484e-01
2.719309973246890055e-01
1.325903582995384966e-01
3.334614569061917777e-01
1.355867782086438988e-01
1.514059220374156800e-01
2.785536619504400124e-01
1.643964663792990277e-01
1.749782745514425197e-01
2.840223592272270725e-01
2.139282511824934230e-01
2.692064002675270684e-01
1.002997016795164759e-01
2.635779010804965017e-01
3.433635211506895213e-01
1.056486887992463541e-01
1.357038830431907539e-01
2.330742929325325674e-01
8.378857610080266138e-02
1.831614198459926846e-01
7.497421233330830992e-02
2.407981550448425045e-01
1.375356612591803473e-01
2.574698245193016710e-01
4.969237617693482711e-01
4.645523965507012409e-01
1.574187471840631791e-01
2.911687495834675010e-01
1.223743675816140880e-01
2.904138786731791377e-01
6.325876313207522139e-02
2.593413687902491049e-01
1.442813702804350007e-01
2.187143442803878013e-01
