7.989010298417506206e+00
3.316708386615866977e-01
6.104720106830221482e-01
3.008982074353902872e-02
-1.078648788145910864e-01
-8.356642740412194570e-01
-1.181997530043984584e-01
-1.123101567713838400e-02
-3.800468163640778885e-01
-5.527397579455544108e-01
-1.876921803612776884e-01
5.971588674485961423e-02
-6.972138886189642726e-01
1.535312987197021140e-01
3.835353138336088097e-02
-5.032564923654622158e-01
-2.636691980447788408e-01
1.581923931631081581e+00
6.129909912194779140e-03
1.634623582031143663e+00
4.448076651089756806e-01
-8.260534305440654645e-02
-1.294824873882095995e+00
5.456136609290010986e-01
9.598068163583263479e-02
-4.220405438798314340e-02
-3.650960146813503338e-01
1.063828423089905550e+00
1.475997021607197979e-01
6.467086330180066289e-01
-6.337726733112891697e-01
1.084163262401726779e+00
1.430878000895011048e+00
1.115895208376472270e-01
-2.321661015405094841e-01
1.795803204930017882e+00
1.006297431431785183e+00
-4.983692593612976118e-01
-4.682533726442676958e-01
3.963738128626498325e-01
-6.902858392242081642e-01
-5.928814207951448728e-03
1.275780992038056505e+00
7.252219869807050578e-01
-2.649152594661282056e-01
1.184414046835959577e-01
4.024775731776982779e-01
2.594697201816741350e-01
-2.757923031976065031e-01
2.862999718589072651e-01
5.896745308400204444e-02
-2.575270458979024291e-01
1.831049289547098113e-01
-1.295734254980080991e-01
-3.385317358912544317e-02
-1.500306304401418656e-01
9.893496821276382969e-01
4.641690850546153491e-01
-3.749900109217813721e-02
-4.926867273240791989e-01
-8.007447982447168933e-01
3.764067555756098749e-01
3.083834976391034988e-01
-6.294660074422488982e-01
7.957718645850999639e-01
4.178834368376110331e-01
-1.385110992664022322e-01
-8.861600205119614104e-01
7.543227045254976559e-01
1.810101082419628415e-01
4.447625395034599527e-01
-7.095177693829223253e-01
-5.018928348926274818e-01
-4.880127572032569305e-01
-7.272597437126639974e-01
-6.698132588689644784e-01
1.790978371914730971e-01
1.871873265727291152e-02
1.106277195276270803e-01
-4.149249042129423137e-01
2.382801051677181092e-01
-4.570294681548014992e-02
6.115224293407232059e-01
1.289944614000911205e+00
7.695158744515471216e-01
-7.117531495898016258e-01
2.742391098412663153e-01
-3.967369308667427763e-01
1.385931361180511856e-01
3.764633870415786121e-01
3.097153343655472627e-03
-3.782747440895736779e-01
-3.657976688070822130e-02
-1.152741800355371916e-02
-1.398153576735300108e-01
-6.848451501908198180e-01
-2.430217585262035296e-01
4.251202029076484590e-01
9.432811744277170840e-01
4.183713476562586076e-01
-6.823723537941769335e-01
