0.5	0.0
0.50475	0.0
0.5095	0.0
0.51425	0.0
0.519	0.0
0.52375	0.0
0.5285	0.0
0.53325	0.0
0.538	0.0
0.54275	0.0
0.5475	0.0
0.55225	0.0
0.5569999999999999	0.0
0.56175	0.0
0.5665	0.0
0.57125	0.0
0.576	0.0
0.58075	0.0
0.5855	0.0
0.5902499999999999	0.0
0.595	0.0
0.59975	0.0
0.6045	0.0
0.60925	0.0
0.614	0.0
0.61875	0.0
0.6234999999999999	0.0
0.62825	0.0
0.633	0.0
0.63775	0.0
0.6425	0.0
0.64725	0.0
0.652	0.0
0.65675	0.0
0.6615	0.0
0.66625	0.0
0.671	0.0
0.67575	0.0
0.6805	0.0
0.68525	0.0
0.69	0.0
0.69475	0.0
0.6995	0.0
0.70425	0.0
0.709	0.0
0.71375	0.0
0.7185	0.0
0.72325	0.0
0.728	0.0
0.73275	0.0
0.7375	0.0
0.74225	0.0
0.747	0.0
0.7517499999999999	0.0
0.7565	0.0
0.76125	0.0
0.766	0.0
0.77075	0.0
0.7755	0.0
0.78025	0.0
0.7849999999999999	0.0
0.78975	0.0
0.7945	0.0
0.79925	0.0
0.804	0.0
0.80875	0.0
0.8135	0.0
0.8182499999999999	0.0
0.823	0.0
0.82775	0.0
0.8325	0.0
0.83725	0.0
0.842	0.0
0.84675	0.0
0.8514999999999999	0.0
0.85625	0.0
0.861	0.0
0.86575	0.0
0.8705	0.0
0.87525	0.0
0.88	0.0
0.8847499999999999	0.0
0.8895	0.0
0.89425	0.0
0.899	0.0
0.90375	0.0
0.9085	0.0
0.91325	0.0
0.9179999999999999	0.0
0.92275	0.0
0.9275	0.0
0.93225	0.0
0.937	0.0
0.94175	0.0
0.9465	0.0
0.9512499999999999	0.0
0.956	0.0
0.96075	0.0
0.9655	0.0
0.9702500000000001	0.0
0.975	0.0
0.97975	0.0
0.9844999999999999	0.0
0.98925	0.0
0.994	0.0
0.99875	0.0
1.0034999999999998	0.0
1.0082499999999999	0.0
1.013	0.0
1.01775	0.0
1.0225	0.0
1.02725	0.0
1.032	0.0
1.03675	0.0
1.0415	0.0
1.0462500000000001	0.0
1.051	0.0
1.05575	0.0
1.0605	0.0
1.06525	0.0
1.0699999999999998	0.0
1.0747499999999999	0.0
1.0795	0.0
1.08425	0.0
1.089	0.0
1.09375	0.0
1.0985	0.0
1.10325	0.0
1.108	0.0
1.1127500000000001	0.0
1.1175	0.0
1.12225	0.0
1.127	0.0
1.13175	0.0
1.1364999999999998	0.0
1.1412499999999999	0.0
1.146	0.0
1.15075	0.0
1.1555	0.0
1.16025	0.0
1.165	0.0
1.16975	0.0
1.1745	0.0
1.1792500000000001	0.0
1.184	0.0
1.18875	0.0
1.1935	0.0
1.19825	0.0
1.2029999999999998	0.0
1.2077499999999999	0.0
1.2125	0.0
1.21725	0.0
1.222	0.0
1.22675	0.0
1.2315	0.0
1.23625	0.0
1.241	0.0
1.2457500000000001	0.0
1.2505	0.0
1.25525	0.0
1.26	0.0
1.2647499999999998	0.0
1.2694999999999999	0.0
1.2742499999999999	0.0
1.279	0.0
1.28375	0.0
1.2885	0.0
1.29325	0.0
1.298	0.0
1.30275	0.0
1.3075	0.0
1.3122500000000001	0.0
1.317	0.0
1.32175	0.0
1.3265	0.0
1.3312499999999998	0.0
1.3359999999999999	0.0
1.3407499999999999	0.0
1.3455	0.0
1.35025	0.0
1.355	0.0
1.35975	0.0
1.3645	0.0
1.36925	0.0
1.374	0.0
1.3787500000000001	0.0
1.3835	0.0
1.38825	0.0
1.393	0.0
1.3977499999999998	0.0
1.4024999999999999	0.0
1.40725	0.0
1.412	0.0
1.41675	0.0
1.4215	0.0
1.42625	0.0
1.431	0.0
1.43575	0.0
1.4405000000000001	0.0
1.44525	0.0
1.45	0.0
1.45475	0.0
1.4595	0.0
1.4642499999999998	0.0
1.4689999999999999	0.0
1.47375	0.0
1.4785	0.0
1.48325	0.0
1.488	0.0
1.49275	0.0
1.4975	0.0
1.50225	0.0
1.507	0.0
1.51175	0.0
1.5165	0.0
1.52125	0.0
1.526	0.0
1.53075	0.0
1.5354999999999999	0.0
1.54025	0.0
1.545	0.0
1.54975	0.0
1.5545	0.0
1.55925	0.0
1.564	0.0
1.5687499999999999	0.0
1.5735	0.0
1.57825	0.0
1.583	0.0
1.58775	0.0
1.5925	0.0
1.59725	0.0
1.6019999999999999	0.0
1.60675	0.0
1.6115	0.0
1.61625	0.0
1.621	0.0
1.62575	0.0
1.6305	0.0
1.6352499999999999	0.0
1.64	0.0
1.64475	0.0
1.6495	0.0
1.65425	0.0
1.659	0.0
1.66375	0.0
1.6684999999999999	0.0
1.67325	0.0
1.678	0.0
1.68275	0.0
1.6875	0.0
1.69225	0.0
1.697	0.0
1.7017499999999999	0.0
1.7065	0.0
1.71125	0.0
1.716	0.0
1.72075	0.0
1.7255	0.0
1.73025	0.0
1.7349999999999999	0.0
1.73975	0.0
1.7445	0.0
1.74925	0.0
1.754	0.0
1.75875	0.0
1.7635	0.0
1.7682499999999999	0.0
1.773	0.0
1.77775	0.0
1.7825	0.0
1.78725	0.0
1.792	0.0
1.79675	0.0
1.8014999999999999	0.0
1.80625	0.0
1.811	0.0
1.81575	0.0
1.8205	0.0
1.82525	0.0
1.83	0.0
1.8347499999999999	0.0
1.8395	0.0
1.84425	0.0
1.849	0.0
1.85375	0.0
1.8585	0.0
1.86325	0.0
1.8679999999999999	0.0
1.87275	0.0
1.8775	0.0
1.88225	0.0
1.887	0.0
1.89175	0.0
1.8965	0.0
1.9012499999999999	0.0
1.906	0.0
1.91075	0.0
1.9155	0.0
1.92025	0.0
1.925	0.0
1.9297499999999999	0.0
1.9344999999999999	0.0
1.93925	0.0
1.944	0.0
1.94875	0.0
1.9535	0.0
1.95825	0.0
1.9629999999999999	0.0
1.9677499999999999	0.0
1.9725	0.0
1.97725	0.0
1.982	0.0
1.98675	0.0
1.9915	0.0
1.9962499999999999	0.0
2.001	0.0
2.00575	0.0
2.0105	0.0
2.01525	0.0
2.02	0.0
2.02475	0.0
2.0294999999999996	0.0
2.03425	0.0
2.0389999999999997	0.0
2.04375	0.0
2.0484999999999998	0.0
2.0532500000000002	0.0
2.058	0.0
2.06275	0.0
2.0675	0.0
2.07225	0.0
2.077	0.0
2.08175	0.0
2.0865	0.0
2.09125	0.0
2.096	0.0
2.1007499999999997	0.0
2.1055	0.0
2.1102499999999997	0.0
2.115	0.0
2.11975	0.0
2.1245000000000003	0.0
2.12925	0.0
2.134	0.0
2.13875	0.0
2.1435	0.0
2.14825	0.0
2.153	0.0
2.15775	0.0
2.1624999999999996	0.0
2.16725	0.0
2.1719999999999997	0.0
2.17675	0.0
2.1814999999999998	0.0
2.1862500000000002	0.0
2.191	0.0
2.19575	0.0
2.2005	0.0
2.20525	0.0
2.21	0.0
2.21475	0.0
2.2195	0.0
2.22425	0.0
2.229	0.0
2.2337499999999997	0.0
2.2385	0.0
2.2432499999999997	0.0
2.248	0.0
2.25275	0.0
2.2575000000000003	0.0
2.26225	0.0
2.267	0.0
2.27175	0.0
2.2765	0.0
2.28125	0.0
2.286	0.0
2.29075	0.0
2.2954999999999997	0.0
2.30025	0.0
2.3049999999999997	0.0
2.30975	0.0
2.3145	0.0
2.3192500000000003	0.0
2.324	0.0
2.32875	0.0
2.3335	0.0
2.33825	0.0
2.343	0.0
2.34775	0.0
2.3525	0.0
2.3572499999999996	0.0
2.362	0.0
2.3667499999999997	0.0
2.3715	0.0
2.3762499999999998	0.0
2.3810000000000002	0.0
2.38575	0.0
2.3905	0.0
2.39525	0.0
2.4	0.0
2.40475	0.0
2.4095	0.0
2.41425	0.0
2.419	0.0
2.42375	0.0
2.4284999999999997	0.0
2.43325	0.0
2.4379999999999997	0.0
2.44275	0.0
2.4475	0.0
2.4522500000000003	0.0
2.457	0.0
2.46175	0.0
2.4665	0.0
2.47125	0.0
2.476	0.0
2.48075	0.0
2.4855	0.0
2.4902499999999996	0.0
2.495	0.0
2.4997499999999997	0.0
2.5045	0.0
2.5092499999999998	0.0
2.514	0.0
2.51875	0.0
2.5235	0.0
2.52825	0.0
2.533	0.0
2.53775	0.0
2.5425	0.0
2.54725	0.0
2.552	0.0
2.55675	0.0
2.5615	0.0
2.56625	0.0
2.5709999999999997	0.0
2.5757499999999998	0.0
2.5805	0.0
2.58525	0.0
2.59	0.0
2.59475	0.0
2.5995	0.0
2.60425	0.0
2.609	0.0
2.61375	0.0
2.6185	0.0
2.62325	0.0
2.628	0.0
2.63275	0.0
2.6374999999999997	0.0
2.6422499999999998	0.0
2.647	0.0
2.65175	0.0
2.6565	0.0
2.66125	0.0
2.666	0.0
2.67075	0.0
2.6755	0.0
2.68025	0.0
2.685	0.0
2.68975	0.0
2.6945	0.0
2.69925	0.0
2.7039999999999997	0.0
2.7087499999999998	0.0
2.7135	0.0
2.71825	0.0
2.723	0.0
2.72775	0.0
2.7325	0.0
2.73725	0.0
2.742	0.0
2.74675	0.0
2.7515	0.0
2.75625	0.0
2.761	0.0
2.76575	0.0
2.7704999999999997	0.0
2.7752499999999998	0.0
2.78	0.0
2.78475	0.0
2.7895	0.0
2.79425	0.0
2.799	0.0
2.80375	0.0
2.8085	0.0
2.81325	0.0
2.818	0.0
2.82275	0.0
2.8275	0.0
2.83225	0.0
2.8369999999999997	0.0
2.8417499999999998	0.0
2.8465	0.0
2.85125	0.0
2.856	0.0
2.86075	0.0
2.8655	0.0
2.87025	0.0
2.875	0.0
2.87975	0.0
2.8845	0.0
2.88925	0.0
2.894	0.0
2.89875	0.0
2.9034999999999997	0.0
2.90825	0.0
2.913	0.0
2.91775	0.0
2.9225	0.0
2.92725	0.0
2.932	0.0
2.93675	0.0
2.9415	0.0
2.94625	0.0
2.951	0.0
2.95575	0.0
2.9605	0.0
2.9652499999999997	0.0
2.9699999999999998	0.0
2.97475	0.0
2.9795	0.0
2.98425	0.0
2.989	0.0
2.99375	0.0
2.9985	0.0
3.00325	0.0
3.008	0.0
3.01275	0.0
3.0175	0.0
3.02225	0.0
3.027	0.0
3.0317499999999997	0.0
3.0364999999999998	0.0
3.04125	0.0
3.046	0.0
3.05075	0.0
3.0555	0.0
3.06025	0.0
3.065	0.0
3.06975	0.0
3.0745	0.0
3.07925	0.0
3.084	0.0
3.08875	0.0
3.0935	0.0
3.0982499999999997	0.0
3.1029999999999998	0.0
3.10775	0.0
3.1125	0.0
3.11725	0.0
3.122	0.0
3.12675	0.0
3.1315	0.0
3.13625	0.0
3.141	0.0
3.14575	0.0
3.1505	0.0
3.15525	0.0
3.16	0.0
3.1647499999999997	0.0
3.1694999999999998	0.0
3.17425	0.0
3.179	0.0
3.18375	0.0
3.1885	0.0
3.19325	0.0
3.198	0.0
3.20275	0.0
3.2075	0.0
3.21225	0.0
3.217	0.0
3.22175	0.0
3.2265	0.0
3.2312499999999997	0.0
3.2359999999999998	0.0
3.24075	0.0
3.2455	0.0
3.25025	0.0
3.255	0.0
3.25975	0.0
3.2645	0.0
3.26925	0.0
3.274	0.0
3.27875	0.0
3.2835	0.0
3.28825	0.0
3.293	0.0
3.2977499999999997	0.0
3.3024999999999998	0.0
3.30725	0.0
3.312	0.0
3.31675	0.0
3.3215	0.0
3.32625	0.0
3.331	0.0
3.33575	0.0
3.3405	0.0
3.34525	0.0
3.35	0.0
3.35475	5e-324
3.3594999999999997	6.67e-322
3.3642499999999997	1.1447e-319
3.3689999999999998	1.935312e-317
3.37375	3.2134118e-315
3.3785	5.2401391428e-313
3.38325	8.3922852898266e-311
3.388	1.3200143225885034e-308
3.39275	2.0390976896167854e-306
3.3975	3.0935590215121335e-304
3.40225	4.609350828689733e-302
3.407	6.745002383503752e-300
3.41175	9.693607591157725e-298
3.4165	1.3682005072166656e-295
3.42125	1.8965969324557615e-293
3.4259999999999997	2.5820302448522292e-291
3.4307499999999997	3.4523004988982124e-289
3.4354999999999998	4.53332485617264e-287
3.44025	5.846367031779382e-285
3.445	7.404850527247019e-283
3.44975	9.21101523629578e-281
3.4545	1.1252776409501233e-278
3.45925	1.3501215307494889e-276
3.464	1.5909151635108996e-274
3.46875	1.841120289252438e-272
3.4735	2.092561792082137e-270
3.47825	2.3357986507520326e-268
3.483	2.56066932971017e-266
3.48775	2.756973431486548e-264
3.4924999999999997	2.9152288057453047e-262
3.4972499999999997	3.0274271193424216e-260
3.502	3.0877045083504675e-258
3.50675	3.0928492434059857e-256
3.5115	3.042585250302095e-254
3.51625	2.9395966536969055e-252
3.521	2.7892903072955597e-250
3.52575	2.5993255495122222e-248
3.5305	2.378968097904302e-246
3.53525	2.138343866718672e-244
3.54	1.8876760123669785e-242
3.54475	1.636584197523844e-240
3.5495	1.393510464475166e-238
3.55425	1.1653143645286369e-236
3.5589999999999997	9.570551180450412e-235
3.5637499999999998	7.719546450933469e-233
3.5685	6.115156896430331e-231
3.57325	4.757561468569769e-229
3.578	3.635148832604377e-227
3.58275	2.727853042502153e-225
3.5875	2.010391908647419e-223
3.59225	1.4551289127158424e-221
3.597	1.0343873411315305e-219
3.60175	7.221474941166483e-218
3.6065	4.9514181551247284e-216
3.61125	3.3342202553713707e-214
3.616	2.2050576629557452e-212
3.62075	1.4322096673517091e-210
3.6254999999999997	9.135960967994706e-209
3.6302499999999998	5.7235153859919325e-207
3.635	3.5215386430234266e-205
3.63975	2.1279579748220323e-203
3.6445	1.2628582908304509e-201
3.64925	7.360497632955941e-200
3.654	4.213283858935149e-198
3.65875	2.368619205508696e-196
3.6635	1.3077681548289265e-194
3.66825	7.09132277795406e-193
3.673	3.7764586547675294e-191
3.67775	1.975164173446672e-189
3.6825	1.0145714785293726e-187
3.68725	5.118268722395235e-186
3.6919999999999997	2.535855500677676e-184
3.6967499999999998	1.2339197238185528e-182
3.7015	5.896717126062012e-181
3.70625	2.7675448481236624e-179
3.711	1.2756749419303498e-177
3.71575	5.7749252452077206e-176
3.7205	2.567519161228309e-174
3.72525	1.1210939389212674e-172
3.73	4.807632921137851e-171
3.73475	2.024797429648272e-169
3.7395	8.37515485608625e-168
3.74425	3.4022411690387366e-166
3.749	1.3573702604457593e-164
3.7537499999999997	5.3185414532900366e-163
3.7584999999999997	2.0466696616986656e-161
3.7632499999999998	7.735064508942876e-160
3.768	2.8710523581566417e-158
3.77275	1.0465964802214983e-156
3.7775	3.746954433327894e-155
3.78225	1.3174633364283246e-153
3.787	4.549457885927079e-152
3.79175	1.5429140889930486e-150
3.7965	5.139073451851679e-149
3.80125	1.6810819684285244e-147
3.806	5.400748321097159e-146
3.81075	1.704040738960499e-144
3.8155	5.280402062226522e-143
3.8202499999999997	1.6069967381536566e-141
3.8249999999999997	4.803126038631781e-140
3.8297499999999998	1.409918326152094e-138
3.8345	4.0646664479308215e-137
3.83925	1.1508450504670201e-135
3.844	3.2001459112169036e-134
3.84875	8.739441735996094e-133
3.8535	2.34400528648673e-131
3.85825	6.174395815265256e-130
3.863	1.5973178007993083e-128
3.86775	4.058347029268439e-127
3.8725	1.0126701639876348e-125
3.87725	2.4816917281851708e-124
3.882	5.972946657387949e-123
3.8867499999999997	1.4118560652718006e-121
3.8914999999999997	3.277579209771402e-120
3.8962499999999998	7.47268977353223e-119
3.901	1.6732533165922552e-117
3.90575	3.6796577021284243e-116
3.9105	7.94719979149445e-115
3.91525	1.6857059763943157e-113
3.92	3.5116441975657394e-112
3.92475	7.184559915181686e-111
3.9295	1.4436131186070062e-109
3.93425	2.8488032339451434e-108
3.939	5.521220247464984e-107
3.94375	1.0509176230102644e-105
3.9485	1.9645507951299283e-104
3.9532499999999997	3.606773203603809e-103
3.9579999999999997	6.503323996146956e-102
3.9627499999999998	1.1516299010695264e-100
3.9675	2.0028639899939172e-99
3.97225	3.420983415854407e-98
3.977	5.738672806644602e-97
3.98175	9.454377599135019e-96
3.9865	1.529732198248551e-94
3.99125	2.4308538962625543e-93
3.996	3.79370267116216e-92
4.00075	5.81471868470497e-91
4.0055	8.752963373437135e-90
4.01025	1.2940244985204438e-88
4.015000000000001	1.8788446410645062e-87
4.01975	2.6791697247009104e-86
4.0245	3.7520668543664484e-85
4.029249999999999	5.160620149682387e-84
4.034	6.970985896432549e-83
4.03875	9.247993141698056e-82
4.0435	1.2049298920070475e-80
4.0482499999999995	1.5418319561493523e-79
4.053	1.937640892584865e-78
4.05775	2.3915007682048345e-77
4.0625	2.8988700187910695e-76
4.06725	3.4510237265927897e-75
4.072	4.034856859529779e-74
4.0767500000000005	4.6330747167643815e-73
4.0815	5.224821530319134e-72
4.08625	5.786748414514492e-71
4.090999999999999	6.294463606427365e-70
4.09575	6.724249773415876e-69
4.1005	7.0548848852796106e-68
4.10525	7.269373962727578e-67
4.109999999999999	7.356395584568751e-66
4.11475	7.31129190569943e-65
4.1195	7.13648170454141e-64
4.12425	6.841245484559918e-63
4.129	6.4409092011245115e-62
4.13375	5.955526532510938e-61
4.1385000000000005	5.408217328750054e-60
4.14325	4.823353492462985e-59
4.148	4.224789083398644e-58
4.152749999999999	3.634309904401379e-57
4.1575	3.0704347147976168e-56
4.16225	2.5476441247555025e-55
4.167	2.0760539791809423e-54
4.171749999999999	1.6614967844873983e-53
4.1765	1.3059343746990158e-52
4.18125	1.0081013271022241e-51
4.186	7.642720968755719e-51
4.1907499999999995	5.6905311657119205e-50
4.1955	4.161200030431287e-49
4.2002500000000005	2.988445667327585e-48
4.205	2.1078180555383938e-47
4.20975	1.4600975120210125e-46
4.214499999999999	9.933255036148644e-46
4.21925	6.636854487942839e-45
4.224	4.3550584717247515e-44
4.22875	2.806639733958625e-43
4.233499999999999	1.77639823449616e-42
4.23825	1.1042184035317735e-41
4.243	6.741097581428132e-41
4.24775	4.041729379374278e-40
4.2524999999999995	2.379933560618151e-39
4.25725	1.3763326731853552e-38
4.2620000000000005	7.817051821841323e-38
4.26675	4.360372046991624e-37
4.2715	2.3887191280724786e-36
4.27625	1.285190812589844e-35
4.281	6.790959209840665e-35
4.28575	3.524159988097716e-34
4.2905	1.7961437643159033e-33
4.295249999999999	8.990576863108856e-33
4.3	4.4197225411725434e-32
4.30475	2.1338477973561427e-31
4.3095	1.0117957623528205e-30
4.3142499999999995	4.711761052487879e-30
4.319	2.154937329397585e-29
4.32375	9.679368307282202e-29
4.3285	4.269926221067674e-28
4.33325	1.849927512071669e-27
4.338	7.871364723029134e-27
4.3427500000000006	3.2893216649895906e-26
4.3475	1.349968514614635e-25
4.35225	5.441290568947866e-25
4.356999999999999	2.1539775940840435e-24
4.36175	8.374163370626118e-24
4.3665	3.197441899432513e-23
4.37125	1.1990157245601805e-22
4.3759999999999994	4.415786631601973e-22
4.38075	1.5971741279454092e-21
4.3855	5.673583324161348e-21
4.39025	1.9793545460156903e-20
4.395	6.781889867974975e-20
4.39975	2.282121999589211e-19
4.4045000000000005	7.542024985709571e-19
4.40925	2.4479247351015207e-18
4.414	7.803135333109874e-18
4.418749999999999	2.4428747590104433e-17
4.4235	7.510939258896485e-17
4.42825	2.268027322440342e-16
4.433	6.726099676064227e-16
4.437749999999999	1.959021942426758e-15
4.4425	5.603718188961396e-15
4.44725	1.5742520124430317e-14
4.452	4.3434338577651494e-14
4.4567499999999995	1.1769368267664044e-13
4.4615	3.132088873682604e-13
4.4662500000000005	8.18608002404219e-13
4.471	2.1012555788417185e-12
4.47575	5.297155936364489e-12
4.480499999999999	1.3114979638048451e-11
4.48525	3.188992281755758e-11
4.49	7.615532927061175e-11
4.49475	1.786109650023686e-10
4.499499999999999	4.1141196513787317e-10
4.50425	9.306935498584884e-10
4.509	2.067747357781373e-09
4.51375	4.511793659994907e-09
4.5184999999999995	9.668563843804627e-09
4.52325	2.034865429650028e-08
4.528	4.206010983946905e-08
4.53275	8.538195526162625e-08
4.5375	1.7022477707295372e-07
4.54225	3.333039317807355e-07
4.547	6.409425208030704e-07
4.55175	1.2104830596405525e-06
4.5565	2.245222224666491e-06
4.56125	4.089977638923326e-06
4.566	7.317176304374957e-06
4.57075	1.2856628343981093e-05
4.5755	2.2185623805556095e-05
4.5802499999999995	3.759907702111445e-05
4.585	6.258117429612409e-05
4.5897499999999996	0.00010229895959651126
4.5945	0.00016423272926815375
4.59925	0.0002589459888732699
4.604	0.000400977173916075
4.60875	0.0006098051639483076
4.6135	0.0009108010643562787
4.61825	0.0013360322630356887
4.623	0.0019247367859161692
4.62775	0.002723245108560672
4.6325	0.0037841043362025592
4.63725	0.00516416912799007
4.6419999999999995	0.006921477260529012
4.64675	0.00911083371729403
4.6514999999999995	0.011778186556509118
4.65625	0.014954080770121631
4.661	0.0186467006911956
4.66575	0.022835223262648585
4.6705	0.027464361638619237
4.67525	0.032441037919952044
4.68	0.03763404992828024
4.68475	0.04287737183838462
4.6895	0.04797735956005731
4.69425	0.05272365539450539
4.699	0.0569030660064924
4.70375	0.06031520475676741
4.7085	0.06278832972506344
4.7132499999999995	0.06419364535591138
4.718	0.06445641273415574
4.72275	0.06356253495893661
4.7275	0.06155981007729247
4.73225	0.05855369659822029
4.737	0.05469811366877244
4.74175	0.050182392783135535
4.7465	0.0452159193934912
4.75125	0.04001219264539226
4.756	0.03477397366552528
4.76075	0.029680914321399143
4.7655	0.024880620911304743
4.77025	0.020483592991089962
4.7749999999999995	0.01656197199683275
4.77975	0.013151610515704383
4.7844999999999995	0.010256680237639837
4.78925	0.007855895144700482
4.794	0.00590942907656628
4.79875	0.004365724800806246
4.8035	0.003167584226809273
4.80825	0.0022571528626824005
4.813	0.0015796277591415026
4.81775	0.0010856992221465317
4.8225	0.0007328671930910889
4.82725	0.00048584979035714177
4.832	0.0003163295350975509
4.83675	0.0002022732493505728
4.8415	0.00012702761491355152
4.8462499999999995	7.83463595690097e-05
4.851	4.745702230321183e-05
4.85575	2.8232097038129956e-05
4.8605	1.6494790235778153e-05
4.86525	9.464801862932227e-06
4.87	5.333810657742884e-06
4.87475	2.952066220159778e-06
4.8795	1.604654392804065e-06
4.88425	8.566870201851054e-07
4.889	4.4928637752142555e-07
4.89375	2.3162848854299302e-07
4.8985	1.1772821198286476e-07
4.90325	5.967825821330469e-08
4.9079999999999995	3.152263877501276e-08
4.91275	1.9835338500844018e-08
4.9174999999999995	1.845402252729114e-08
4.92225	2.578741571633531e-08
4.927	4.377822447589344e-08
4.93175	7.805294313192318e-08
4.9365	1.3909791079748248e-07
4.94125	2.4451900798692655e-07
4.946	4.226020606100706e-07
4.95075	7.175059296208833e-07
4.9555	1.1964875605803727e-06
4.96025	1.9595604280714475e-06
4.965	3.151895261664477e-06
4.9697499999999994	4.979047665090649e-06
4.9745	7.724704481511673e-06
4.9792499999999995	1.1770054471506848e-05
4.984	1.7613110594445344e-05
4.98875	2.5885385519617834e-05
4.9935	3.7362351145262457e-05
4.99825	5.2963264122912134e-05
5.003	7.373543936987169e-05
5.00775	0.00010081816456807657
5.0125	0.00013538242391524015
5.01725	0.00017854462026406704
5.022	0.00023125558869949227
5.02675	0.0002941702094284429
5.0315	0.0003675074326879701
5.03625	0.0004509148610172795
5.0409999999999995	0.0005433553595986412
5.04575	0.0006430346066845671
5.0504999999999995	0.0007473873140377039
5.05525	0.0008531356343345032
5.06	0.0009564261175991249
5.06475	0.0010530421538191169
5.0695	0.0011386783690424274
5.07425	0.0012092535452196984
5.079	0.0012612310458022299
5.08375	0.0012919119649657767
5.0885	0.0012996672425947652
5.09325	0.001284080970565383
5.098	0.0012459873458156357
5.1027499999999995	0.0011873967009479285
5.1075	0.001111319740483972
5.1122499999999995	0.001021511368532847
5.117	0.0009221644256011174
5.12175	0.0008175880009906097
5.1265	0.0007119043364380076
5.13125	0.0006087931430646506
5.136	0.0005113036002619176
5.14075	0.0004217440204808245
5.1455	0.00034164888014926435
5.15025	0.0002718141453109882
5.155	0.00021238561125437456
5.15975	0.0001629818008668401
5.1645	0.00012283273396811108
5.16925	9.091804928371063e-05
5.1739999999999995	6.60917245727989e-05
5.17875	4.718511786716018e-05
5.1834999999999996	3.308445529256868e-05
5.18825	2.2782633188284817e-05
5.193	1.5407948974857415e-05
5.19775	1.02340310404518e-05
5.2025	6.675896774149854e-06
5.20725	4.276943177031536e-06
5.212	2.691028717711051e-06
5.21675	1.6628924792821405e-06
5.2215	1.0091854733415403e-06
5.22625	6.015043831566887e-07
5.231	3.521012662492117e-07
5.2357499999999995	2.0242183710567303e-07
5.2405	1.1428997080145205e-07
5.2452499999999995	6.337527634858703e-08
5.25	3.4513785448057005e-08
5.25475	1.8459770974792813e-08
5.2595	9.696634072275748e-09
5.26425	5.002380116304156e-09
5.269	2.534506193062038e-09
5.27375	1.2611623836856857e-09
5.2785	6.163248025346483e-10
5.28325	2.9580755812302583e-10
5.288	1.394343807096817e-10
5.29275	6.454928892991854e-11
5.2975	2.934769773704868e-11
5.30225	1.310441376782111e-11
5.3069999999999995	5.746747877074712e-12
5.31175	2.475071175750085e-12
5.3165	1.0469220731829093e-12
5.32125	4.349136206910581e-13
5.326	1.774436001607628e-13
5.33075	7.111113480629083e-14
5.3355	2.801736471600356e-14
5.34025	1.0927406923750961e-14
5.345	4.436106064540481e-15
5.34975	2.477514266793454e-15
5.3545	3.218328145737704e-15
5.35925	7.525643867971139e-15
5.364	1.9891146868228702e-14
5.3687499999999995	5.270001442958879e-14
5.3735	1.3749858809234582e-13
5.3782499999999995	3.5245237769604646e-13
5.383	8.873270067937086e-13
5.38775	2.1939693604345747e-12
5.3925	5.327687496799925e-12
5.39725	1.27059738289935e-11
5.402	2.9760358643807326e-11
5.40675	6.845881070479257e-11
5.4115	1.546612530013098e-10
5.41625	3.4315843865628155e-10
5.421	7.477713585004564e-10
5.42575	1.6003093940153632e-09
5.430499999999999	3.3635668782383604e-09
5.43525	6.943159857752664e-09
5.4399999999999995	1.4075869971469023e-08
5.44475	2.8025560865826174e-08
5.4495	5.480174200227815e-08
5.45425	1.0524352829743875e-07
5.459	1.984985870193496e-07
5.46375	3.676888197015139e-07
5.4685	6.689049563580799e-07
5.47325	1.1951141487994042e-06
5.478	2.0970816816481553e-06
5.48275	3.613951249851782e-06
5.4875	6.116601934306867e-06
5.49225	1.0167147641532471e-05
5.497	1.659774267744307e-05
5.5017499999999995	2.6610921196660058e-05
5.5065	4.190171273526828e-05
5.5112499999999995	6.479845126423565e-05
5.516	9.841435748642747e-05
5.52075	0.0001467956821835636
5.5255	0.00021504486974229642
5.53025	0.00030938971716608176
5.535	0.00043716325336596657
5.53975	0.0006066558750281344
5.5445	0.0008268032038742064
5.54925	0.00110668208218357
5.554	0.0014548043494461362
5.55875	0.0018782235761761728
5.5634999999999994	0.002381502101885258
5.56825	0.0029656209104980793
5.5729999999999995	0.0036269476393608916
5.57775	0.004356401723513419
5.5825	0.005138963594615895
5.58725	0.00595366159172161
5.592	0.0067741332421757516
5.59675	0.0075697983106187165
5.6015	0.008307605527524731
5.60625	0.008954233380352113
5.611	0.009478550690658121
5.61575	0.009854088289530067
5.6205	0.010061250124974887
5.62525	0.010089007086727662
5.63	0.009935869825899639
5.6347499999999995	0.009610021150336065
5.6395	0.009128591616603227
5.6442499999999995	0.008516167569413527
5.649	0.007802712454702526
5.65375	0.0070211457982805895
5.6585	0.006204851113994129
5.66325	0.005385372187652677
5.668	0.004590511353447878
5.67275	0.003842973530523654
5.6775	0.003159618915125449
5.68225	0.0025513086506085253
5.687	0.0020232627352931467
5.69175	0.0015758052695119891
5.6964999999999995	0.0012053517388962718
5.70125	0.0009054949523096341
5.7059999999999995	0.0006680658208101215
5.71075	0.0004840758952684328
5.7155	0.0003444836753502069
5.72025	0.00024076026872436494
5.725	0.00016525780396638813
5.72975	0.00011140382947826468
5.7345	7.375632120707881e-05
5.73925	4.795781176317499e-05
5.744	3.0625307291703116e-05
5.74875	1.920713266141289e-05
5.7535	1.1830568147488367e-05
5.75825	7.15664791340991e-06
5.763	4.251818198357356e-06
5.7677499999999995	2.480851139801001e-06
5.7725	1.421633699386218e-06
5.7772499999999996	8.000842077463946e-07
5.782	4.42226406048609e-07
5.78675	2.4005714083384247e-07
5.7915	1.2798102129728893e-07
5.79625	6.700967298036607e-08
5.801	3.445802724599314e-08
5.80575	1.7402206035116185e-08
5.8105	8.63135913107269e-09
5.81525	4.204506733599e-09
5.82	2.011462323758384e-09
5.82475	9.450825335722795e-10
5.8294999999999995	4.3610247964764154e-10
5.83425	1.9763704862755932e-10
5.8389999999999995	8.796484629912298e-11
5.84375	3.845129058983113e-11
5.8485	1.6507210092995026e-11
5.85325	6.959810596249939e-12
5.858	2.8819215046583908e-12
5.86275	1.1720006676167792e-12
5.8675	4.680955958877039e-13
5.87225	1.8361249653305378e-13
5.877	7.073443694208173e-14
5.88175	2.6762122272989968e-14
5.8865	9.944230559954342e-15
5.891249999999999	3.6289652036632345e-15
5.896	1.3006349128942379e-15
5.9007499999999995	4.578139224771344e-16
5.9055	1.5826452132754804e-16
5.91025	5.3732757172885005e-17
5.915	1.7916602890938974e-17
5.91975	5.867231098724247e-18
5.9245	1.886999155325022e-18
5.92925	5.960342296650282e-19
5.934	1.8489777369663651e-19
5.93875	5.63317375162627e-20
5.9435	1.685526545239363e-20
5.94825	4.9531220638993696e-21
5.953	1.4294976627117501e-21
5.95775	4.0518079573675384e-22
5.9624999999999995	1.127912061906525e-22
5.96725	3.0836324955338004e-23
5.9719999999999995	8.279630789163431e-24
5.97675	2.183334677706069e-24
5.9815	5.654453528043892e-25
5.98625	1.4382088277416407e-25
5.991	3.5926445066895527e-26
5.99575	8.813887968464716e-27
6.0005	2.123644370912982e-27
6.00525	5.025242686994433e-28
6.01	1.16786669710087e-28
6.01475	2.6655724610339347e-29
6.0195	5.975148402134213e-30
6.024249999999999	1.3154304292389631e-30
6.029	2.8441209173334253e-31
6.0337499999999995	6.039336293184981e-32
6.0385	1.2594802308717682e-32
6.04325	2.5796125511118916e-33
6.048	5.1889393216257666e-34
6.05275	1.0250939907332368e-34
6.0575	1.9888854364712774e-35
6.06225	3.789804719809834e-36
6.067	7.092263809098925e-37
6.07175	1.3035086438673983e-37
6.0765	2.352902514625683e-38
6.08125	4.1711416346242926e-39
6.086	7.262178586646057e-40
6.09075	1.241766378320549e-40
6.0954999999999995	2.0853254988469453e-41
6.10025	3.439289985833231e-42
6.1049999999999995	5.5708917708412525e-43
6.10975	8.862201735319313e-44
6.1145	1.3845846965734323e-44
6.11925	2.1245081772678213e-45
6.124	3.20153512901799e-46
6.12875	4.738262539135607e-47
6.1335	6.887172397656985e-48
6.13825	9.83159030230959e-49
6.143	1.3783755961459238e-49
6.14775	1.8978957947086784e-50
6.1525	2.5664817162377142e-51
6.1572499999999994	3.408532415286943e-52
6.162	4.447487023668479e-53
6.1667499999999995	5.830904535449888e-54
6.1715	1.8081148848324473e-54
6.17625	8.706251184372807e-54
6.181	6.682562814693376e-53
6.18575	5.0876356928536e-52
6.1905	3.8046752983586644e-51
6.19525	2.794352791473494e-50
6.2	2.0156070726859717e-49
6.20475	1.4278792960760613e-48
6.2095	9.934319056418062e-48
6.21425	6.788060368812068e-47
6.218999999999999	4.5552715639267454e-46
6.22375	3.00222912616849e-45
6.2284999999999995	1.9432755202534239e-44
6.23325	1.2353383112698407e-43
6.2379999999999995	7.712557686518672e-43
6.24275	4.7290284315965715e-42
6.2475	2.8477798275780897e-41
6.25225	1.6842318590012223e-40
6.257	9.782690904732972e-40
6.26175	5.580534145662654e-39
6.2665	3.126469472445304e-38
6.27125	1.7202580538035975e-37
6.276	9.29595454958033e-37
6.28075	4.933502676640774e-36
6.2855	2.571447898419765e-35
6.2902499999999995	1.3163187724427437e-34
6.295	6.6176745504556675e-34
6.2997499999999995	3.2674633138932296e-33
6.3045	1.584444457488736e-32
6.30925	7.545782861996763e-32
6.314	3.529332476382628e-31
6.31875	1.6212195260488633e-30
6.3235	7.31395129014658e-30
6.32825	3.240584020821145e-29
6.333	1.4101181199655355e-28
6.33775	6.026271376163249e-28
6.3425	2.5293146606187347e-27
6.34725	1.0426007241552403e-26
6.351999999999999	4.2207941093600195e-26
6.35675	1.6781520116684698e-25
6.3614999999999995	6.552837716091791e-25
6.36625	2.5129769894911703e-24
6.3709999999999996	9.464737986576508e-24
6.37575	3.500980278795483e-23
6.3805	1.271837768049203e-22
6.38525	4.537689291892013e-22
6.39	1.590006052689824e-21
6.39475	5.4717189796763075e-21
6.3995	1.8493102467136662e-20
6.40425	6.138422147834244e-20
6.409	2.0010812049458614e-19
6.41375	6.406689231537918e-19
6.4185	2.014482913721467e-18
6.4232499999999995	6.2209183712671855e-18
6.428	1.886715432771991e-17
6.4327499999999995	5.619779627633046e-17
6.4375	1.643967221176191e-16
6.44225	4.723109419309972e-16
6.447	1.33267375323883e-15
6.45175	3.693011555833729e-15
6.4565	1.0050750064300483e-14
6.46125	2.6864407386209377e-14
6.466	7.052076919786753e-14
6.47075	1.818100144089228e-13
6.4755	4.603408829736445e-13
6.48025	1.1447279219309323e-12
6.484999999999999	2.795670543329335e-12
6.48975	6.705492629538729e-12
6.4944999999999995	1.579560893659084e-11
6.49925	3.6542902672080343e-11
6.504	8.302916951548538e-11
6.50875	1.852760705524853e-10
6.5135	4.060401255010686e-10
6.51825	8.739358597962252e-10
6.523	1.8473583634782722e-09
6.52775	3.835162117315012e-09
6.5325	7.81946945025388e-09
6.53725	1.5657839326788165e-08
6.542	3.0792670996956486e-08
6.54675	5.947355185078094e-08
6.5515	1.1281357832257422e-07
6.5562499999999995	2.1016474160822076e-07
6.561	3.8452034753777904e-07
6.5657499999999995	6.909391140096129e-07
6.5705	1.2193298786460698e-06
6.57525	2.113312090755245e-06
6.58	3.5972203709265846e-06
6.58475	6.013557045948487e-06
6.5895	9.873174451607894e-06
6.59425	1.5920003942129765e-05
6.599	2.5211025736043738e-05
6.60375	3.921018082647537e-05
6.6085	5.9891909429110204e-05
6.61325	8.984594020220909e-05
6.617999999999999	0.00013237005245979352
6.62275	0.0001915322933408719
6.6274999999999995	0.0002721794055337381
6.63225	0.0003798651905387431
6.637	0.0005206725951703572
6.64175	0.0007009078532998957
6.6465	0.0009266550926916061
6.65125	0.001203195758537226
6.656	0.001534318255342373
6.66075	0.0019215672883277077
6.6655	0.0023635060926479583
6.67025	0.0028550836697056837
6.675	0.00338720856169008
6.679749999999999	0.0039466264435008835
6.6845	0.004516178398023396
6.6892499999999995	0.005075480240167604
6.694	0.0056020138493789685
6.6987499999999995	0.006072565383937874
6.7035	0.00646489098053481
6.70825	0.006759447453426122
6.713	0.006941002031616197
6.71775	0.006999937000283512
6.7225	0.006933093797849891
6.72725	0.006744053469043324
6.732	0.0064428188182928435
6.73675	0.006044937525179551
6.7415	0.005570173202491968
6.74625	0.005040882414783916
6.7509999999999994	0.004480282708711502
6.75575	0.0039107968417045735
6.7604999999999995	0.003352633475449264
6.76525	0.00282272053648848
6.77	0.002334052785097904
6.77475	0.0018954592356189976
6.7795	0.0015117473261530017
6.78425	0.0011841451906078931
6.789	0.0009109440223087549
6.79375	0.0006882392260014669
6.7985	0.0005106792028041463
6.80325	0.0003721499871834957
6.808	0.0002663478096347611
6.812749999999999	0.00018721563716141555
6.8175	0.0001292405224427263
6.8222499999999995	8.762418046298856e-05
6.827	5.8348931676023586e-05
6.8317499999999995	3.8165392748915155e-05
6.8365	2.4528146132730556e-05
6.84125	1.550247814496401e-05
6.846	9.660533458474803e-06
6.85075	5.9800560825259374e-06
6.8555	3.7541013182738658e-06
6.86025	2.516186401488801e-06
6.865	1.982472331485355e-06
6.86975	2.010684085235002e-06
6.8745	2.574390624539997e-06
6.87925	3.7507257328997367e-06
6.8839999999999995	5.719375293788699e-06
6.88875	8.770458781662722e-06
6.8934999999999995	1.3318623993626032e-05
6.89825	1.992016183633644e-05
6.903	2.9289227440438245e-05
6.90775	4.230841480679679e-05
6.9125	6.002815829597181e-05
6.91725	8.364898942342332e-05
6.922	0.00011448087336792853
6.92675	0.00015387499195983616
6.9315	0.00020312565453552253
6.93625	0.0002633435671851135
6.941	0.0003353062964125399
6.945749999999999	0.0004192969592701495
6.9505	0.0005149472108594444
6.9552499999999995	0.0006211045273795844
6.96	0.0007357455859304488
6.9647499999999996	0.0008559563546560268
6.9695	0.000977994833360293
6.97425	0.0010974442946887202
6.979	0.0012094541088702115
6.98375	0.0013090531742085923
6.9885	0.001391509470755519
6.99325	0.001452700311185464
6.998	0.00148945325268235
7.00275	0.00149981851098036
7.007499999999999	0.0014832403321361654
7.01225	0.0014406063597372848
7.0169999999999995	0.0013741688946387865
7.02175	0.0012873477679867828
7.0264999999999995	0.0011844388381347579
7.03125	0.0010702626740453779
7.036	0.0009497933048599338
7.04075	0.0008278064633019347
7.0455	0.0007085810059899028
7.05025	0.0005956774844283576
7.055	0.000491806028181132
7.05975	0.00039878378871174917
7.0645	0.00031757194373032354
7.06925	0.00024837492206448693
7.074	0.00019078065921724954
7.078749999999999	0.00014392025868895894
7.0835	0.00010662781294092207
7.0882499999999995	7.758540946017767e-05
7.093	5.544349461578424e-05
7.09775	3.8911871619665394e-05
7.1025	2.6820979195605266e-05
7.10725	1.8156332303160747e-05
7.112	1.2070981958350706e-05
7.11675	7.881666664007547e-06
7.1215	5.0542242920170265e-06
7.12625	3.183112167046121e-06
7.131	1.968839705181285e-06
7.13575	1.1959960909544252e-06
7.140499999999999	7.135265634970127e-07
7.14525	4.1807241789537006e-07
7.1499999999999995	2.4057687043701365e-07
7.15475	1.3596189546482256e-07
7.1594999999999995	7.546429768531241e-08
7.16425	4.113645313811665e-08
7.169	2.20228305177174e-08
7.17375	1.1579249569998188e-08
7.1785	5.979277050401532e-09
7.18325	3.032340204307144e-09
7.188	1.5103171563236443e-09
7.19275	7.387872164543478e-10
7.1975	3.549208990445564e-10
7.20225	1.6745755983725991e-10
7.207	7.759592749322785e-11
7.211749999999999	3.53129568106827e-11
7.2165	1.578302420542472e-11
7.2212499999999995	6.927991504853961e-12
7.226	2.9866577267979078e-12
7.23075	1.264516638307921e-12
7.2355	5.258048961361962e-13
7.24025	2.1472652119985868e-13
7.245	8.612073646182313e-14
7.24975	3.392272772246776e-14
7.2545	1.3123049974087664e-14
7.25925	4.985856599394294e-15
7.264	1.8603975920279934e-15
7.26875	6.817619179758337e-16
7.273499999999999	2.453695651075879e-16
7.27825	8.673005709633439e-17
7.2829999999999995	3.010783699111473e-17
7.28775	1.026479934736651e-17
7.2924999999999995	3.4370223582777846e-18
7.29725	1.1302518714992491e-18
7.302	3.650304526430979e-19
7.30675	1.1578277219427018e-19
7.3115	3.6067810151656984e-20
7.31625	1.1034599903448964e-20
7.321	3.3155409141004274e-21
7.32575	9.783926391430791e-22
7.3305	2.8355215116681387e-22
7.33525	8.070746394172075e-23
7.34	2.2560849046988542e-23
7.3447499999999994	6.1938140553949405e-24
7.3495	1.6700207658351995e-24
7.3542499999999995	4.422283333435954e-25
7.359	1.1500910969503112e-25
7.36375	2.9375069545427886e-26
7.3685	7.368626608822104e-27
7.37325	1.8153283128216835e-27
7.378	4.392227198555598e-28
7.38275	1.0436993123225874e-28
7.3875	2.4357178693325792e-29
7.39225	5.582639085339904e-30
7.397	1.2566464422315957e-30
7.40175	2.7780985307663127e-31
7.406499999999999	6.031747712232062e-32
7.41125	1.2861738520988567e-32
7.4159999999999995	2.6935011711107253e-33
7.42075	5.539819898438766e-34
7.4254999999999995	1.1190129374985296e-34
7.43025	2.2199109532219862e-35
7.435	4.3251082844536947e-36
7.43975	8.275979400791042e-37
7.4445	1.5552593303744617e-37
7.44925	2.870434952161336e-38
7.454	5.2032091386646555e-39
7.45875	9.276575088349167e-40
7.4635	1.708552926559418e-40
7.468249999999999	8.253032400778574e-41
7.473	3.3448623584554937e-40
7.4777499999999995	1.9527436886022096e-39
7.4825	1.1346550343508332e-38
7.4872499999999995	6.477488441058007e-38
7.492	3.631742109688312e-37
7.49675	1.999790353286526e-36
7.5015	1.0814711157560787e-35
7.50625	5.74389331610018e-35
7.511	2.9961171453570397e-34
7.51575	1.5348721266925975e-33
7.5205	7.722298651352587e-33
7.52525	3.815768093092005e-32
7.53	1.851732868769038e-31
7.53475	8.82542611372279e-31
7.539499999999999	4.130988784705452e-30
7.54425	1.8990365915693515e-29
7.5489999999999995	8.573805649607118e-29
7.55375	3.8016744237642275e-28
7.5584999999999996	1.65553052192923e-27
7.56325	7.080443270112049e-27
7.568	2.9740254976582427e-26
7.57275	1.2268456074721963e-25
7.5775	4.970454718257428e-25
7.58225	1.9777132154127506e-24
7.587	7.728433851481328e-24
7.59175	2.9660649526314593e-23
7.5965	1.1179716868022113e-22
7.601249999999999	4.138490258830626e-22
7.606	1.5045757376334604e-21
7.6107499999999995	5.3721379434136095e-21
7.6155	1.8838279749273526e-20
7.6202499999999995	6.48778295892572e-20
7.625	2.1943826860878697e-19
7.62975	7.289360145020149e-19
7.6345	2.3780853225149783e-18
7.63925	7.61949944243938e-18
7.644	2.3976535811040042e-17
7.64875	7.409815828742616e-17
7.6535	2.248999592048164e-16
7.65825	6.703974044876946e-16
7.663	1.9626201634650655e-15
7.66775	5.642884656026484e-15
7.672499999999999	1.5934082978652378e-14
7.67725	4.4188978314719075e-14
7.6819999999999995	1.2035436088484285e-13
7.68675	3.2193684687651404e-13
7.6915	8.457471167907634e-13
7.69625	2.182083424276939e-12
7.701	5.529210947929811e-12
7.70575	1.3759921391135751e-11
7.7105	3.3630221753441315e-11
7.71525	8.072433830164687e-11
7.72	1.9030063662888294e-10
7.72475	4.4059237123706e-10
7.7295	1.001831515985893e-09
7.734249999999999	2.2372442006233287e-09
7.739	4.9067403475653465e-09
7.7437499999999995	1.0568996334189377e-08
7.7485	2.235812615732588e-08
7.7532499999999995	4.6451318109241044e-08
7.758	9.478108294396427e-08
7.76275	1.8993555741504069e-07
7.7675	3.7381082138665804e-07
7.77225	7.225342660624205e-07
7.777	1.3715953746647738e-06
7.78175	2.557140323335774e-06
7.7865	4.682136758520227e-06
7.79125	8.419661163382373e-06
7.795999999999999	1.4869833992544864e-05
7.80075	2.579161946982178e-05
7.805499999999999	4.3935147913903e-05
7.81025	7.350325341375032e-05
7.8149999999999995	0.00012077082223975203
7.81975	0.00019488502908568108
7.8245	0.00030885592149097047
7.82925	0.0004807224356918888
7.834	0.0007348418223365121
7.83875	0.0011032002919577953
7.8435	0.0016265818400821065
7.84825	0.0023553667958884235
7.853	0.0033496721156492416
7.85775	0.004678506423284443
7.8625	0.006417611680504298
7.867249999999999	0.008645717577857266
7.872	0.011439057703712407
7.8767499999999995	0.01486419289936578
7.8815	0.0189694481863091
7.8862499999999995	0.023775570045930724
7.891	0.029266508823811162
7.89575	0.03538147200367813
7.9005	0.042009518719116935
7.90525	0.0489879216649668
7.91	0.056105276978439866
7.91475	0.06310989470006549
7.9195	0.06972338966731159
7.92425	0.07565869083352514
7.928999999999999	0.08064100071349868
7.93375	0.08442968246477833
7.9384999999999994	0.08683873627544811
7.94325	0.08775352273474167
7.9479999999999995	0.0871417219086641
7.95275	0.08505714782832771
7.9575	0.08163587967138353
7.96225	0.07708509520758285
7.967	0.0716658568401234
7.97175	0.06567177628032356
7.9765	0.05940587762818445
7.98125	0.053158049463129096
7.986	0.04718523936226924
7.99075	0.041696061978420754
7.9955	0.03684085873712677
8.00025	0.03270756817812343
8.004999999999999	0.02932313637762208
8.00975	0.026659687995696894
8.0145	0.024644330256060325
8.01925	0.023171283818385256
8.024000000000001	0.022115011026343764
8.028749999999999	0.02134311356143423
8.0335	0.020727962777686033
8.03825	0.020156273121236266
8.043	0.019536103376793512
8.04775	0.018801049036925768
8.0525	0.01791165318952083
8.05725	0.016854296855152967
8.062	0.01563801819382243
8.066749999999999	0.014289841027127648
8.0715	0.012849258001552384
8.07625	0.01136250959437267
8.081	0.009877231593479353
8.08575	0.00843792291405246
8.090499999999999	0.0070825312101534055
8.09525	0.005840287749985041
8.1	0.004730767374499764
8.10475	0.0037640223059562366
8.1095	0.002941552050499226
8.11425	0.0022578300248366173
8.119	0.0017021079672687183
8.123750000000001	0.0012602531693479877
8.128499999999999	0.0009164293392385231
8.13325	0.0006544970342316003
8.138	0.000459073101791124
8.14275	0.0003162423818162484
8.1475	0.00021395448457194467
8.152249999999999	0.0001421625319884167
8.157	9.277071112943284e-05
8.16175	5.945635612388971e-05
8.1665	3.742373648581388e-05
8.17125	2.313435044951602e-05
8.176	1.4045224310291187e-05
8.18075	8.374544317766736e-06
8.185500000000001	4.90404875942858e-06
8.190249999999999	2.820391713923462e-06
8.195	1.5930342540180636e-06
8.19975	8.836938177871823e-07
8.2045	4.81437069579356e-07
8.20925	2.575954796270069e-07
8.213999999999999	1.3536236817706885e-07
8.21875	6.985840120291356e-08
8.2235	3.540791304470957e-08
8.22825	1.7625563322073642e-08
8.233	8.616813024032009e-09
8.23775	4.1372457520017314e-09
8.2425	1.950908737783672e-09
8.247250000000001	9.034904666810855e-10
8.251999999999999	4.1093315268178734e-10
8.25675	1.8356072769536987e-10
8.2615	8.052845116375179e-11
8.26625	3.4696039733147756e-11
8.271	1.4681534550119644e-11
8.275749999999999	6.101322498400981e-12
8.2805	2.4902187310498083e-12
8.28525	9.981871953379996e-13
8.29	3.92959215475413e-13
8.29475	1.5193014289328615e-13
8.2995	5.769011426347132e-14
8.30425	2.1513934228789532e-14
8.309000000000001	7.879510863945469e-15
8.313749999999999	2.834259854433245e-15
8.3185	1.0012466051727097e-15
8.32325	3.4737889747056734e-16
8.328	1.183659513187925e-16
8.33275	3.961057419599364e-17
8.337499999999999	1.301836571478766e-17
8.34225	4.202065153939857e-18
8.347	1.3320793038362296e-18
8.35175	4.147232319329681e-19
8.3565	1.2680828598344522e-19
8.36125	3.808008289328785e-20
8.366	1.1230759375698426e-20
8.370750000000001	3.252979633838521e-21
8.375499999999999	9.253681568390717e-22
8.38025	2.585286877950928e-22
8.385	7.093554626953773e-23
8.38975	1.911525420391961e-23
8.3945	5.058913139797439e-24
8.399249999999999	1.3149079533428644e-24
8.404	3.3565603984751415e-25
8.40875	8.415008617553974e-26
8.413499999999999	2.07193271782861e-26
8.41825	5.0102306213706364e-27
8.423	1.1898734760846327e-27
8.42775	2.7752693156778845e-28
8.432500000000001	6.357364115638892e-29
8.437249999999999	1.4307257308352968e-29
8.442	3.1858180659239134e-30
8.44675	8.097849096620437e-31
8.4515	7.311780126272816e-31
8.45625	2.739568448119489e-30
8.460999999999999	1.2325479573324031e-29
8.46575	5.502108576553889e-29
8.4705	2.4133342031052948e-28
8.475249999999999	1.0396230437841165e-27
8.48	4.398410143244965e-27
8.48475	1.8275806619238365e-26
8.4895	7.457931145605747e-26
8.494250000000001	2.9889673397571607e-25
8.498999999999999	1.1764810987962075e-24
8.50375	4.547887609151307e-24
8.5085	1.7266148723430713e-23
8.51325	6.437870195546486e-23
8.518	2.3574904330996074e-22
8.52275	8.47849262440284e-22
8.5275	2.9946656355575575e-21
8.53225	1.0388169228673643e-20
8.536999999999999	3.539082424606896e-20
8.54175	1.1841407409758384e-19
8.5465	3.8911408741131294e-19
8.55125	1.2557742384976713e-18
8.556	3.980220841100016e-18
8.56075	1.2389784537664841e-17
8.5655	3.787750140975938e-17
8.57025	1.1372602944502028e-16
8.575	3.3535085277092906e-16
8.57975	9.711804646693604e-16
8.5845	2.762240225733562e-15
8.58925	7.715852868433134e-15
8.594	2.1167395008490852e-14
8.598749999999999	5.703111673361123e-14
8.6035	1.5090975761734116e-13
8.60825	3.9217847380204373e-13
8.613	1.0009471958132848e-12
8.61775	2.508993677634162e-12
8.6225	6.176592521647911e-12
8.62725	1.4933421391781274e-11
8.632	3.5459342111771786e-11
8.63675	8.26919078268591e-11
8.6415	1.8938969062391583e-10
8.64625	4.2600102292826147e-10
8.651	9.410786783427694e-10
8.65575	2.041748336521666e-09
8.660499999999999	4.35050299097095e-09
8.66525	9.104114630464321e-09
8.67	1.8710997797945013e-08
8.67475	3.776740649113065e-08
8.679499999999999	7.486836727393097e-08
8.68425	1.4576073390531357e-07
8.689	2.78704329369596e-07
8.69375	5.233688473365075e-07
8.6985	9.652348779134504e-07
8.70325	1.7483127666941759e-06
8.708	3.110041871303898e-06
8.71275	5.4334331467439085e-06
8.7175	9.32273638870116e-06
8.722249999999999	1.5709901612892403e-05
8.727	2.5999470944924025e-05
8.73175	4.22587397137874e-05
8.7365	6.745739338980222e-05
8.741249999999999	0.00010575564419898964
8.746	0.00016283154327198155
8.75075	0.000246226338848757
8.7555	0.00036567179259420644
8.76025	0.0005333464374849616
8.765	0.0007639911379385148
8.76975	0.0010748014109994008
8.7745	0.0014850091154116043
8.77925	0.0020150739824084866
8.783999999999999	0.0026854301247273586
8.78875	0.0035147764014330316
8.7935	0.004517961563343307
8.79825	0.00570359062405537
8.802999999999999	0.007071558616484237
8.80775	0.008610788644274153
8.8125	0.01029749756188256
8.81725	0.012094319874918456
8.822	0.013950577573940621
8.82675	0.01580388681233192
8.8315	0.017583147423484227
8.83625	0.019212784379678757
8.841	0.02061792639152061
8.84575	0.021730045987070696
8.8505	0.022492477288233326
8.85525	0.022865195575474655
8.86	0.02282829808736175
8.864749999999999	0.022383764804424007
8.8695	0.021555282423243678
8.87425	0.020386153299504228
8.879	0.01893554626760387
8.88375	0.017273541030772124
8.8885	0.015475543058066525
8.89325	0.01361668542938834
8.898	0.011766787102517896
8.90275	0.009986317544688206
8.9075	0.008323650416228734
8.91225	0.006813704219684035
8.917	0.005477895040988106
8.92175	0.004325189310156034
8.926499999999999	0.0033539572272449224
8.93125	0.0025542941175678777
8.936	0.0019104922102490607
8.94075	0.0014033972587754427
8.9455	0.0010124578713202473
8.95025	0.0007173552531718093
8.955	0.0004991747273853393
8.95975	0.0003411393993654575
8.9645	0.00022896661102564964
8.96925	0.00015092925084133382
8.974	9.770924583669032e-05
8.97875	6.212392556522035e-05
8.9835	3.879208339278077e-05
8.988249999999999	2.378966373614209e-05
8.993	1.4328294082122475e-05
8.99775	8.475428305760637e-06
9.0025	4.92367985793628e-06
9.007249999999999	2.8091759652612352e-06
9.012	1.5740882087187692e-06
9.01675	8.662438652569225e-07
9.0215	4.6817935914061504e-07
9.02625	2.4851084054895916e-07
9.031	1.2955059094579205e-07
9.03575	6.632762443273327e-08
9.0405	3.3351123785968425e-08
9.04525	1.646976817543086e-08
9.049999999999999	7.98776877448032e-09
9.05475	3.8047354749827355e-09
9.0595	1.7798542314816615e-09
9.06425	8.177214455585097e-10
9.068999999999999	3.6896682967005385e-10
9.07375	1.6350470186479246e-10
9.0785	7.115970715650093e-11
9.08325	3.041578592566746e-11
9.088	1.2768060096556474e-11
9.09275	5.2639502737725736e-12
9.0975	2.131373798225663e-12
9.10225	8.475560955374674e-13
9.107	3.310078286106315e-13
9.111749999999999	1.2696062848795458e-13
9.1165	4.782564617571203e-14
9.12125	1.7693494444128504e-14
9.126	6.428762268522576e-15
9.130749999999999	2.2940458983108763e-15
9.1355	8.039662618866394e-16
9.14025	2.7671616492040634e-16
9.145	9.353889185440304e-17
9.14975	3.105352428469307e-17
9.1545	1.012489563688201e-17
9.15925	3.2421357848039243e-18
9.164	1.0196070474758233e-18
9.16875	3.1491651905091733e-19
9.1735	9.552543906160762e-20
9.17825	2.8457952817921417e-20
9.183	8.326253836296502e-21
9.18775	2.3925567652415316e-21
9.192499999999999	6.753300378875061e-22
9.19725	1.8770374354712736e-22
9.202	5.31506839299109e-23
9.20675	2.2051670576656033e-23
9.2115	3.5149323789175733e-23
9.21625	1.170056607703105e-22
9.221	4.193869383947029e-22
9.22575	1.4864577453403635e-21
9.2305	5.176787109321372e-21
9.23525	1.7706947330914257e-20
9.24	5.948248434586067e-20
9.24475	1.9624362576176268e-19
9.2495	6.35862201184858e-19
9.254249999999999	2.023445185510659e-18
9.259	6.3238398572643174e-18
9.26375	1.941025619102065e-17
9.2685	5.851169191206706e-17
9.273249999999999	1.7322677876992425e-16
9.278	5.036726716221742e-16
9.28275	1.4382776438183534e-15
9.2875	4.033648563139083e-15
9.29225	1.1110007925644757e-14
9.297	3.00532652916876e-14
9.30175	7.984173135137905e-14
9.3065	2.0831915797446103e-13
9.31125	5.338133879040497e-13
9.315999999999999	1.3434165564293988e-12
9.32075	3.3204191934615945e-12
9.3255	8.060020001157524e-12
9.33025	1.9214996426620665e-11
9.334999999999999	4.498891103902117e-11
9.33975	1.0345027247288493e-10
9.3445	2.33624713172442e-10
9.34925	5.181636080507687e-10
9.354	1.1286934886466244e-09
9.35875	2.4146051120769208e-09
9.3635	5.073144077691083e-09
9.36825	1.046813372325847e-08
9.373	2.1213987653098004e-08
9.377749999999999	4.222176131353986e-08
9.3825	8.252990884252637e-08
9.38725	1.5843362867150562e-07
9.392	2.98706282875393e-07
9.396749999999999	5.530983086591579e-07
9.4015	1.0058223645422472e-06
9.40625	1.7963924872067155e-06
9.411	3.1509546804671674e-06
9.41575	5.42805285872746e-06
9.4205	9.183473225526231e-06
9.42525	1.5259167654221094e-05
9.43	2.4900938165354006e-05
9.43475	3.990814666348815e-05
9.439499999999999	6.281572750416837e-05
9.44425	9.710379714907148e-05
9.449	0.00014742292253069626
9.45375	0.00021981372432608882
9.458499999999999	0.00032188858620118725
9.46325	0.0004629321412104365
9.468	0.0006538679894471888
9.47275	0.000907034493837957
9.4775	0.0012357155575290078
9.48225	0.001653385825902056
9.487	0.0021726556064200473
9.49175	0.0028039389629956647
9.4965	0.0035539163802317418
9.50125	0.0044239156655707604
9.506	0.005408383237229734
9.51075	0.006493652758359631
9.5155	0.0076572292461342464
9.520249999999999	0.008867786366672443
9.525	0.01008601893595519
9.52975	0.011266404013098145
9.5345	0.0123598114999755
9.53925	0.013316784087665425
9.544	0.014091195942202282
9.54875	0.014643919543803941
9.5535	0.014946097083465289
9.55825	0.014981636250094379
9.563	0.01474863005879193
9.56775	0.014259526377889171
9.5725	0.013540026181237886
9.57725	0.01262684623754649
9.581999999999999	0.011564617267667865
9.58675	0.010402281958273354
9.5915	0.009189395913844507
9.59625	0.007972715910466952
9.600999999999999	0.0067933908251173675
9.60575	0.005684966325819395
9.6105	0.004672294174374761
9.61525	0.0037713205684822147
9.62	0.00298963188749235
9.62475	0.0023275713492961455
9.6295	0.001779710527110091
9.63425	0.001336463173423016
9.639	0.0009856583281168776
9.643749999999999	0.0007139355923931136
9.6485	0.0005078776498274808
9.65325	0.0003548449121495291
9.658	0.00024351837705404206
9.662749999999999	0.0001641861395372875
9.6675	0.0001088259121885221
9.67225	7.104183430953922e-05
9.677	4.591144243488585e-05
9.68175	2.9790999936936005e-05
9.6865	2.0117278149243934e-05
9.69125	1.5233552373726821e-05
9.696	1.4258421699551572e-05
9.70075	1.7008676139052076e-05
9.705499999999999	2.3981733166898926e-05
9.71025	3.639857340054347e-05
9.715	5.630377228878917e-05
9.71975	8.67142481507699e-05
9.724499999999999	0.00013180199057284288
9.72925	0.0001970879443485672
9.734	0.000289614634491796
9.73875	0.0004180550003020775
9.7435	0.0005927060414525018
9.74825	0.0008253107716344369
9.753	0.0011286535693663452
9.75775	0.0015158851803168656
9.7625	0.0019995564418611306
9.76725	0.002590374748358781
9.772	0.0032957424944082166
9.77675	0.0041181875822645765
9.7815	0.00505384522238804
9.786249999999999	0.006091188431419598
9.791	0.0072102221309728425
9.79575	0.008382344433297925
9.8005	0.009571034181350089
9.80525	0.010733447304089509
9.81	0.011822903808973297
9.81475	0.012792136167615474
9.8195	0.013597066597337169
9.82425	0.014200804420423018
9.829	0.014577521356300551
9.83375	0.01471588129909084
9.8385	0.014621770892872104
9.84325	0.014320185975904754
9.847999999999999	0.013856254784128217
9.85275	0.01329549344548431
9.8575	0.012723463646298297
9.86225	0.012245012762352044
9.866999999999999	0.011983211124860699
9.87175	0.012077963498519959
9.8765	0.01268408458157086
9.88125	0.013968430727471077
9.886	0.016105523717301614
9.89075	0.019271042949688604
9.8955	0.023632648844525588
9.90025	0.029337862917075075
9.905	0.036499169438118
9.909749999999999	0.045177082840621774
9.9145	0.055362567544746256
9.91925	0.0669607926625087
9.924	0.07977862450578838
9.928749999999999	0.09351838036845025
9.9335	0.10778009425358462
9.93825	0.12207384311940087
9.943	0.13584259141438224
9.94775	0.1484946550023552
9.9525	0.15944345653806002
9.95725	0.16815097796545522
9.962	0.17417044616583768
9.96675	0.17718350050595338
9.971499999999999	0.17702748129496165
9.97625	0.17370952459669475
9.981	0.16740571078445957
9.98575	0.15844535421384717
9.990499999999999	0.14728234898300344
9.99525	0.13445701312851904
