0 0 -0.0 0.0 -1.243659
0 1 -0.0 -0.0 0.0
0 2 -0.0 0.2880878 -0.0
0 3 0.0900646 0.0 0.0
0 4 -0.0 0.0 0.8553152
0 5 -0.0 0.3894802 0.0
0 6 0.0 -0.0 -0.4618237
0 7 -0.0 0.0 0.0
0 8 0.0 0.0 -0.0
0 9 -0.3920875 -0.0 0.0
0 10 0.539277 0.0 0.0
0 11 -0.0 0.0 -0.0
0 12 0.0 0.4165888 0.0
0 13 -0.0 0.0 -0.1269736
0 14 0.0 0.0 0.1754188
0 15 0.0 -0.1421699 -0.0
0 16 0.0 0.0 -0.1648964
0 17 0.0 -0.1463138 0.0
0 18 -0.0 -0.0 1.1183175
0 19 0.2856461 -0.0 -0.0
0 20 -0.0 -0.4173161 0.0
0 21 0.0 -0.5541973 0.0
0 22 0.0 -0.0 -0.0
0 23 -0.1866528 0.0 0.0
0 24 -0.0 0.0 0.0
0 25 -0.0 0.0 -0.4716026
0 26 -0.0 0.3553304 -0.0
0 27 -0.0 0.0 0.2146499
0 28 0.0411641 0.0 0.0
0 29 0.0 -0.0 -0.0
0 30 -0.1817301 -0.0 0.0
1 1 -0.0 0.0 0.069034
1 2 -0.4972607 -0.0 -0.0
1 3 0.0 0.0015322 -0.0
1 4 -0.0 0.0 0.0
1 5 0.1895161 0.0 0.0
1 6 0.0 -0.0 0.0
1 7 -0.0 0.0 0.550754
1 8 0.0 0.0 0.9766816
1 9 0.0 -0.0107312 0.0
1 10 0.0 -0.0324899 0.0
1 11 0.0 -0.0 -0.0186091
1 12 0.519716 0.0 -0.0
1 13 -0.0 0.0 -0.0
1 14 -0.0 0.0 0.0
1 15 0.3993197 -0.0 0.0
1 16 -0.0 0.0 0.0
1 17 -0.1195873 -0.0 0.0
1 18 0.0 -0.0 -0.0
1 19 -0.0 -0.0951958 -0.0
1 20 -0.0306972 -0.0 0.0
1 21 -0.02205 0.0 -0.0
1 22 0.0 -0.0 -0.1982481
1 23 -0.0 0.0462892 0.0
1 24 -0.0 -0.0 -0.0258617
1 25 -0.0 0.0 -0.0
1 26 0.0277673 0.0 -0.0
1 27 -0.0 -0.0 -0.0
1 28 0.0 -0.1523639 -0.0
1 29 -0.0 0.0 0.0250447
1 30 -0.0 -0.030502 -0.0
2 2 -0.0 -0.0 2.846347
2 3 0.0 -0.0 -0.0
2 4 -0.0 -0.1244633 0.0
2 5 -0.0 0.0 1.6879433
2 6 -0.0 -2.718472 0.0
2 7 -2.5531862 0.0 -0.0
2 8 0.6024611 -0.0 -0.0
2 9 0.0 -0.0 0.0
2 10 -0.0 0.0 -0.0
2 11 0.0090467 -0.0 -0.0
2 12 0.0 0.0 -0.7848542
2 13 0.0 0.013648 0.0
2 14 0.0 -0.0476964 0.0
2 15 -0.0 -0.0 -0.1651779
2 16 -0.0 -0.1807587 0.0
2 17 -0.0 0.0 -0.8576759
2 18 -0.0 0.1151357 -0.0
2 19 -0.0 -0.0 -0.0
2 20 -0.0 -0.0 0.0057788
2 21 0.0 0.0 1.3277654
2 22 0.6052277 0.0 -0.0
2 23 0.0 -0.0 0.0
2 24 -0.0206961 0.0 0.0
2 25 -0.0 0.4753182 0.0
2 26 0.0 -0.0 -0.0575488
2 27 0.0 0.1131469 -0.0
2 28 -0.0 0.0 -0.0
2 29 -0.0259576 0.0 0.0
2 30 0.0 0.0 -0.0
3 3 -0.0 0.0 -0.061732
3 4 0.0628062 0.0 -0.0
3 5 -0.0 0.0 -0.0
3 6 -0.0057919 -0.0 -0.0
3 7 -0.0 0.0721484 -0.0
3 8 -0.0 0.3111028 -0.0
3 9 -0.0 0.0 -0.0260669
3 10 -0.0 -0.0 -0.0703094
3 11 -0.0 -0.0057978 0.0
3 12 -0.0 0.0 0.0
3 13 0.0423799 0.0 0.0
3 14 -0.398515 -0.0 -0.0
3 15 -0.0 0.0 -0.0
3 16 0.3678636 0.0 0.0
3 17 0.0 0.0 -0.0
3 18 -0.0053391 0.0 -0.0
3 19 0.0 0.0 -0.1978041
3 20 0.0 -0.0 0.0
3 21 -0.0 0.0 -0.0
3 22 0.0 -0.0077008 0.0
3 23 -0.0 -0.0 0.4157866
3 24 0.0 -0.0004872 0.0
3 25 -0.0393732 -0.0 -0.0
3 26 -0.0 0.0 -0.0
3 27 -0.055106 -0.0 0.0
3 28 0.0 -0.0 -0.2720871
3 29 -0.0 0.0019383 0.0
3 30 -0.0 -0.0 -0.1181301
4 4 -0.0 0.0 -0.131411
4 5 0.0 -0.3083636 0.0
4 6 0.0 -0.0 0.3277942
4 7 -0.0 0.0 -0.0
4 8 -0.0 -0.0 0.0
4 9 -0.6615774 0.0 0.0
4 10 0.1973634 -0.0 0.0
4 11 0.0 0.0 0.0
4 12 0.0 -0.1867124 -0.0
4 13 0.0 -0.0 0.4830933
4 14 0.0 0.0 -0.0947847
4 15 -0.0 -0.0043027 -0.0
4 16 0.0 -0.0 0.1069954
4 17 -0.0 0.0736091 0.0
4 18 0.0 0.0 -0.2095926
4 19 0.687131 0.0 -0.0
4 20 -0.0 0.0546149 -0.0
4 21 -0.0 -0.1219506 0.0
4 22 -0.0 0.0 -0.0
4 23 0.0301759 -0.0 -0.0
4 24 -0.0 -0.0 -0.0
4 25 0.0 -0.0 0.2731006
4 26 0.0 -0.0319427 0.0
4 27 0.0 -0.0 0.0885851
4 28 0.4517164 -0.0 0.0
4 29 -0.0 -0.0 -0.0
4 30 -0.1756543 0.0 0.0
5 5 -0.0 -0.0 -0.596696
5 6 0.0 1.3725176 -0.0
5 7 1.4028742 -0.0 0.0
5 8 -0.2861087 0.0 -0.0
5 9 0.0 0.0 0.0
5 10 0.0 -0.0 0.0
5 11 0.0048742 0.0 -0.0
5 12 -0.0 -0.0 -0.8867582
5 13 0.0 -0.2034718 0.0
5 14 0.0 -0.7997304 0.0
5 15 -0.0 0.0 1.900611
5 16 0.0 -1.1376591 0.0
5 17 -0.0 -0.0 -0.71863
5 18 -0.0 0.9456934 -0.0
5 19 0.0 0.0 -0.0
5 20 -0.0 -0.0 -0.0627572
5 21 0.0 0.0 0.2196837
5 22 1.5471057 0.0 -0.0
5 23 -0.0 0.0 -0.0
5 24 -0.0357661 -0.0 -0.0
5 25 -0.0 0.7961404 0.0
5 26 0.0 0.0 1.1790415
5 27 -0.0 0.1473986 -0.0
5 28 -0.0 -0.0 0.0
5 29 -0.0321166 -0.0 0.0
5 30 0.0 0.0 0.0
6 6 -0.0 0.0 1.198957
6 7 0.0 -0.0 -0.0
6 8 -0.0 0.0 0.0
6 9 -0.0202907 0.0 -0.0
6 10 0.017744 -0.0 0.0
6 11 0.0 -0.0 0.0
6 12 0.0 -0.3613659 -0.0
6 13 0.0 -0.0 0.052468
6 14 -0.0 -0.0 0.5620894
6 15 0.0 0.0167718 0.0
6 16 -0.0 -0.0 0.8970618
6 17 -0.0 -0.5234133 0.0
6 18 -0.0 0.0 -0.6222315
6 19 0.0119598 0.0 0.0
6 20 -0.0 -0.120185 0.0
6 21 0.0 0.0930189 -0.0
6 22 -0.0 -0.0 -0.0
6 23 -0.0228325 0.0 0.0
6 24 0.0 0.0 0.0
6 25 0.0 -0.0 -1.183931
6 26 0.0 0.0617289 0.0
6 27 0.0 0.0 0.9522197
6 28 -0.0059563 0.0 0.0
6 29 0.0 0.0 0.0
6 30 -0.0148756 0.0 0.0
7 7 -0.0 0.0 0.901192
7 8 -0.0 0.0 -0.7265625
7 9 -0.0 -0.0117494 -0.0
7 10 0.0 0.0234273 -0.0
7 11 -0.0 0.0 0.0129343
7 12 1.6850705 0.0 0.0
7 13 -0.0 0.0 -0.0
7 14 -0.0 0.0 -0.0
7 15 0.094566 -0.0 0.0
7 16 -0.0 0.0 -0.0
7 17 -1.2619617 0.0 0.0
7 18 0.0 -0.0 0.0
7 19 0.0 0.0365289 -0.0
7 20 -0.2901467 0.0 0.0
7 21 0.0498898 -0.0 -0.0
7 22 -0.0 0.0 -1.6025398
7 23 -0.0 0.003516 -0.0
7 24 0.0 -0.0 0.0409553
7 25 -0.0 -0.0 0.0
7 26 0.1109863 -0.0 -0.0
7 27 -0.0 -0.0 0.0
7 28 0.0 0.0525891 0.0
7 29 0.0 0.0 1.2529571
7 30 -0.0 0.0223284 0.0
8 8 -0.0 0.0 -1.968473
8 9 -0.0 -0.0396896 0.0
8 10 0.0 0.0418588 0.0
8 11 0.0 -0.0 0.0968581
8 12 -0.3891294 -0.0 -0.0
8 13 0.0 0.0 -0.0
8 14 0.0 0.0 0.0
8 15 -0.0370942 -0.0 -0.0
8 16 0.0 0.0 0.0
8 17 0.2211536 -0.0 -0.0
8 18 -0.0 -0.0 -0.0
8 19 0.0 0.1236688 -0.0
8 20 -0.0036989 -0.0 -0.0
8 21 -0.483877 -0.0 0.0
8 22 0.0 -0.0 0.362243
8 23 -0.0 -0.0631569 0.0
8 24 -0.0 -0.0 0.0584713
8 25 0.0 0.0 -0.0
8 26 0.2070002 0.0 0.0
8 27 0.0 -0.0 0.0
8 28 -0.0 0.2454356 0.0
8 29 -0.0 -0.0 0.067132
8 30 -0.0 0.0958937 0.0
9 9 -0.0 -0.0 2.657191
9 10 -0.0 0.0 1.5701961
9 11 -0.0 -2.687432 0.0
9 12 -0.0 -0.0 -0.0
9 13 -2.4874465 0.0 -0.0
9 14 0.1477507 0.0 -0.0
9 15 0.0 -0.0 -0.0
9 16 0.4247072 -0.0 -0.0
9 17 -0.0 -0.0 -0.0
9 18 -0.1023199 -0.0 0.0
9 19 0.0 0.0 -0.8375896
9 20 -0.0 0.0 -0.0
9 21 -0.0 -0.0 -0.0
9 22 0.0 0.0146028 0.0
9 23 -0.0 -0.0 -0.0063835
9 24 0.0 -0.1926803 0.0
9 25 -0.1897956 0.0 0.0
9 26 0.0 0.0 0.0
9 27 -0.277721 0.0 0.0
9 28 -0.0 -0.0 -0.1994714
9 29 0.0 0.0079724 0.0
9 30 -0.0 0.0 -1.092289
10 10 -0.0 -0.0 -1.000045
10 11 0.0 1.4008107 -0.0
10 12 -0.0 -0.0 -0.0
10 13 1.4765352 -0.0 0.0
10 14 0.0143448 0.0 -0.0
10 15 0.0 -0.0 0.0
10 16 -0.0030057 0.0 -0.0
10 17 -0.0 -0.0 -0.0
10 18 -0.0127105 0.0 -0.0
10 19 -0.0 -0.0 -0.9475735
10 20 -0.0 0.0 -0.0
10 21 -0.0 -0.0 -0.0
10 22 -0.0 -0.0469303 0.0
10 23 -0.0 0.0 0.0606824
10 24 0.0 -1.8386461 0.0
10 25 -0.2064231 -0.0 0.0
10 26 -0.0 -0.0 -0.0
10 27 -0.0663571 -0.0 0.0
10 28 -0.0 0.0 1.8352132
10 29 -0.0 -0.0557085 0.0
10 30 -0.0 -0.0 -0.9297342
11 11 -0.0 -0.0 0.993793
11 12 -0.0046997 -0.0 0.0
11 13 -0.0 -0.0 -0.0
11 14 -0.0 -0.0 -0.0
11 15 -0.0040428 -0.0 0.0
11 16 -0.0 -0.0 -0.0
11 17 -0.0288024 -0.0 0.0
11 18 0.0 0.0 0.0
11 19 0.0 -0.3309517 -0.0
11 20 0.1520416 0.0 -0.0
11 21 -0.0237436 0.0 0.0
11 22 0.0 -0.0 0.0118739
11 23 -0.0 -0.011838 0.0
11 24 0.0 -0.0 1.2519536
11 25 0.0 0.0 0.0
11 26 -0.0061265 -0.0 0.0
11 27 -0.0 0.0 0.0
11 28 -0.0 0.0100437 0.0
11 29 0.0 -0.0 0.0137352
11 30 -0.0 -0.5364503 0.0
12 12 -0.0 0.0 2.634285
12 13 -0.0 -0.0700429 -0.0
12 14 -0.0 -0.5284726 -0.0
12 15 0.0 -0.0 0.1149002
12 16 0.0 -0.8992782 -0.0
12 17 0.0 0.0 0.1041633
12 18 -0.0 0.6949296 0.0
12 19 0.0 -0.0 0.0
12 20 0.0 0.0 -0.0144388
12 21 -0.0 -0.0 -0.1438098
12 22 -0.4958416 -0.0 0.0
12 23 -0.0 -0.0 -0.0
12 24 0.019449 0.0 -0.0
12 25 0.0 -0.9319225 0.0
12 26 -0.0 -0.0 0.0189471
12 27 -0.0 -0.1052307 0.0
12 28 -0.0 0.0 0.0
12 29 -0.0050571 0.0 -0.0
12 30 0.0 0.0 -0.0
13 13 -0.0 0.0 0.714198
13 14 -0.0 0.0 -0.1074792
13 15 -0.0 0.051059 -0.0
13 16 -0.0 -0.0 -0.3605254
13 17 -0.0 0.0616092 -0.0
13 18 0.0 -0.0 0.0698152
13 19 1.7221008 0.0 0.0
13 20 0.0 0.2902381 -0.0
13 21 0.0 0.1134185 -0.0
13 22 -0.0 0.0 0.0
13 23 0.3892505 -0.0 0.0
13 24 -0.0 0.0 -0.0
13 25 0.0 -0.0 0.4523468
13 26 -0.0 -0.0621895 -0.0
13 27 0.0 0.0 0.2677519
13 28 -0.026531 -0.0 0.0
13 29 0.0 -0.0 -0.0
13 30 -1.2381045 0.0 0.0
14 14 -0.0 -0.0 2.643248
14 15 0.0 0.1082893 -0.0
14 16 -0.0 0.0 -0.1442499
14 17 0.0 0.9031925 -0.0
14 18 -0.0 0.0 1.562497
14 19 -0.0506808 0.0 0.0
14 20 -0.0 -2.0994145 0.0
14 21 0.0 0.554205 -0.0
14 22 0.0 0.0 0.0
14 23 -2.1518398 0.0 0.0
14 24 0.0 0.0 0.0
14 25 0.0 -0.0 0.6155699
14 26 0.0 0.0598992 0.0
14 27 -0.0 -0.0 0.0400269
14 28 -0.01165 -0.0 0.0
14 29 0.0 -0.0 -0.0
14 30 0.0061676 0.0 0.0
15 15 0.0 0.0 -2.915765
15 16 -0.0 0.0616375 -0.0
15 17 0.0 0.0 1.2127097
15 18 0.0 -0.1316228 0.0
15 19 0.0 -0.0 -0.0
15 20 0.0 0.0 0.1980652
15 21 -0.0 -0.0 -0.1712284
15 22 -0.5950412 -0.0 0.0
15 23 0.0 0.0 0.0
15 24 0.0155098 0.0 -0.0
15 25 0.0 -0.5456471 -0.0
15 26 -0.0 0.0 0.0446448
15 27 -0.0 -0.134817 0.0
15 28 0.0 -0.0 0.0
15 29 -0.0596163 0.0 -0.0
15 30 -0.0 -0.0 -0.0
16 16 -0.0 -0.0 0.229024
16 17 -0.0 0.2023977 0.0
16 18 -0.0 0.0 -1.3003201
16 19 -0.3137642 -0.0 0.0
16 20 0.0 1.9167062 -0.0
16 21 -0.0 -0.6231494 0.0
16 22 0.0 0.0 0.0
16 23 1.9562622 -0.0 0.0
16 24 0.0 0.0 0.0
16 25 -0.0 -0.0 0.7206107
16 26 0.0 0.1790376 0.0
16 27 -0.0 -0.0 -0.1032165
16 28 -0.0655755 0.0 -0.0
16 29 -0.0 -0.0 0.0
16 30 0.1953072 -0.0 -0.0
17 17 0.0 0.0 -0.402015
17 18 -0.0 -0.5691681 0.0
17 19 -0.0 -0.0 -0.0
17 20 -0.0 -0.0 -0.3076253
17 21 -0.0 -0.0 0.2445648
17 22 -0.0613629 0.0 0.0
17 23 0.0 0.0 0.0
17 24 3.59e-05 -0.0 -0.0
17 25 0.0 0.3381386 0.0
17 26 0.0 0.0 0.0962265
17 27 -0.0 -0.3750775 -0.0
17 28 0.0 0.0 0.0
17 29 -0.3442266 0.0 -0.0
17 30 0.0 0.0 0.0
18 18 0.0 -0.0 0.29206
18 19 0.1346112 0.0 -0.0
18 20 0.0 0.5134945 -0.0
18 21 -0.0 0.0434412 -0.0
18 22 -0.0 -0.0 -0.0
18 23 0.659708 -0.0 -0.0
18 24 -0.0 -0.0 -0.0
18 25 0.0 0.0 -0.775359
18 26 -0.0 0.1911402 0.0
18 27 -0.0 -0.0 0.0440403
18 28 0.1205698 0.0 -0.0
18 29 -0.0 0.0 -0.0
18 30 -0.0120693 -0.0 -0.0
19 19 -0.0 0.0 2.127033
19 20 -0.0 0.0 -0.0
19 21 0.0 0.0 0.0
19 22 -0.0 -0.0291711 -0.0
19 23 0.0 -0.0 0.0576627
19 24 -0.0 -1.1572804 -0.0
19 25 0.1453786 0.0 -0.0
19 26 0.0 -0.0 -0.0
19 27 0.185701 0.0 -0.0
19 28 0.0 -0.0 -0.0094361
19 29 -0.0 -0.0189204 -0.0
19 30 0.0 0.0 0.1477125
20 20 -0.0 -0.0 1.216371
20 21 -0.0 -0.0 0.0911167
20 22 0.0094315 0.0 0.0
20 23 -0.0 -0.0 -0.0
20 24 0.0037195 -0.0 -0.0
20 25 -0.0 0.039224 0.0
20 26 -0.0 0.0 0.1122974
20 27 -0.0 -0.2785974 0.0
20 28 -0.0 -0.0 -0.0
20 29 -0.3705422 0.0 0.0
20 30 0.0 -0.0 0.0
21 21 -0.0 -0.0 1.109104
21 22 -0.0162016 0.0 -0.0
21 23 0.0 0.0 0.0
21 24 0.0539269 -0.0 0.0
21 25 0.0 0.2889676 -0.0
21 26 -0.0 0.0 1.3612709
21 27 -0.0 -2.522015 -0.0
21 28 0.0 0.0 0.0
21 29 -2.4520171 0.0 -0.0
21 30 -0.0 0.0 -0.0
22 22 0.0 0.0 -1.654507
22 23 -0.0 0.0213975 -0.0
22 24 -0.0 -0.0 0.0409938
22 25 0.0 0.0 0.0
22 26 0.0731047 -0.0 -0.0
22 27 -0.0 -0.0 -0.0
22 28 -0.0 0.0020026 -0.0
22 29 -0.0 -0.0 -0.0717453
22 30 0.0 0.0281389 0.0
23 23 -0.0 0.0 1.082376
23 24 -0.0 0.0210879 -0.0
23 25 -0.0686967 0.0 -0.0
23 26 -0.0 0.0 -0.0
23 27 -0.3538791 0.0 0.0
23 28 0.0 0.0 -0.0432018
23 29 -0.0 0.3266175 -0.0
23 30 0.0 0.0 0.0445533
24 24 -0.0 -0.0 0.204326
24 25 -0.0 -0.0 -0.0
24 26 -0.0362218 0.0 -0.0
24 27 -0.0 -0.0 -0.0
24 28 -0.0 0.2351475 -0.0
24 29 0.0 0.0 -0.0036997
24 30 0.0 0.8239304 -0.0
25 25 0.0 -0.0 -1.156559
25 26 -0.0 -0.1837856 -0.0
25 27 0.0 0.0 -0.1204472
25 28 0.1057027 0.0 -0.0
25 29 0.0 -0.0 0.0
25 30 -0.030246 0.0 -0.0
26 26 -0.0 -0.0 -2.936023
26 27 0.0 1.5702721 -0.0
26 28 -0.0 0.0 0.0
26 29 1.7102868 -0.0 0.0
26 30 -0.0 0.0 -0.0
27 27 0.0 0.0 -0.858392
27 28 0.0340417 0.0 -0.0
27 29 0.0 -0.0 -0.0
27 30 -0.0851502 0.0 -0.0
28 28 0.0 0.0 -3.091743
28 29 -0.0 0.0143156 -0.0
28 30 0.0 -0.0 1.3228571
29 29 0.0 0.0 -0.872465
29 30 0.0 0.0123352 -0.0
30 30 0.0 0.0 -1.037835
