 Ground state dipole moment in X,Y,Z:   -0.000000    0.000000   -0.998970 a.u.

 Transition dipole moment between ground state (0) and excited states (a.u.)
     i     j         X             Y             Z        Diff.(eV)   Oscil.str
     0     1    -0.0000000     0.0000000    -0.0000000     3.88450     0.00000
     0     2    -0.0000000     0.4179706    -0.0000000     6.86980     0.02940
     0     3    -0.0000000     0.3699536     0.0000000     7.65140     0.02566
     0     4     0.0000000     0.0000000    -0.4961127     7.85720     0.04738
     0     5    -0.0000000    -0.0000000    -0.0000000     8.36670     0.00000
     0     6     0.0660456     0.0000000     0.0000000     8.95000     0.00096
     0     7    -0.0000000     0.0000000     0.7573399     9.32580     0.13105
     0     8    -0.0000000    -0.0000000    -0.0000000     9.96080     0.00000
     0     9    -0.4052273    -0.0000000    -0.0000000    10.31130     0.04148
     0    10    -0.0000000     0.6610297     0.0000000    10.33000     0.11059
     0    11     0.4006419     0.0000000     0.0000000    11.17170     0.04393
     0    12    -0.0000000    -0.0000000     0.0000000    11.27070     0.00000
     0    13     0.0000000    -0.0417345    -0.0000000    11.41470     0.00049
     0    14     0.0000000     0.0000000    -0.1885337    11.75770     0.01024
     0    15    -0.0000000     0.0000000    -0.2995833    12.00150     0.02639
     0    16     0.0000000    -0.0000000     0.0000000    12.30000     0.00000
     0    17     0.0000000     0.0000000    -0.8562886    12.37380     0.22228
     0    18     0.0000000     0.0000000     0.7419813    12.61670     0.17017
     0    19     0.0000000    -0.3775787     0.0000000    12.78620     0.04466
     0    20     0.0000000    -0.5767361     0.0000000    12.86340     0.10483
     0    21    -0.0000000    -0.0000000    -0.5748221    12.94230     0.10477
     0    22    -0.2423059    -0.0000000     0.0000000    13.31590     0.01915
     0    23     0.1930138     0.0000000    -0.0000000    13.44550     0.01227
     0    24     0.0000000    -0.2839681    -0.0000000    13.64400     0.02695
     0    25    -0.0000000     0.2695244    -0.0000000    13.78890     0.02454
     0    26    -0.0000000    -0.0000000     0.0228421    14.13600     0.00018
     0    27     0.0000000     0.0000000     0.0000000    14.36110     0.00000
     0    28    -0.0000000     0.0000000    -0.0000000    14.57250     0.00000
     0    29    -0.1576718     0.0000000    -0.0000000    14.78560     0.00901
     0    30    -0.0000000     0.0000000     0.2252477    15.01740     0.01867
 
 Note: In below output the case of i=j corresponds to electronic contribution to dipole moment of excited state i
 Transition dipole moment between excited states (a.u.):
     i     j         X             Y             Z        Diff.(eV)   Oscil.str
     1     1    -0.0000000     0.0000000    -0.3511574     0.00000     0.00000
     1     2    -0.6605607     0.0000000     0.0000000     2.98530     0.03191
     1     3     0.0596831    -0.0000000     0.0000000     3.76690     0.00033
     1     4    -0.0000000    -0.0000000    -0.0000000     3.97270     0.00000
     1     5    -0.0000000    -0.0000000     0.4269827     4.48220     0.02002
     1     6    -0.0000000    -0.0266131    -0.0000000     5.06550     0.00009
     1     7    -0.0000000     0.0000000    -0.0000000     5.44130     0.00000
     1     8    -0.0000000     0.0000000     1.2260484     6.07630     0.22378
     1     9    -0.0000000    -0.0135112    -0.0000000     6.42680     0.00003
     1    10     0.5568715     0.0000000     0.0000000     6.44550     0.04897
     1    11    -0.0000000    -0.0384387    -0.0000000     7.28720     0.00026
     1    12     0.0000000    -0.0000000    -0.0303619     7.38620     0.00017
     1    13     0.4636659     0.0000000     0.0000000     7.53020     0.03966
     1    14    -0.0000000    -0.0000000    -0.0000000     7.87320     0.00000
     1    15    -0.0000000    -0.0000000    -0.0000000     8.11700     0.00000
     1    16     0.0000000    -0.0000000    -0.2171356     8.41550     0.00972
     1    17    -0.0000000    -0.0000000    -0.0000000     8.48930     0.00000
     1    18     0.0000000    -0.0000000     0.0000000     8.73220     0.00000
     1    19    -0.0122701    -0.0000000    -0.0000000     8.90170     0.00003
     1    20    -0.0399002     0.0000000     0.0000000     8.97890     0.00035
     1    21    -0.0000000    -0.0000000     0.0000000     9.05780     0.00000
     1    22    -0.0000000     0.0683165     0.0000000     9.43140     0.00108
     1    23     0.0000000    -0.1755851    -0.0000000     9.56100     0.00722
     1    24     0.1490294    -0.0000000     0.0000000     9.75950     0.00531
     1    25     0.0424364    -0.0000000     0.0000000     9.90440     0.00044
     1    26     0.0000000     0.0000000     0.0000000    10.25150     0.00000
     1    27    -0.0000000     0.0000000     0.0298339    10.47660     0.00023
     1    28    -0.0000000     0.0000000    -0.0280662    10.68800     0.00021
     1    29     0.0000000    -0.4003542    -0.0000000    10.90110     0.04281
     1    30     0.0000000     0.0000000     0.0000000    11.13290     0.00000
     2     2     0.0000000    -0.0000000     1.8211597     0.00000     0.00000
     2     3    -0.0000000     0.0000000     2.2712919     0.78160     0.09878
     2     4     0.0000000    -2.8743251     0.0000000     0.98740     0.19986
     2     5    -2.7909021    -0.0000000     0.0000000     1.49690     0.28565
     2     6    -0.0000000     0.0000000    -0.0000000     2.08020     0.00000
     2     7     0.0000000     0.0064614     0.0000000     2.45600     0.00000
     2     8     0.0335658    -0.0000000    -0.0000000     3.09100     0.00009
     2     9     0.0000000     0.0000000     0.0000000     3.44150     0.00000
     2    10    -0.0000000     0.0000000    -0.3775548     3.46020     0.01208
     2    11     0.0000000     0.0000000    -0.0000000     4.30190     0.00000
     2    12     0.0048036    -0.0000000    -0.0000000     4.40090     0.00000
     2    13    -0.0000000    -0.0000000    -0.0297156     4.54490     0.00010
     2    14     0.0000000    -0.0516750     0.0000000     4.88790     0.00032
     2    15    -0.0000000     0.0163603     0.0000000     5.13170     0.00003
     2    16     0.5058912    -0.0000000    -0.0000000     5.43020     0.03405
     2    17     0.0000000    -0.1424223     0.0000000     5.50400     0.00274
     2    18     0.0000000     0.0796712    -0.0000000     5.74690     0.00089
     2    19     0.0000000    -0.0000000     0.1105864     5.91640     0.00177
     2    20     0.0000000     0.0000000     1.2367906     5.99360     0.22461
     2    21     0.0000000     0.4678999     0.0000000     6.07250     0.03257
     2    22    -0.0000000     0.0000000    -0.0000000     6.44610     0.00000
     2    23    -0.0000000    -0.0000000    -0.0000000     6.57570     0.00000
     2    24    -0.0000000    -0.0000000     0.6756866     6.77420     0.07577
     2    25    -0.0000000    -0.0000000    -0.0225041     6.91910     0.00009
     2    26    -0.0000000     0.1064878    -0.0000000     7.26620     0.00202
     2    27    -0.0242857     0.0000000    -0.0000000     7.49130     0.00011
     2    28    -0.0116512    -0.0000000    -0.0000000     7.70270     0.00003
     2    29    -0.0000000    -0.0000000    -0.0000000     7.91580     0.00000
     2    30    -0.0000000     0.0638261    -0.0000000     8.14760     0.00081
     3     3     0.0000000    -0.0000000    -0.6294660     0.00000     0.00000
     3     4    -0.0000000     1.1496795    -0.0000000     0.20580     0.00666
     3     5     1.0885553     0.0000000     0.0000000     0.71530     0.02077
     3     6     0.0000000     0.0000000    -0.0000000     1.29860     0.00000
     3     7    -0.0000000    -0.6014690     0.0000000     1.67440     0.01484
     3     8     0.0679210    -0.0000000     0.0000000     2.30940     0.00026
     3     9     0.0000000     0.0000000     0.0000000     2.65990     0.00000
     3    10     0.0000000    -0.0000000    -1.0739680     2.67860     0.07569
     3    11     0.0000000     0.0000000     0.0000000     3.52030     0.00000
     3    12     0.0190354    -0.0000000     0.0000000     3.61930     0.00003
     3    13    -0.0000000     0.0000000     2.0596364     3.76330     0.39112
     3    14    -0.0000000    -0.8703730     0.0000000     4.10630     0.07621
     3    15    -0.0000000    -0.2797200    -0.0000000     4.35010     0.00834
     3    16     1.6444444    -0.0000000     0.0000000     4.64860     0.30798
     3    17     0.0000000    -1.3497760     0.0000000     4.72240     0.21079
     3    18     0.0000000     0.4376223    -0.0000000     4.96530     0.02330
     3    19     0.0000000     0.0000000     0.0153281     5.13480     0.00003
     3    20     0.0000000     0.0000000     0.1324195     5.21200     0.00224
     3    21     0.0000000     0.8561310     0.0000000     5.29090     0.09501
     3    22     0.0000000    -0.0000000     0.0000000     5.66450     0.00000
     3    23     0.0000000    -0.0000000     0.0000000     5.79410     0.00000
     3    24    -0.0000000    -0.0000000     0.2253405     5.99260     0.00746
     3    25    -0.0000000     0.0000000     1.3455965     6.13750     0.27226
     3    26    -0.0000000     0.0940155    -0.0000000     6.48460     0.00140
     3    27    -0.0207158     0.0000000    -0.0000000     6.70970     0.00007
     3    28    -0.0126814     0.0000000    -0.0000000     6.92110     0.00003
     3    29     0.0000000     0.0000000    -0.0000000     7.13420     0.00000
     3    30    -0.0000000     0.0824138     0.0000000     7.36600     0.00123
     4     4    -0.0000000     0.0000000     0.4411139     0.00000     0.00000
     4     5     0.0000000     0.0000000     0.0000000     0.50950     0.00000
     4     6    -0.0025515     0.0000000     0.0000000     1.09280     0.00000
     4     7    -0.0000000    -0.0000000     0.5066402     1.46860     0.00924
     4     8     0.0000000     0.0000000     0.0000000     2.10360     0.00000
     4     9    -0.0577610    -0.0000000     0.0000000     2.45410     0.00020
     4    10    -0.0000000    -0.2756083    -0.0000000     2.47280     0.00460
     4    11     0.0231797     0.0000000     0.0000000     3.31450     0.00004
     4    12     0.0000000     0.0000000     0.0000000     3.41350     0.00000
     4    13    -0.0000000     0.0825323     0.0000000     3.55750     0.00059
     4    14     0.0000000    -0.0000000     0.6527839     3.90050     0.04072
     4    15    -0.0000000    -0.0000000     0.0958177     4.14430     0.00093
     4    16     0.0000000     0.0000000     0.0000000     4.44280     0.00000
     4    17     0.0000000    -0.0000000     1.0610445     4.51660     0.12458
     4    18    -0.0000000     0.0000000    -0.3594574     4.75950     0.01507
     4    19     0.0000000    -0.0352900     0.0000000     4.92900     0.00015
     4    20     0.0000000    -0.0552480    -0.0000000     5.00620     0.00037
     4    21     0.0000000     0.0000000    -1.1597858     5.08510     0.16758
     4    22    -0.0336105    -0.0000000     0.0000000     5.45870     0.00015
     4    23     0.0461343    -0.0000000    -0.0000000     5.58830     0.00029
     4    24    -0.0000000     1.1029508     0.0000000     5.78680     0.17247
     4    25    -0.0000000     0.1665501     0.0000000     5.93170     0.00403
     4    26    -0.0000000     0.0000000     1.1890829     6.27880     0.21750
     4    27    -0.0000000    -0.0000000    -0.0000000     6.50390     0.00000
     4    28    -0.0000000    -0.0000000    -0.0000000     6.71530     0.00000
     4    29     0.0167157    -0.0000000     0.0000000     6.92840     0.00005
     4    30    -0.0000000     0.0000000     0.0069758     7.16020     0.00001
     5     5    -0.0000000     0.0000000     0.3359867     0.00000     0.00000
     5     6    -0.0000000     0.0015145    -0.0000000     0.58330     0.00000
     5     7    -0.0000000     0.0000000     0.0000000     0.95910     0.00000
     5     8     0.0000000    -0.0000000    -0.0735821     1.59410     0.00021
     5     9     0.0000000     0.0026907    -0.0000000     1.94460     0.00000
     5    10     1.8453932    -0.0000000    -0.0000000     1.96330     0.16380
     5    11     0.0000000     0.0094319     0.0000000     2.80500     0.00001
     5    12     0.0000000     0.0000000    -0.0185886     2.90400     0.00002
     5    13     0.5444444     0.0000000     0.0000000     3.04800     0.02214
     5    14    -0.0000000     0.0000000     0.0000000     3.39100     0.00000
     5    15     0.0000000     0.0000000     0.0000000     3.63480     0.00000
     5    16     0.0000000     0.0000000    -1.6852733     3.93330     0.27369
     5    17    -0.0000000     0.0000000     0.0000000     4.00710     0.00000
     5    18     0.0000000    -0.0000000    -0.0000000     4.25000     0.00000
     5    19    -0.0092339     0.0000000    -0.0000000     4.41950     0.00001
     5    20    -0.1264387    -0.0000000    -0.0000000     4.49670     0.00176
     5    21     0.0000000     0.0000000    -0.0000000     4.57560     0.00000
     5    22    -0.0000000    -0.0150068    -0.0000000     4.94920     0.00003
     5    23    -0.0000000     0.0080321     0.0000000     5.07880     0.00001
     5    24     1.2137019     0.0000000     0.0000000     5.27730     0.19046
     5    25     0.1816122     0.0000000     0.0000000     5.42220     0.00438
     5    26     0.0000000     0.0000000    -0.0000000     5.76930     0.00000
     5    27    -0.0000000     0.0000000     1.3246591     5.99440     0.25770
     5    28    -0.0000000     0.0000000     0.1498777     6.20580     0.00342
     5    29    -0.0000000    -0.0285347    -0.0000000     6.41890     0.00013
     5    30    -0.0000000    -0.0000000    -0.0000000     6.65070     0.00000
     6     6    -0.0000000     0.0000000     0.1281100     0.00000     0.00000
     6     7     0.1404508     0.0000000     0.0000000     0.37580     0.00018
     6     8    -0.0000000     0.3644288     0.0000000     1.01080     0.00329
     6     9     0.0000000     0.0000000     0.0222997     1.36130     0.00002
     6    10    -0.0000000    -0.0000000    -0.0000000     1.38000     0.00000
     6    11     0.0000000    -0.0000000    -0.0887186     2.22170     0.00043
     6    12     0.0000000    -0.0077469    -0.0000000     2.32070     0.00000
     6    13    -0.0000000    -0.0000000    -0.0000000     2.46470     0.00000
     6    14    -0.5400241     0.0000000     0.0000000     2.80770     0.02006
     6    15    -0.0902428     0.0000000     0.0000000     3.05150     0.00061
     6    16     0.0000000    -0.0153564    -0.0000000     3.35000     0.00002
     6    17     0.4059825    -0.0000000    -0.0000000     3.42380     0.01383
     6    18     0.0562953    -0.0000000     0.0000000     3.66670     0.00028
     6    19    -0.0000000    -0.0000000    -0.0000000     3.83620     0.00000
     6    20     0.0000000     0.0000000     0.0000000     3.91340     0.00000
     6    21    -0.0532934     0.0000000    -0.0000000     3.99230     0.00028
     6    22    -0.0000000    -0.0000000     0.5500222     4.36590     0.03236
     6    23     0.0000000     0.0000000    -0.2754069     4.49550     0.00835
     6    24    -0.0000000     0.0000000    -0.0000000     4.69400     0.00000
     6    25    -0.0000000    -0.0000000     0.0000000     4.83890     0.00000
     6    26    -0.0872550     0.0000000    -0.0000000     5.18600     0.00097
     6    27    -0.0000000     0.0093794    -0.0000000     5.41110     0.00001
     6    28     0.0000000    -0.0385356     0.0000000     5.62250     0.00020
     6    29    -0.0000000    -0.0000000    -0.5538597     5.83560     0.04386
     6    30     0.5733402     0.0000000     0.0000000     6.06740     0.04886
     7     7    -0.0000000     0.0000000    -0.0219644     0.00000     0.00000
     7     8    -0.0000000    -0.0000000     0.0000000     0.63500     0.00000
     7     9    -0.9589611     0.0000000     0.0000000     0.98550     0.02220
     7    10    -0.0000000    -0.3951015    -0.0000000     1.00420     0.00384
     7    11     0.1063282    -0.0000000    -0.0000000     1.84590     0.00051
     7    12    -0.0000000    -0.0000000    -0.0000000     1.94490     0.00000
     7    13     0.0000000    -0.0783610     0.0000000     2.08890     0.00031
     7    14     0.0000000    -0.0000000    -0.1914573     2.43190     0.00218
     7    15    -0.0000000    -0.0000000     0.5040518     2.67570     0.01666
     7    16    -0.0000000     0.0000000    -0.0000000     2.97420     0.00000
     7    17     0.0000000     0.0000000     0.0910360     3.04800     0.00062
     7    18     0.0000000     0.0000000    -0.0661357     3.29090     0.00035
     7    19    -0.0000000     0.0488392     0.0000000     3.46040     0.00020
     7    20     0.0000000    -0.1407036     0.0000000     3.53760     0.00172
     7    21    -0.0000000    -0.0000000     0.5122437     3.61650     0.02325
     7    22     0.0286322     0.0000000    -0.0000000     3.99010     0.00008
     7    23     0.8388205    -0.0000000     0.0000000     4.11970     0.07102
     7    24    -0.0000000    -0.0922021     0.0000000     4.31820     0.00090
     7    25    -0.0000000    -0.0540827     0.0000000     4.46310     0.00032
     7    26    -0.0000000    -0.0000000     0.0401822     4.81020     0.00019
     7    27     0.0000000    -0.0000000     0.0000000     5.03530     0.00000
     7    28    -0.0000000     0.0000000     0.0000000     5.24670     0.00000
     7    29     0.4137625    -0.0000000     0.0000000     5.45980     0.02290
     7    30    -0.0000000    -0.0000000    -0.0105576     5.69160     0.00002
     8     8    -0.0000000     0.0000000    -1.6345146     0.00000     0.00000
     8     9     0.0000000    -0.0635296     0.0000000     0.35050     0.00003
     8    10    -0.0123022     0.0000000    -0.0000000     0.36920     0.00000
     8    11    -0.0000000     0.0312320     0.0000000     1.21090     0.00003
     8    12     0.0000000    -0.0000000     0.0916861     1.30990     0.00027
     8    13    -0.0119574     0.0000000    -0.0000000     1.45390     0.00001
     8    14     0.0000000     0.0000000    -0.0000000     1.79690     0.00000
     8    15     0.0000000     0.0000000     0.0000000     2.04070     0.00000
     8    16    -0.0000000    -0.0000000    -0.0153477     2.33920     0.00001
     8    17     0.0000000    -0.0000000    -0.0000000     2.41300     0.00000
     8    18    -0.0000000    -0.0000000    -0.0000000     2.65590     0.00000
     8    19    -0.0360441     0.0000000     0.0000000     2.82540     0.00009
     8    20    -0.6256497     0.0000000     0.0000000     2.90260     0.02784
     8    21    -0.0000000    -0.0000000    -0.0000000     2.98150     0.00000
     8    22     0.0000000    -0.0662015    -0.0000000     3.35510     0.00036
     8    23    -0.0000000     0.1658949    -0.0000000     3.48470     0.00235
     8    24    -0.0931098     0.0000000    -0.0000000     3.68320     0.00078
     8    25     0.1377280    -0.0000000     0.0000000     3.82810     0.00178
     8    26    -0.0000000    -0.0000000    -0.0000000     4.17520     0.00000
     8    27    -0.0000000     0.0000000     0.4465550     4.40030     0.02150
     8    28    -0.0000000    -0.0000000     0.1160287     4.61170     0.00152
     8    29    -0.0000000     0.4457694     0.0000000     4.82480     0.02349
     8    30    -0.0000000     0.0000000    -0.0000000     5.05660     0.00000
     9     9     0.0000000    -0.0000000     2.0498929     0.00000     0.00000
     9    10    -0.0000000     0.0000000     0.0000000     0.01870     0.00000
     9    11     0.0000000     0.0000000     2.2135222     0.86040     0.10328
     9    12     0.0000000    -2.8619577     0.0000000     0.95940     0.19252
     9    13     0.0000000    -0.0000000     0.0000000     1.10340     0.00000
     9    14     0.7786397     0.0000000     0.0000000     1.44640     0.02148
     9    15    -2.4843927    -0.0000000     0.0000000     1.69020     0.25559
     9    16    -0.0000000     0.0378676     0.0000000     1.98870     0.00007
     9    17     0.3422024     0.0000000    -0.0000000     2.06250     0.00592
     9    18     0.0270240     0.0000000     0.0000000     2.30540     0.00004
     9    19    -0.0000000    -0.0000000     0.0000000     2.47490     0.00000
     9    20    -0.0000000    -0.0000000     0.0000000     2.55210     0.00000
     9    21    -0.2473785    -0.0000000     0.0000000     2.63100     0.00394
     9    22     0.0000000    -0.0000000     0.0297947     3.00460     0.00007
     9    23    -0.0000000     0.0000000    -0.5042296     3.13420     0.01952
     9    24    -0.0000000    -0.0000000     0.0000000     3.33270     0.00000
     9    25     0.0000000     0.0000000    -0.0000000     3.47760     0.00000
     9    26    -0.3030494    -0.0000000     0.0000000     3.82470     0.00861
     9    27    -0.0000000     0.0237829    -0.0000000     4.04980     0.00006
     9    28     0.0000000    -0.0733833     0.0000000     4.26120     0.00056
     9    29    -0.0000000    -0.0000000    -0.0320596     4.47430     0.00011
     9    30    -0.0849711    -0.0000000     0.0000000     4.70610     0.00083
    10    10     0.0000000     0.0000000     1.8419619     0.00000     0.00000
    10    11     0.0000000     0.0000000    -0.0000000     0.84170     0.00000
    10    12    -0.0024182     0.0000000    -0.0000000     0.94070     0.00000
    10    13     0.0000000    -0.0000000     0.2553345     1.08470     0.00173
    10    14    -0.0000000    -0.7023213    -0.0000000     1.42770     0.01725
    10    15     0.0000000    -0.0997658    -0.0000000     1.67150     0.00041
    10    16    -0.4038847     0.0000000    -0.0000000     1.97000     0.00787
    10    17    -0.0000000    -1.2639352    -0.0000000     2.04380     0.07999
    10    18    -0.0000000     0.0894750     0.0000000     2.28670     0.00045
    10    19    -0.0000000    -0.0000000    -0.0370341     2.45620     0.00008
    10    20    -0.0000000    -0.0000000    -0.0330041     2.53340     0.00007
    10    21    -0.0000000    -0.9676623     0.0000000     2.61230     0.05993
    10    22    -0.0000000     0.0000000    -0.0000000     2.98590     0.00000
    10    23     0.0000000     0.0000000     0.0000000     3.11550     0.00000
    10    24     0.0000000    -0.0000000    -0.4554811     3.31400     0.01684
    10    25     0.0000000    -0.0000000     0.0408035     3.45890     0.00014
    10    26     0.0000000    -0.0571955     0.0000000     3.80600     0.00031
    10    27     0.0008889    -0.0000000     0.0000000     4.03110     0.00000
    10    28     0.0117753    -0.0000000     0.0000000     4.24250     0.00001
    10    29    -0.0000000    -0.0000000    -0.0000000     4.45560     0.00000
    10    30    -0.0000000     0.0852031    -0.0000000     4.68740     0.00083
    11    11     0.0000000    -0.0000000    -0.5871944     0.00000     0.00000
    11    12    -0.0000000     1.1328018    -0.0000000     0.09900     0.00311
    11    13     0.0000000     0.0000000    -0.0000000     0.24300     0.00000
    11    14    -0.1504040    -0.0000000     0.0000000     0.58600     0.00032
    11    15     1.1601572     0.0000000     0.0000000     0.82980     0.02736
    11    16     0.0000000    -0.0231699     0.0000000     1.12830     0.00001
    11    17     0.1383194    -0.0000000     0.0000000     1.20210     0.00056
    11    18     0.1167732     0.0000000    -0.0000000     1.44500     0.00048
    11    19     0.0000000     0.0000000     0.0000000     1.61450     0.00000
    11    20    -0.0000000    -0.0000000     0.0000000     1.69170     0.00000
    11    21    -0.0761047     0.0000000    -0.0000000     1.77060     0.00025
    11    22    -0.0000000     0.0000000     0.0831716     2.14420     0.00036
    11    23     0.0000000    -0.0000000    -1.0506233     2.27380     0.06149
    11    24     0.0000000     0.0000000    -0.0000000     2.47230     0.00000
    11    25    -0.0000000    -0.0000000     0.0000000     2.61720     0.00000
    11    26     0.0798236     0.0000000    -0.0000000     2.96430     0.00046
    11    27     0.0000000     0.1721532    -0.0000000     3.18940     0.00232
    11    28    -0.0000000    -1.8690734     0.0000000     3.40080     0.29107
    11    29    -0.0000000     0.0000000     1.9045234     3.61390     0.32115
    11    30    -0.0601650     0.0000000    -0.0000000     3.84570     0.00034
    12    12     0.0000000     0.0000000     0.6873677     0.00000     0.00000
    12    13    -0.0017654     0.0000000    -0.0000000     0.14400     0.00000
    12    14     0.0000000     0.0000000     0.0000000     0.48700     0.00000
    12    15     0.0000000     0.0000000     0.0000000     0.73080     0.00000
    12    16    -0.0000000    -0.0000000    -0.0272333     1.02930     0.00002
    12    17     0.0000000     0.0000000     0.0000000     1.10310     0.00000
    12    18    -0.0000000    -0.0000000    -0.0000000     1.34600     0.00000
    12    19     0.2217367     0.0000000     0.0000000     1.51550     0.00183
    12    20    -0.0093423    -0.0000000    -0.0000000     1.59270     0.00000
    12    21    -0.0000000    -0.0000000    -0.0000000     1.67160     0.00000
    12    22     0.0000000     0.0165358     0.0000000     2.04520     0.00001
    12    23    -0.0000000    -0.2415793    -0.0000000     2.17480     0.00311
    12    24    -0.0122981     0.0000000    -0.0000000     2.37330     0.00001
    12    25    -0.0034860     0.0000000    -0.0000000     2.51820     0.00000
    12    26     0.0000000    -0.0000000     0.0000000     2.86530     0.00000
    12    27    -0.0000000     0.0000000    -0.1522198     3.09040     0.00175
    12    28     0.0000000    -0.0000000     1.3593911     3.30180     0.14949
    12    29    -0.0000000     0.1055844     0.0000000     3.51490     0.00096
    12    30    -0.0000000    -0.0000000    -0.0000000     3.74670     0.00000
    13    13     0.0000000     0.0000000    -3.5944900     0.00000     0.00000
    13    14    -0.0000000    -0.0609545     0.0000000     0.34300     0.00003
    13    15     0.0000000     0.0371111    -0.0000000     0.58680     0.00002
    13    16    -0.3270507     0.0000000    -0.0000000     0.88530     0.00232
    13    17    -0.0000000    -0.0819176     0.0000000     0.95910     0.00016
    13    18    -0.0000000    -0.0720443    -0.0000000     1.20200     0.00015
    13    19    -0.0000000    -0.0000000     0.0248384     1.37150     0.00002
    13    20    -0.0000000    -0.0000000    -0.0051091     1.44870     0.00000
    13    21    -0.0000000    -0.3631377    -0.0000000     1.52760     0.00494
    13    22    -0.0000000     0.0000000    -0.0000000     1.90120     0.00000
    13    23     0.0000000     0.0000000     0.0000000     2.03080     0.00000
    13    24     0.0000000     0.0000000    -0.3001199     2.22930     0.00492
    13    25     0.0000000     0.0000000    -0.0041570     2.37420     0.00000
    13    26     0.0000000    -0.0254705    -0.0000000     2.72130     0.00004
    13    27    -0.0206676    -0.0000000     0.0000000     2.94640     0.00003
    13    28     0.0009512    -0.0000000     0.0000000     3.15780     0.00000
    13    29     0.0000000     0.0000000     0.0000000     3.37090     0.00000
    13    30     0.0000000    -0.0148943    -0.0000000     3.60270     0.00002
    14    14    -0.0000000    -0.0000000     2.0099637     0.00000     0.00000
    14    15     0.0000000     0.0000000     0.1756734     0.24380     0.00018
    14    16    -0.0000000     0.0000000    -0.0000000     0.54230     0.00000
    14    17    -0.0000000     0.0000000    -0.6871804     0.61610     0.00713
    14    18    -0.0000000     0.0000000     2.0029218     0.85900     0.08443
    14    19     0.0000000    -2.3587475     0.0000000     1.02850     0.14019
    14    20    -0.0000000     0.5220533    -0.0000000     1.10570     0.00738
    14    21     0.0000000    -0.0000000     0.2623940     1.18460     0.00200
    14    22    -2.2570872    -0.0000000     0.0000000     1.55820     0.19448
    14    23    -0.5861892    -0.0000000     0.0000000     1.68780     0.01421
    14    24    -0.0000000    -0.2388952     0.0000000     1.88630     0.00264
    14    25    -0.0000000     0.0073219     0.0000000     2.03120     0.00000
    14    26     0.0000000     0.0000000     0.0803644     2.37830     0.00038
    14    27    -0.0000000     0.0000000    -0.0000000     2.60340     0.00000
    14    28     0.0000000    -0.0000000    -0.0000000     2.81480     0.00000
    14    29    -0.1381026    -0.0000000    -0.0000000     3.02790     0.00141
    14    30    -0.0000000     0.0000000    -0.4247924     3.25970     0.01441
    15    15    -0.0000000     0.0000000     0.3100058     0.00000     0.00000
    15    16    -0.0000000     0.0000000    -0.0000000     0.29850     0.00000
    15    17     0.0000000    -0.0000000    -0.6571747     0.37230     0.00394
    15    18    -0.0000000     0.0000000     0.4302454     0.61520     0.00279
    15    19     0.0000000    -0.2961405     0.0000000     0.78470     0.00169
    15    20    -0.0000000     0.3972539    -0.0000000     0.86190     0.00333
    15    21    -0.0000000    -0.0000000     0.3491742     0.94080     0.00281
    15    22    -0.1610372    -0.0000000     0.0000000     1.31440     0.00084
    15    23     1.6489465    -0.0000000    -0.0000000     1.44400     0.09619
    15    24    -0.0000000    -0.0185604     0.0000000     1.64250     0.00001
    15    25     0.0000000    -0.0799439     0.0000000     1.78740     0.00028
    15    26     0.0000000     0.0000000     0.1236293     2.13450     0.00080
    15    27     0.0000000    -0.0000000    -0.0000000     2.35960     0.00000
    15    28    -0.0000000     0.0000000     0.0000000     2.57100     0.00000
    15    29     0.0745673     0.0000000     0.0000000     2.78410     0.00038
    15    30    -0.0000000     0.0000000    -0.0348460     3.01590     0.00009
    16    16    -0.0000000     0.0000000    -1.8875294     0.00000     0.00000
    16    17    -0.0000000    -0.0000000    -0.0000000     0.07380     0.00000
    16    18    -0.0000000    -0.0000000     0.0000000     0.31670     0.00000
    16    19     0.0184465    -0.0000000     0.0000000     0.48620     0.00000
    16    20    -0.0007532    -0.0000000     0.0000000     0.56340     0.00000
    16    21    -0.0000000    -0.0000000    -0.0000000     0.64230     0.00000
    16    22    -0.0000000     0.0261171     0.0000000     1.01590     0.00002
    16    23     0.0000000    -0.0084491     0.0000000     1.14550     0.00000
    16    24    -0.7632213     0.0000000    -0.0000000     1.34400     0.01918
    16    25    -0.0274516     0.0000000    -0.0000000     1.48890     0.00003
    16    26     0.0000000     0.0000000     0.0000000     1.83600     0.00000
    16    27     0.0000000    -0.0000000    -0.0560680     2.06110     0.00016
    16    28     0.0000000     0.0000000    -0.0122336     2.27250     0.00001
    16    29     0.0000000    -0.0040872    -0.0000000     2.48560     0.00000
    16    30     0.0000000     0.0000000     0.0000000     2.71740     0.00000
    17    17    -0.0000000    -0.0000000     0.6961706     0.00000     0.00000
    17    18    -0.0000000    -0.0000000    -0.9316258     0.24290     0.00516
    17    19    -0.0000000     1.6778043    -0.0000000     0.41240     0.02844
    17    20     0.0000000    -0.3156422     0.0000000     0.48960     0.00120
    17    21     0.0000000    -0.0000000     0.9047947     0.56850     0.01140
    17    22     1.7100328     0.0000000     0.0000000     0.94210     0.06749
    17    23    -0.2293666     0.0000000    -0.0000000     1.07170     0.00138
    17    24    -0.0000000    -0.6463749     0.0000000     1.27020     0.01300
    17    25    -0.0000000     0.0844970     0.0000000     1.41510     0.00025
    17    26    -0.0000000     0.0000000    -0.2442234     1.76220     0.00258
    17    27     0.0000000     0.0000000    -0.0000000     1.98730     0.00000
    17    28     0.0000000     0.0000000    -0.0000000     2.19870     0.00000
    17    29    -0.0826550     0.0000000    -0.0000000     2.41180     0.00040
    17    30     0.0000000    -0.0000000     0.1259486     2.64360     0.00103
    18    18     0.0000000    -0.0000000    -0.1356821     0.00000     0.00000
    18    19    -0.0000000     0.9665117    -0.0000000     0.16950     0.00388
    18    20     0.0000000    -0.0503748     0.0000000     0.24670     0.00002
    18    21     0.0000000     0.0000000    -0.4409120     0.32560     0.00155
    18    22     0.9928486     0.0000000     0.0000000     0.69920     0.01689
    18    23     0.0835132     0.0000000     0.0000000     0.82880     0.00014
    18    24    -0.0000000    -0.1742384    -0.0000000     1.02730     0.00076
    18    25    -0.0000000     0.2954133     0.0000000     1.17220     0.00251
    18    26     0.0000000     0.0000000     0.1091904     1.51930     0.00044
    18    27     0.0000000     0.0000000     0.0000000     1.74440     0.00000
    18    28    -0.0000000    -0.0000000    -0.0000000     1.95580     0.00000
    18    29     0.0499576     0.0000000     0.0000000     2.16890     0.00013
    18    30     0.0000000    -0.0000000    -0.9626375     2.40070     0.05450
    19    19    -0.0000000     0.0000000     1.1055691     0.00000     0.00000
    19    20     0.0000000    -0.0000000     0.0426735     0.07720     0.00000
    19    21     0.0000000    -0.2826414     0.0000000     0.15610     0.00031
    19    22     0.0000000     0.0000000     0.0000000     0.52970     0.00000
    19    23     0.0000000     0.0000000     0.0000000     0.65930     0.00000
    19    24    -0.0000000    -0.0000000    -0.0053290     0.85780     0.00000
    19    25    -0.0000000     0.0000000     0.1274631     1.00270     0.00040
    19    26     0.0000000     0.0105488     0.0000000     1.34980     0.00000
    19    27    -0.1737796    -0.0000000     0.0000000     1.57490     0.00117
    19    28    -0.0212807    -0.0000000    -0.0000000     1.78630     0.00002
    19    29    -0.0000000     0.0000000     0.0000000     1.99940     0.00000
    19    30    -0.0000000    -0.3746458    -0.0000000     2.23120     0.00767
    20    20     0.0000000    -0.0000000     1.1543116     0.00000     0.00000
    20    21    -0.0000000     0.1982830     0.0000000     0.07890     0.00008
    20    22     0.0000000    -0.0000000    -0.0000000     0.45250     0.00000
    20    23    -0.0000000    -0.0000000    -0.0000000     0.58210     0.00000
    20    24    -0.0000000    -0.0000000    -0.1200216     0.78060     0.00028
    20    25    -0.0000000     0.0000000     1.9835507     0.92550     0.08921
    20    26     0.0000000    -2.7644589     0.0000000     1.27260     0.23827
    20    27    -2.6409816    -0.0000000     0.0000000     1.49770     0.25593
    20    28    -0.2566901    -0.0000000     0.0000000     1.70910     0.00276
    20    29    -0.0000000     0.0000000     0.0000000     1.92220     0.00000
    20    30     0.0000000    -0.1384809     0.0000000     2.15400     0.00101
    21    21    -0.0000000    -0.0000000    -1.3111473     0.00000     0.00000
    21    22    -0.3032424    -0.0000000    -0.0000000     0.37360     0.00084
    21    23     0.1657011    -0.0000000     0.0000000     0.50320     0.00034
    21    24    -0.0000000    -1.0767899    -0.0000000     0.70170     0.01993
    21    25    -0.0000000    -0.2484207    -0.0000000     0.84660     0.00128
    21    26    -0.0000000    -0.0000000    -0.0718751     1.19370     0.00015
    21    27    -0.0000000     0.0000000    -0.0000000     1.41880     0.00000
    21    28    -0.0000000     0.0000000     0.0000000     1.63020     0.00000
    21    29     0.0310811    -0.0000000     0.0000000     1.84330     0.00004
    21    30    -0.0000000     0.0000000     0.1404667     2.07510     0.00100
    22    22    -0.0000000     0.0000000     0.9203767     0.00000     0.00000
    22    23    -0.0000000    -0.0000000     0.0195024     0.12960     0.00000
    22    24    -0.0000000    -0.0000000     0.0000000     0.32810     0.00000
    22    25    -0.0000000     0.0000000    -0.0000000     0.47300     0.00000
    22    26    -0.3137770    -0.0000000    -0.0000000     0.82010     0.00198
    22    27    -0.0000000     0.3627535     0.0000000     1.04520     0.00337
    22    28     0.0000000     0.1066169     0.0000000     1.25660     0.00035
    22    29    -0.0000000     0.0000000     0.0340943     1.46970     0.00004
    22    30     1.7095261    -0.0000000    -0.0000000     1.70150     0.12183
    23    23     0.0000000     0.0000000     1.7334427     0.00000     0.00000
    23    24    -0.0000000    -0.0000000     0.0000000     0.19850     0.00000
    23    25     0.0000000    -0.0000000    -0.0000000     0.34340     0.00000
    23    26     0.1740655    -0.0000000     0.0000000     0.69050     0.00051
    23    27     0.0000000     0.1455336     0.0000000     0.91560     0.00048
    23    28    -0.0000000    -1.2318277    -0.0000000     1.12700     0.04190
    23    29     0.0000000    -0.0000000    -0.4094755     1.34010     0.00550
    23    30     0.3941508    -0.0000000     0.0000000     1.57190     0.00598
    24    24     0.0000000     0.0000000    -1.4480401     0.00000     0.00000
    24    25     0.0000000     0.0000000     0.2805644     0.14490     0.00028
    24    26     0.0000000    -0.3517204     0.0000000     0.49200     0.00149
    24    27    -0.3303330    -0.0000000     0.0000000     0.71710     0.00192
    24    28    -0.0167397    -0.0000000     0.0000000     0.92850     0.00001
    24    29    -0.0000000     0.0000000    -0.0000000     1.14160     0.00000
    24    30     0.0000000     0.0186930    -0.0000000     1.37340     0.00001
    25    25    -0.0000000    -0.0000000    -2.1678682     0.00000     0.00000
    25    26    -0.0000000     1.3647191    -0.0000000     0.34710     0.01584
    25    27     1.4090673     0.0000000     0.0000000     0.57220     0.02783
    25    28     0.1448430     0.0000000     0.0000000     0.78360     0.00040
    25    29    -0.0000000    -0.0000000     0.0000000     0.99670     0.00000
    25    30    -0.0000000     0.0396454    -0.0000000     1.22850     0.00005
    26    26    -0.0000000     0.0000000    -0.6567478     0.00000     0.00000
    26    27     0.0000000     0.0000000     0.0000000     0.22510     0.00000
    26    28    -0.0000000    -0.0000000     0.0000000     0.43650     0.00000
    26    29    -0.0094770     0.0000000     0.0000000     0.64960     0.00000
    26    30    -0.0000000     0.0000000    -0.1031996     0.88140     0.00023
    27    27    -0.0000000     0.0000000    -0.6693421     0.00000     0.00000
    27    28    -0.0000000     0.0000000    -0.0986014     0.21140     0.00005
    27    29     0.0000000     0.0277316    -0.0000000     0.42450     0.00001
    27    30     0.0000000    -0.0000000     0.0000000     0.65630     0.00000
    28    28     0.0000000    -0.0000000     0.0706952     0.00000     0.00000
    28    29    -0.0000000     0.1385673     0.0000000     0.21310     0.00010
    28    30    -0.0000000    -0.0000000     0.0000000     0.44490     0.00000
    29    29     0.0000000     0.0000000    -3.0201802     0.00000     0.00000
    29    30     0.0498129    -0.0000000     0.0000000     0.23180     0.00001
    30    30     0.0000000     0.0000000     2.4364590     0.00000     0.00000
