   1    1   0.00000    1.30700    10.00 100.00     -0.00000   0.00000  -0.00000 
   2    2   0.03230    3.43890    10.00 100.00     -0.00000  -0.00000   0.61930 
   3    3   0.00270    3.79410    10.00 100.00     -0.00000  -0.17140  -0.00000 
   4    4   0.00030    3.90650    10.00 100.00      0.05770  -0.00000   0.00000 
   5    5   0.00690    4.58330    10.00 100.00     -0.24750   0.00000   0.00000 
   6    6   0.00200    6.88410    10.00 100.00      0.00000  -0.10890  -0.00000 
   7    7   0.00000    6.91790    10.00 100.00      0.00000  -0.00000  -0.00000 
   8    8   0.06800    7.36440    10.00 100.00     -0.61370  -0.00000  -0.00000 
   9    9   0.01840    8.00430    10.00 100.00     -0.00000  -0.00000  -0.30630 
  10   10   0.00000    8.47200    10.00 100.00      0.00000   0.00000  -0.00000 
  11   11   0.03660    8.50220    10.00 100.00      0.00000  -0.41930   0.00000 
  12   12   0.00000    8.56950    10.00 100.00     -0.00000  -0.00000   0.00000 
  13   13   0.19590    9.02060    10.00 100.00      0.00000  -0.00000   0.94140 
  14   14   0.03920    9.04710    10.00 100.00     -0.42040   0.00000   0.00000 
  15   15   0.23260    9.22110    10.00 100.00      0.00000   0.00000  -1.01460 
  16   16   0.07070    9.78840    10.00 100.00      0.00000   0.00000  -0.54300 
  17   17   0.00120    9.97240    10.00 100.00      0.00000  -0.07080  -0.00000 
  18   18   0.01780   10.05030    10.00 100.00      0.00000  -0.26850  -0.00000 
  19   19   0.05010   10.45450    10.00 100.00     -0.44240  -0.00000  -0.00000 
  20   20   0.01410   10.70980    10.00 100.00      0.00000  -0.23210   0.00000 
  21   21   0.00000   10.71120    10.00 100.00      0.00000  -0.00000  -0.00000 
  22   22   0.21280   10.85390    10.00 100.00     -0.00000  -0.00000  -0.89460 
  23   23   0.00160   11.25860    10.00 100.00     -0.07500   0.00000   0.00000 
  24   24   0.00320   11.48160    10.00 100.00     -0.00000  -0.10750   0.00000 
  25   25   0.37200   11.98850    10.00 100.00     -0.00000   0.00000   1.12540 
  26   26   0.00000   12.02230    10.00 100.00     -0.00000  -0.00000  -0.00000 
  27   27   0.00190   12.15980    10.00 100.00      0.07910  -0.00000   0.00000 
  28   28   0.13710   12.20420    10.00 100.00     -0.00000  -0.67730   0.00000 
  29   29   0.04140   12.69870    10.00 100.00     -0.00000   0.00000   0.36460 
  30   30   0.09490   12.88870    10.00 100.00     -0.00000  -0.00000  -0.54830 
state state   Osc.      E(eV)      dum   dum        TrDx      TrDy       TrDz 
