0.5	0.0
0.50475	0.0
0.5095	0.0
0.51425	0.0
0.519	0.0
0.52375	0.0
0.5285	0.0
0.53325	0.0
0.538	0.0
0.54275	0.0
0.5475	0.0
0.55225	0.0
0.5569999999999999	0.0
0.56175	0.0
0.5665	0.0
0.57125	0.0
0.576	0.0
0.58075	0.0
0.5855	0.0
0.5902499999999999	0.0
0.595	0.0
0.59975	0.0
0.6045	0.0
0.60925	0.0
0.614	0.0
0.61875	0.0
0.6234999999999999	0.0
0.62825	0.0
0.633	0.0
0.63775	0.0
0.6425	0.0
0.64725	0.0
0.652	0.0
0.65675	0.0
0.6615	0.0
0.66625	0.0
0.671	0.0
0.67575	0.0
0.6805	0.0
0.68525	0.0
0.69	0.0
0.69475	0.0
0.6995	0.0
0.70425	0.0
0.709	0.0
0.71375	0.0
0.7185	0.0
0.72325	0.0
0.728	0.0
0.73275	0.0
0.7375	0.0
0.74225	0.0
0.747	0.0
0.7517499999999999	0.0
0.7565	0.0
0.76125	0.0
0.766	0.0
0.77075	0.0
0.7755	0.0
0.78025	0.0
0.7849999999999999	0.0
0.78975	0.0
0.7945	0.0
0.79925	0.0
0.804	0.0
0.80875	0.0
0.8135	0.0
0.8182499999999999	0.0
0.823	0.0
0.82775	0.0
0.8325	0.0
0.83725	0.0
0.842	0.0
0.84675	0.0
0.8514999999999999	0.0
0.85625	0.0
0.861	0.0
0.86575	0.0
0.8705	0.0
0.87525	0.0
0.88	0.0
0.8847499999999999	0.0
0.8895	0.0
0.89425	0.0
0.899	0.0
0.90375	0.0
0.9085	0.0
0.91325	0.0
0.9179999999999999	0.0
0.92275	0.0
0.9275	0.0
0.93225	0.0
0.937	0.0
0.94175	0.0
0.9465	0.0
0.9512499999999999	0.0
0.956	0.0
0.96075	0.0
0.9655	0.0
0.9702500000000001	0.0
0.975	0.0
0.97975	0.0
0.9844999999999999	0.0
0.98925	0.0
0.994	0.0
0.99875	0.0
1.0034999999999998	0.0
1.0082499999999999	0.0
1.013	0.0
1.01775	0.0
1.0225	0.0
1.02725	0.0
1.032	0.0
1.03675	0.0
1.0415	0.0
1.0462500000000001	0.0
1.051	0.0
1.05575	0.0
1.0605	0.0
1.06525	0.0
1.0699999999999998	0.0
1.0747499999999999	0.0
1.0795	0.0
1.08425	0.0
1.089	0.0
1.09375	0.0
1.0985	0.0
1.10325	0.0
1.108	0.0
1.1127500000000001	0.0
1.1175	0.0
1.12225	0.0
1.127	0.0
1.13175	0.0
1.1364999999999998	0.0
1.1412499999999999	0.0
1.146	0.0
1.15075	0.0
1.1555	0.0
1.16025	0.0
1.165	0.0
1.16975	0.0
1.1745	0.0
1.1792500000000001	0.0
1.184	0.0
1.18875	0.0
1.1935	0.0
1.19825	0.0
1.2029999999999998	0.0
1.2077499999999999	0.0
1.2125	0.0
1.21725	0.0
1.222	0.0
1.22675	0.0
1.2315	0.0
1.23625	0.0
1.241	0.0
1.2457500000000001	0.0
1.2505	0.0
1.25525	0.0
1.26	0.0
1.2647499999999998	0.0
1.2694999999999999	0.0
1.2742499999999999	0.0
1.279	0.0
1.28375	0.0
1.2885	0.0
1.29325	0.0
1.298	0.0
1.30275	0.0
1.3075	0.0
1.3122500000000001	0.0
1.317	0.0
1.32175	0.0
1.3265	0.0
1.3312499999999998	0.0
1.3359999999999999	0.0
1.3407499999999999	0.0
1.3455	0.0
1.35025	0.0
1.355	0.0
1.35975	0.0
1.3645	0.0
1.36925	0.0
1.374	0.0
1.3787500000000001	0.0
1.3835	0.0
1.38825	0.0
1.393	0.0
1.3977499999999998	0.0
1.4024999999999999	0.0
1.40725	0.0
1.412	0.0
1.41675	0.0
1.4215	0.0
1.42625	0.0
1.431	0.0
1.43575	0.0
1.4405000000000001	0.0
1.44525	0.0
1.45	0.0
1.45475	0.0
1.4595	0.0
1.4642499999999998	0.0
1.4689999999999999	0.0
1.47375	0.0
1.4785	0.0
1.48325	0.0
1.488	0.0
1.49275	1.5e-323
1.4975	2.955e-321
1.50225	5.0374e-319
1.507	8.4391733e-317
1.51175	1.3885278746e-314
1.5165	2.24372833352e-312
1.52125	3.5607946307827e-310
1.526	5.549892425967696e-308
1.53075	8.495387412690225e-306
1.5354999999999999	1.2771526142469465e-303
1.54025	1.885660003129594e-301
1.545	2.734292470566557e-299
1.54975	3.893924515453761e-297
1.5545	5.446168511039094e-295
1.55925	7.480930255418617e-293
1.564	1.0092090154099998e-290
1.5687499999999999	1.3371114928817563e-288
1.5735	1.739863216610165e-286
1.57825	2.2234305879407905e-284
1.583	2.79057070036291e-282
1.58775	3.439722986727138e-280
1.5925	4.164039992446736e-278
1.59725	4.950707863344496e-276
1.6019999999999999	5.78070347100236e-274
1.60675	6.629107614845878e-272
1.6115	7.4660420381457696e-270
1.61625	8.258226252778998e-268
1.621	8.971067161956193e-266
1.62575	9.57111255476299e-264
1.6305	1.0028632654785689e-261
1.6352499999999999	1.0320054913837907e-259
1.64	1.0429975240741925e-257
1.64475	1.0352506964480392e-255
1.6495	1.009180313126738e-253
1.65425	9.66168764286149e-252
1.659	9.084440829637336e-250
1.66375	8.388887935076845e-248
1.6684999999999999	7.60801866996301e-246
1.67325	6.776410881269096e-244
1.678	5.9277363240444215e-242
1.68275	5.092593459171279e-240
1.6875	4.296849308940462e-238
1.69225	3.56059209299159e-236
1.697	2.8977125888861575e-234
1.7017499999999999	2.3160577098888345e-232
1.7065	1.8180441698847303e-230
1.71125	1.4015883165048585e-228
1.716	1.0612006113242461e-226
1.72075	7.891062787494647e-225
1.7255	5.762812520635809e-223
1.73025	4.133276584863185e-221
1.7349999999999999	2.911490846539963e-219
1.73975	2.014175805920969e-217
1.7445	1.3684858318793578e-215
1.74925	9.131544094034656e-214
1.754	5.984241619418065e-212
1.75875	3.851545250131943e-210
1.7635	2.434567798888693e-208
1.7682499999999999	1.5113662747922576e-206
1.773	9.214644080755262e-205
1.77775	5.517576811518876e-203
1.7825	3.24473471373757e-201
1.78725	1.8740060430877218e-199
1.792	1.0629767451767253e-197
1.79675	5.921578959876791e-196
1.8014999999999999	3.2397557577124707e-194
1.80625	1.7407964833665623e-192
1.811	9.186386542656742e-191
1.81575	4.761046412159326e-189
1.8205	2.4233776557907257e-187
1.82525	1.2114368162527281e-185
1.83	5.947595460551876e-184
1.8347499999999999	2.867761693081844e-182
1.8395	1.3580184858838859e-180
1.84425	6.315813379083332e-179
1.849	2.884787852637733e-177
1.85375	1.2940750290393504e-175
1.8585	5.701196605855043e-174
1.86325	2.4667978626088824e-172
1.8679999999999999	1.0482432960589223e-170
1.87275	4.374733565712835e-169
1.8775	1.793090079137348e-167
1.88225	7.217945385114524e-166
1.887	2.8535537682215186e-164
1.89175	1.1079483455861493e-162
1.8965	4.224875845670548e-161
1.9012499999999999	1.5822291208865895e-159
1.906	5.819501445302809e-158
1.91075	2.1021474338004846e-156
1.9155	7.457642285730506e-155
1.92025	2.598369494442391e-153
1.925	8.891217909093735e-152
1.9297499999999999	2.988013698613084e-150
1.9344999999999999	9.86199774166755e-149
1.93925	3.1967464967199433e-147
1.944	1.0176829105350042e-145
1.94875	3.181835698244412e-144
1.9535	9.77021235120287e-143
1.95825	2.946396843545763e-141
1.9629999999999999	8.726487335932359e-140
1.9677499999999999	2.538333430285177e-138
1.9725	7.251349887250604e-137
1.97725	2.0344641288918834e-135
1.982	5.605859353701196e-134
1.98675	1.5170340988167275e-132
1.9915	4.03189740362533e-131
1.9962499999999999	1.0524090809289954e-129
2.001	2.697867931136108e-128
2.00575	6.792314231885099e-127
2.0105	1.679483871639539e-125
2.01525	4.078447633207838e-124
2.02	9.72691067810982e-123
2.02475	2.278326437894227e-121
2.0294999999999996	5.2410458178663514e-120
2.03425	1.1840797326898013e-118
2.0389999999999997	2.6272713103296776e-117
2.04375	5.725189732878227e-116
2.0484999999999998	1.2252813658327395e-114
2.0532500000000002	2.575388537346653e-113
2.058	5.316314595185749e-112
2.06275	1.0778034549188032e-110
2.0675	2.1459987013232564e-109
2.07225	4.196433282525441e-108
2.077	8.059204489374318e-107
2.08175	1.5200749868125351e-105
2.0865	2.8157807428949243e-104
2.09125	5.122637694403024e-103
2.096	9.15270430508332e-102
2.1007499999999997	1.6060764258588745e-100
2.1055	2.7678590330892207e-99
2.1102499999999997	4.6847100094511573e-98
2.115	7.787219958785494e-97
2.11975	1.271285682898482e-95
2.1245000000000003	2.038284747516748e-94
2.12925	3.2095750690683977e-93
2.134	4.9635363384145285e-92
2.13875	7.538689534724884e-91
2.1435	1.124505270261214e-89
2.14825	1.6473584838139753e-88
2.153	2.370149404842044e-87
2.15775	3.349070685984867e-86
2.1624999999999996	4.6476550737493947e-85
2.16725	6.334384904040615e-84
2.1719999999999997	8.478831293994725e-83
2.17675	1.1146243420824627e-81
2.1814999999999998	1.4390703894195575e-80
2.1862500000000002	1.8247212747853066e-79
2.191	2.272333225440168e-78
2.19575	2.779127593702382e-77
2.2005	3.33815069742373e-76
2.20525	3.937897207854809e-75
2.21	4.562299552547182e-74
2.21475	5.1911574683421674e-73
2.2195	5.801036440738981e-72
2.22425	6.366605921880949e-71
2.229	6.862325732068444e-70
2.2337499999999997	7.264331812467507e-69
2.2385	7.552330765569632e-68
2.2432499999999997	7.711294970252731e-67
2.248	7.732761476789303e-66
2.25275	7.615578464693193e-65
2.2575000000000003	7.366007633331871e-64
2.26225	6.997169858134298e-63
2.267	6.527902411470526e-62
2.27175	5.98116625778484e-61
2.2765	5.382190687821647e-60
2.28125	4.756563193759058e-59
2.286	4.128463469028459e-58
2.29075	3.5192053221062956e-57
2.2954999999999997	2.946196776753291e-56
2.30025	2.4223666513107242e-55
2.3049999999999997	1.9560456785367048e-54
2.30975	1.5512403417067782e-53
2.3145	1.2082037329390033e-52
2.3192500000000003	9.241920758876716e-52
2.324	6.942970059231374e-51
2.32875	5.122586833615069e-50
2.3335	3.711883610146545e-49
2.33825	2.6415592463175608e-48
2.343	1.8462365566853596e-47
2.34775	1.267287995331918e-46
2.3525	8.543272921255927e-46
2.3572499999999996	5.656323299652004e-45
2.362	3.677944345891249e-44
2.3667499999999997	2.3487514790261202e-43
2.3715	1.4730923172490352e-42
2.3762499999999998	9.073688106792829e-42
2.3810000000000002	5.489069304052142e-41
2.38575	3.261178465329438e-40
2.3905	1.9028800028629792e-39
2.39525	1.0904587033904105e-38
2.4	6.137168236621668e-38
2.40475	3.3922497472836166e-37
2.4095	1.8414867295817023e-36
2.41425	9.817713465378675e-36
2.419	5.140591535731976e-35
2.42375	2.6434848473974956e-34
2.4284999999999997	1.3350623190469829e-33
2.43325	6.621970417057378e-33
2.4379999999999997	3.225773862425697e-32
2.44275	1.5432688333001301e-31
2.4475	7.251205899225645e-31
2.4522500000000003	3.346107376562595e-30
2.457	1.5164583757694283e-29
2.46175	6.749663152884042e-29
2.4665	2.950493686073916e-28
2.47125	1.2666839399889525e-27
2.476	5.340757063402817e-27
2.48075	2.2115581723583386e-26
2.4855	8.994041683266003e-26
2.4902499999999996	3.592298435790694e-25
2.495	1.4091295003852668e-24
2.4997499999999997	5.42863183951823e-24
2.5045	2.053954679912194e-23
2.5092499999999998	7.632245098353441e-23
2.514	2.78531774023986e-22
2.51875	9.982933236351753e-22
2.5235	3.514006599800734e-21
2.52825	1.2148088966902436e-20
2.533	4.124528792872021e-20
2.53775	1.3753134826570001e-19
2.5425	4.5039135553334165e-19
2.54725	1.4485696354769169e-18
2.552	4.575617302963443e-18
2.55675	1.4194529288872518e-17
2.5615	4.324673075625346e-17
2.56625	1.2940365868282388e-16
2.5709999999999997	3.8027766151118767e-16
2.5757499999999998	1.0975291406852536e-15
2.5805	3.1109447090203183e-15
2.58525	8.660231712659295e-15
2.59	2.3677057007174945e-14
2.59475	6.357508012854403e-14
2.5995	1.676513683166652e-13
2.60425	4.34198460578181e-13
2.609	1.104410300925219e-12
2.61375	2.7588850899928943e-12
2.6185	6.768583202046111e-12
2.62325	1.6308834682438826e-11
2.628	3.859304904115525e-11
2.63275	8.969252669204967e-11
2.6374999999999997	2.0472196291160597e-10
2.6422499999999998	4.589164579069108e-10
2.647	1.0103314072082185e-09
2.65175	2.1845153902373696e-09
2.6565	4.6388188082077455e-09
2.66125	9.674327151015054e-09
2.666	1.9815051555641585e-08
2.67075	3.985939859407091e-08
2.6755	7.874580024212333e-08
2.68025	1.527865822154109e-07
2.685	2.9114157466902944e-07
2.68975	5.448594417291482e-07
2.6945	1.0014425474069014e-06
2.69925	1.8077108862417764e-06
2.7039999999999997	3.2047442313652512e-06
2.7087499999999998	5.579809253989909e-06
2.7135	9.541288867565267e-06
2.71825	1.6023471674852614e-05
2.723	2.6428242058742145e-05
2.72775	4.280970885817949e-05
2.7325	6.810498838454879e-05
2.73725	0.00010640905961086516
2.742	0.00016328330802622905
2.74675	0.00024607588576397167
2.7515	0.0003642177575031957
2.75625	0.0005294425498328586
2.761	0.0007558633839630649
2.76575	0.001059829088235722
2.7704999999999997	0.0014594796631690183
2.7752499999999998	0.0019739308805420365
2.78	0.00262204395827329
2.78475	0.0034207799896919843
2.7895	0.0043831988069520786
2.79425	0.005516232933618744
2.799	0.006818439865286906
2.80375	0.008277997396196722
2.8085	0.009871242794428916
2.81325	0.011562054131227286
2.818	0.01330232206557395
2.82275	0.015033661169233088
2.8275	0.016690368932276184
2.83225	0.018203474838821794
2.8369999999999997	0.019505555853688763
2.8417499999999998	0.02053585650308006
2.8465	0.02124516803053626
2.85125	0.02159991116878976
2.856	0.021584938293662887
2.86075	0.021204716175590083
2.8655	0.020482749434588696
2.87025	0.019459326038063683
2.875	0.018187874209059235
2.87975	0.01673038184767125
2.8845	0.015152420773889005
2.88925	0.01351832781446908
2.894	0.011887026801362352
2.89875	0.010308846906666783
2.9034999999999997	0.00882352933519251
2.90825	0.00745944541024432
2.913	0.006233901164592928
2.91775	0.005154296172559178
2.9225	0.004219847264106598
2.92725	0.0034235806464816155
2.932	0.0027543302349460766
2.93675	0.0021985418645536214
2.9415	0.0017417570401513367
2.94625	0.0013697219690500032
2.951	0.001069127456031767
2.95575	0.0008280271139773107
2.9605	0.0006360040418967661
2.9652499999999997	0.0004841619500432267
2.9699999999999998	0.00036501009571093893
2.97475	0.0002722974660483657
2.9795	0.00020083510424594186
2.98425	0.0001463298756467437
2.989	0.00010524045168795672
2.99375	7.465767536709386e-05
2.9985	5.2206585893006767e-05
3.00325	3.5965448553616856e-05
3.008	2.439716133283168e-05
3.01275	1.6289450521537414e-05
3.0175	1.0701597786186145e-05
3.02225	6.9166052439819946e-06
3.027	4.398494451677018e-06
3.0317499999999997	2.7548237089570383e-06
3.0364999999999998	1.7045764124126314e-06
3.04125	1.0514429842990252e-06
3.046	6.623065162520558e-07
3.05075	4.505340295641843e-07
3.0555	3.6352011452851045e-07
3.06025	3.7384345578376044e-07
3.065	4.7337180966455225e-07
3.06975	6.696674370950345e-07
3.0745	9.840799982225311e-07
3.07925	1.4509486674199748e-06
3.084	2.1173590658717882e-06
3.08875	3.042912810084815e-06
3.0935	4.298977088927325e-06
3.0982499999999997	5.966905685041408e-06
3.1029999999999998	8.13478275476477e-06
3.10775	1.0892357723206503e-05
3.1125	1.4324029030033311e-05
3.11725	1.849999927148166e-05
3.122	2.3466050448036924e-05
3.12675	2.9232741683031368e-05
3.1315	3.576516057027672e-05
3.13625	4.297459851176037e-05
3.141	5.0713603794071545e-05
3.14575	5.8775740239329827e-05
3.1505	6.690101821524457e-05
3.15525	7.4787382405658e-05
3.16	8.210789590806202e-05
3.1647499999999997	8.853245305933721e-05
3.1694999999999998	9.375211138183018e-05
3.17425	9.750358884503079e-05
3.179	9.959123771683148e-05
3.18375	9.990394616132672e-05
3.1885	9.842493594094803e-05
3.19325	9.523325385348866e-05
3.198	9.049677240059865e-05
3.20275	8.445756222247686e-05
3.2075	7.74114100183011e-05
3.21225	6.968389197665606e-05
3.217	6.160568689412463e-05
3.22175	5.3489703957468356e-05
3.2265	4.561215262680917e-05
3.2312499999999997	3.819899422158768e-05
3.2359999999999998	3.141841500028623e-05
3.24075	2.537918084077288e-05
3.2455	2.013408572432902e-05
3.25025	1.5687264204467058e-05
3.255	1.200393107815117e-05
3.25975	9.021126234565109e-06
3.2645	6.65823334591813e-06
3.26925	4.826343714096907e-06
3.274	3.4358838028566306e-06
3.27875	2.402258138387184e-06
3.2835	1.6495362470087053e-06
3.28825	1.1124103927683596e-06
3.293	7.367653564999239e-07
3.2977499999999997	4.792414133759966e-07
3.3024999999999998	3.0615437401046473e-07
3.30725	1.920824035230731e-07
3.312	1.1835747155419608e-07
3.31675	7.16250207666212e-08
3.3215	4.256913520477554e-08
3.32625	2.4847681911951732e-08
3.331	1.4244195137793698e-08
3.33575	8.019567277270514e-09
3.3405	4.43429865670093e-09
3.34525	2.4080191136327763e-09
3.35	1.2842687175728288e-09
3.35475	6.726867337608213e-10
3.3594999999999997	3.4604358798286444e-10
3.3642499999999997	1.748274948339197e-10
3.3689999999999998	8.674603779512009e-11
3.37375	4.2271780846147773e-11
3.3785	2.0230770631504317e-11
3.38325	9.509009750611259e-12
3.388	4.389541343443044e-12
3.39275	1.990049961554838e-12
3.3975	8.860736104529155e-13
3.40225	3.8746869914695835e-13
3.407	1.6640430159845018e-13
3.41175	7.0186625093337e-14
3.4165	2.907449042913819e-14
3.42125	1.1829992062798629e-14
3.4259999999999997	4.7318462034765365e-15
3.4307499999999997	1.8724167532277798e-15
3.4354999999999998	7.680060264085615e-16
3.44025	4.260505670518332e-16
3.445	5.461755540832284e-16
3.44975	1.2905075544119308e-15
3.4545	3.4777145534402495e-15
3.45925	9.406787492348715e-15
3.464	2.506087007057308e-14
3.46875	6.559549450306215e-14
3.4735	1.686296331893675e-13
3.47825	4.2575278179212987e-13
3.483	1.0557046438260193e-12
3.48775	2.5709190372866362e-12
3.4924999999999997	6.148870675723459e-12
3.4972499999999997	1.4443195943849657e-11
3.502	3.331902098595156e-11
3.50675	7.548873461224759e-11
3.5115	1.679705110761598e-10
3.51625	3.6706664834534205e-10
3.521	7.878032962808418e-10
3.52575	1.660548809239707e-09
3.5305	3.437529881329839e-09
3.53525	6.988795024095474e-09
3.54	1.3954655158308272e-08
3.54475	2.7365091155964315e-08
3.5495	5.270304088606114e-08
3.55425	9.968629007286685e-08
3.5589999999999997	1.8518089454849566e-07
3.5637499999999998	3.378453193595981e-07
3.5685	6.053417385735021e-07
3.57325	1.065232277929759e-06
3.578	1.8409797021154166e-06
3.58275	3.124745615150946e-06
3.5875	5.208843617542155e-06
3.59225	8.52764191082668e-06
3.597	1.3711266631480097e-05
3.60175	2.1651459741457604e-05
3.6065	3.357822786474309e-05
3.61125	5.1143370587903106e-05
3.616	7.650360598062932e-05
3.62075	0.00011239201305701977
3.6254999999999997	0.00016216233099856383
3.6302499999999998	0.00022978701926534817
3.635	0.0003197878722381852
3.63975	0.00043707852792608564
3.6445	0.0005867024998116579
3.64925	0.0007734591654681859
3.654	0.001001423610113286
3.65875	0.0012733835848850906
3.6635	0.001590236262150924
3.66825	0.0019504060813493522
3.673	0.00234935917091562
3.67775	0.002779295831904421
3.6825	0.003229097213624251
3.68725	0.0036845838841837943
3.6919999999999997	0.004129112933150989
3.6967499999999998	0.004544499487218712
3.7015	0.004912203394885386
3.70625	0.0052146793357978755
3.711	0.005436756208087798
3.71575	0.005566895834275244
3.7205	0.005598185893901058
3.72525	0.005528948195643056
3.73	0.005362887795095098
3.73475	0.005108764518295001
3.7395	0.004779627419437658
3.74425	0.004391705278289727
3.749	0.003963084347538083
3.7537499999999997	0.0035123228447904824
3.7584999999999997	0.003057148435726279
3.7632499999999998	0.002613362216175501
3.768	0.0021940356218275903
3.77275	0.0018090423154071562
3.7775	0.0014649228775036474
3.78225	0.0011650425357693029
3.787	0.0009099756825881438
3.79175	0.0006980375352338798
3.7965	0.0005258825383735772
3.80125	0.00038909863688108855
3.806	0.0002827428639683584
3.81075	0.00020178300286044382
3.8155	0.00014142900740401427
3.8202499999999997	9.735390818495205e-05
3.8249999999999997	6.581566479052878e-05
3.8297499999999998	4.369846067808005e-05
3.8345	2.8494693493365244e-05
3.83925	1.8248317367252306e-05
3.844	1.1477376957061886e-05
3.84875	7.089628041267769e-06
3.8535	4.300958379087307e-06
3.85825	2.5625244265293307e-06
3.863	1.4994492540543695e-06
3.86775	8.617008388305721e-07
3.8725	4.863425231022004e-07
3.87725	2.6958079887326666e-07
3.882	1.4675626591809613e-07
3.8867499999999997	7.846307686326497e-08
3.8914999999999997	4.119978985375214e-08
3.8962499999999998	2.1246414584627272e-08
3.901	1.0760619804306414e-08
3.90575	5.352416577782318e-09
3.9105	2.61470990325511e-09
3.91525	1.2544637064362549e-09
3.92	5.91090085478423e-10
3.92475	2.735333178369903e-10
3.9295	1.2431621427347378e-10
3.93425	5.5488924078734004e-11
3.939	2.4324606099109006e-11
3.94375	1.0472402196191736e-11
3.9485	4.428001859056639e-12
3.9532499999999997	1.8387820713049014e-12
3.9579999999999997	7.499178848500769e-13
3.9627499999999998	3.003711010415683e-13
3.9675	1.181581183697438e-13
3.97225	4.564886363174304e-14
3.977	1.7320377762591888e-14
3.98175	6.454249258550453e-15
3.9865	2.3620826617491123e-15
3.99125	8.489955905944601e-16
3.996	2.996931124723849e-16
4.00075	1.0389845133492952e-16
4.0055	3.537548240114241e-17
4.01025	1.1829234797193714e-17
4.015000000000001	3.884829098071447e-18
4.01975	1.2529916259004206e-18
4.0245	3.9690393403074645e-19
4.029249999999999	1.2347630454587018e-19
4.034	3.7726179565261867e-20
4.03875	1.132043241934018e-20
4.0435	3.3361394048030517e-21
4.0482499999999995	9.655757452368205e-22
4.053	2.744665925464979e-22
4.05775	7.662202366385536e-23
4.0625	2.100771078602239e-23
4.06725	5.656721876218288e-24
4.072	1.4959321894482179e-24
4.0767500000000005	3.8852589819170485e-25
4.0815	9.910350703883499e-26
4.08625	2.4826703541680658e-26
4.090999999999999	6.108155403190839e-27
4.09575	1.475917498953597e-27
4.1005	3.5024752141669363e-28
4.10525	8.162985854488909e-29
4.109999999999999	1.8684608471941934e-29
4.11475	4.2002964602846254e-30
4.1195	9.273354696771949e-31
4.12425	2.0107347480612343e-31
4.129	4.281871988958651e-32
4.13375	8.955164344113402e-33
4.1385000000000005	1.8393925616208476e-33
4.14325	3.710532808862402e-34
4.148	7.35121476376857e-35
4.152749999999999	1.4303520081868657e-35
4.1575	2.7333027227476992e-36
4.16225	5.12971837255615e-37
4.167	9.454973057281048e-38
4.171749999999999	1.7115439408359163e-38
4.1765	3.04282373814907e-39
4.18125	5.312837377147024e-40
4.186	9.110395567000845e-41
4.1907499999999995	1.5342952138290844e-41
4.1955	2.5377077793639643e-42
4.2002500000000005	4.122259014149396e-43
4.205	6.576425827824622e-44
4.20975	1.0303993138868455e-44
4.214499999999999	1.585558170675908e-45
4.21925	2.3961819021962537e-46
4.224	3.5564636324395467e-47
4.22875	5.184154606931387e-48
4.233499999999999	7.421616387730766e-49
4.23825	1.0434701854730754e-49
4.243	1.440862609280446e-50
4.24775	1.9540068543209977e-51
4.2524999999999995	2.6024990447330376e-52
4.25725	3.404207775377365e-53
4.2620000000000005	4.3732320725497415e-54
4.26675	5.5175969669565675e-55
4.2715	6.836887104928411e-56
4.27625	8.320086233805181e-57
4.281	9.943933954212651e-58
4.28575	1.167211665273398e-58
4.2905	1.3455566658800844e-59
4.295249999999999	1.5234049045109838e-60
4.3	1.693907501936502e-61
4.30475	1.8498010345038194e-62
4.3095	1.983907088521549e-63
4.3142499999999995	2.089674412562034e-64
4.319	2.1617073804671523e-65
4.32375	2.196221659435811e-66
4.3285	2.191373572687884e-67
4.33325	2.14742326577977e-68
4.338	2.0667115798825123e-69
4.3427500000000006	1.9534534932446738e-70
4.3475	1.81337349754535e-71
4.35225	1.6532267997049596e-72
4.356999999999999	1.480262012121818e-73
4.36175	1.30168450703505e-74
4.3665	1.1241748426262373e-75
4.37125	9.535049965896457e-77
4.3759999999999994	7.94278978845715e-78
4.38075	6.498066462154356e-79
4.3855	5.221030302009263e-80
4.39025	4.119924554901302e-81
4.395	3.19288515157407e-82
4.39975	2.4301792918006848e-83
4.4045000000000005	1.8165791240660622e-84
4.40925	1.3336175646922338e-85
4.414	9.615442590561955e-87
4.418749999999999	6.808763294230604e-88
4.4235	4.7350893436215746e-89
4.42825	3.2340676788459402e-90
4.433	2.1693569369548135e-91
4.437749999999999	1.4291371552334593e-92
4.4425	9.246508864221352e-94
4.44725	5.875470566175815e-95
4.452	3.6666419609589967e-96
4.4567499999999995	2.247270433685923e-97
4.4615	1.3527051904041481e-98
4.4662500000000005	7.996721283924061e-100
4.471	4.6428189363721937e-101
4.47575	2.6473570538396435e-102
4.480499999999999	1.482532682452704e-103
4.48525	8.153742979670646e-105
4.49	4.404237634215636e-106
4.49475	2.336390621564064e-107
4.499499999999999	1.2172538295177417e-108
4.50425	6.22841912195779e-110
4.509	3.1299362630369843e-111
4.51375	1.5447355553158964e-112
4.5184999999999995	7.48744726301905e-114
4.52325	3.5643011830768227e-115
4.528	1.6663874938879208e-116
4.53275	7.651359098980742e-118
4.5375	3.450342098285175e-119
4.54225	1.5280821892046615e-120
4.547	6.646488459739608e-122
4.55175	2.8392182693915292e-123
4.5565	1.191149550928798e-124
4.56125	4.907889616197672e-126
4.566	1.9860229650051342e-127
4.57075	7.892866011655392e-129
4.5755	3.080677092291563e-130
4.5802499999999995	1.1809149282694418e-131
4.585	4.445821591935077e-133
4.5897499999999996	1.6437903759556522e-134
4.5945	5.969003323316624e-136
4.59925	2.1287182945242967e-137
4.604	7.455822307354299e-139
4.60875	2.564684163558199e-140
4.6135	8.664294704167283e-142
4.61825	2.8747066001146754e-143
4.623	9.367308447914846e-145
4.62775	2.9977616571101804e-146
4.6325	9.421940656657893e-148
4.63725	2.9083362284392664e-149
4.6419999999999995	8.816776798312191e-151
4.64675	2.625040839569633e-152
4.6514999999999995	7.675793224369971e-154
4.65625	2.2043038237051288e-155
4.661	6.216996540471531e-157
4.66575	1.7220699246287579e-158
4.6705	4.684701491224003e-160
4.67525	1.251624479016572e-161
4.68	3.284181561610093e-163
4.68475	8.463329573310259e-165
4.6895	2.1419845428376994e-166
4.69425	5.324175914390598e-168
4.699	1.299718931759552e-169
4.70375	3.1160719577836364e-171
4.7085	7.337134759894611e-173
4.7132499999999995	1.6967056188968975e-174
4.718	3.853430096121112e-176
4.72275	8.595070761761583e-178
4.7275	1.882835649551681e-179
4.73225	4.050758512751156e-181
4.737	8.558965556681867e-183
4.74175	1.776099077089568e-184
4.7465	3.6197125465384415e-186
4.75125	7.245059596651338e-188
4.756	1.4241994902324989e-189
4.76075	2.7495440024043112e-191
4.7655	5.213285475989132e-193
4.77025	9.707855980301654e-195
4.7749999999999995	1.7753996377123373e-196
4.77975	3.1888193277056397e-198
4.7844999999999995	5.625027953382658e-200
4.78925	9.74496852951454e-202
4.794	1.65804831455445e-203
4.79875	2.770606869147403e-205
4.8035	4.54688129612943e-207
4.80825	7.32846993876798e-209
4.813	1.1600427379601953e-210
4.81775	1.803414898693259e-212
4.8225	2.753457017551925e-214
4.82725	4.1287818234939895e-216
4.832	6.08032161304199e-218
4.83675	8.794115260987094e-220
4.8415	1.2491619299812525e-221
4.8462499999999995	1.7426345136089124e-223
4.851	2.3875631479335923e-225
4.85575	3.2126573462767287e-227
4.8605	4.2455595050815635e-229
4.86525	5.510188319694797e-231
4.87	7.023586509562874e-233
4.87475	8.792500764894264e-235
4.8795	1.0810029475627703e-236
4.88425	1.305275919955485e-238
4.889	1.5478852388811003e-240
4.89375	1.8027527879610085e-242
4.8985	2.0620280922833667e-244
4.90325	2.316402174926189e-246
4.9079999999999995	2.555608565201553e-248
4.91275	2.769081196803316e-250
4.9174999999999995	2.946714300735629e-252
4.92225	3.079649954057077e-254
4.927	3.1610085094282924e-256
4.93175	3.186478253647163e-258
4.9365	3.1546939836845635e-260
4.94125	3.0673582405906804e-262
4.946	2.929090218519064e-264
4.95075	2.7470210093058542e-266
4.9555	2.530184540942224e-268
4.96025	2.288776572872145e-270
4.965	2.0333661325419887e-272
4.9697499999999994	1.774143549444207e-274
4.9745	1.5202776537473096e-276
4.9792499999999995	1.2794344842226832e-278
4.984	1.057484904457436e-280
4.98875	8.584031166378731e-283
4.9935	6.843359883459576e-285
4.99825	5.358070923929475e-287
5.003	4.12010724778304e-289
5.00775	3.1114983042309504e-291
5.0125	2.307765097640645e-293
5.01725	1.6810267240379457e-295
5.022	1.2025928546132621e-297
5.02675	8.449355928398412e-300
5.0315	5.830282193975973e-302
5.03625	3.9510864390256325e-304
5.0409999999999995	2.6296894909380998e-306
5.04575	1.7189110174503097e-308
5.0504999999999995	1.1034770476581e-310
5.05525	6.95719534803e-313
5.06	4.30790459e-315
5.06475	2.6197445e-317
5.0695	1.56466e-319
5.07425	9.2e-322
5.079	5e-324
5.08375	0.0
5.0885	0.0
5.09325	0.0
5.098	0.0
5.1027499999999995	0.0
5.1075	0.0
5.1122499999999995	0.0
5.117	0.0
5.12175	0.0
5.1265	0.0
5.13125	0.0
5.136	0.0
5.14075	0.0
5.1455	0.0
5.15025	0.0
5.155	0.0
5.15975	0.0
5.1645	0.0
5.16925	0.0
5.1739999999999995	0.0
5.17875	0.0
5.1834999999999996	0.0
5.18825	0.0
5.193	0.0
5.19775	0.0
5.2025	0.0
5.20725	0.0
5.212	0.0
5.21675	0.0
5.2215	0.0
5.22625	0.0
5.231	0.0
5.2357499999999995	0.0
5.2405	0.0
5.2452499999999995	0.0
5.25	0.0
5.25475	0.0
5.2595	0.0
5.26425	0.0
5.269	0.0
5.27375	0.0
5.2785	0.0
5.28325	0.0
5.288	0.0
5.29275	0.0
5.2975	0.0
5.30225	0.0
5.3069999999999995	0.0
5.31175	0.0
5.3165	0.0
5.32125	0.0
5.326	0.0
5.33075	0.0
5.3355	0.0
5.34025	0.0
5.345	0.0
5.34975	0.0
5.3545	0.0
5.35925	0.0
5.364	0.0
5.3687499999999995	0.0
5.3735	0.0
5.3782499999999995	0.0
5.383	0.0
5.38775	0.0
5.3925	0.0
5.39725	0.0
5.402	0.0
5.40675	0.0
5.4115	0.0
5.41625	0.0
5.421	0.0
5.42575	0.0
5.430499999999999	0.0
5.43525	0.0
5.4399999999999995	0.0
5.44475	0.0
5.4495	0.0
5.45425	0.0
5.459	0.0
5.46375	5e-324
5.4685	8.3e-322
5.47325	1.4091e-319
5.478	2.353515e-317
5.48275	3.860569634e-315
5.4875	6.2193758747e-313
5.49225	9.8401836454054e-311
5.497	1.529046127738013e-308
5.5017499999999995	2.3334524499664456e-306
5.5065	3.4973436495923023e-304
5.5112499999999995	5.148001273408444e-302
5.516	7.442176535127854e-300
5.52075	1.0566283873936648e-297
5.5255	1.4733487720535136e-295
5.53025	2.0176686276498997e-293
5.535	2.7136579293145887e-291
5.53975	3.5844402607204404e-289
5.5445	4.6499531402539524e-287
5.54925	5.924296561617053e-285
5.554	7.412863265014776e-283
5.55875	9.109534244455052e-281
5.5634999999999994	1.0994293860267916e-278
5.56825	1.3031652583802792e-276
5.5729999999999995	1.5170246254999747e-274
5.57775	1.7343899665416325e-272
5.5825	1.9474300130182243e-270
5.58725	2.1475236235327498e-268
5.592	2.3258142419202283e-266
5.59675	2.4738484210561695e-264
5.6015	2.584235752721453e-262
5.60625	2.6512590260572088e-260
5.611	2.671364646378874e-258
5.61575	2.6434747882015355e-256
5.6205	2.5690831219870378e-254
5.62525	2.4521222826174095e-252
5.63	2.2986194449766697e-250
5.6347499999999995	2.1161819868284266e-248
5.6395	1.9133742939605981e-246
5.6442499999999995	1.6990565789150933e-244
5.649	1.481756128183307e-242
5.65375	1.2691314532931822e-240
5.6585	1.067572719887951e-238
5.66325	8.819608598801045e-237
5.668	7.155865045171817e-235
5.67275	5.702114782496613e-233
5.6775	4.462423189483983e-231
5.68225	3.429782158531245e-229
5.687	2.5889478626512353e-227
5.69175	1.9192920163481234e-225
5.6964999999999995	1.3973969584613615e-223
5.70125	9.992163118204467e-222
5.7059999999999995	7.017141290905475e-220
5.71075	4.839738670605497e-218
5.7155	3.278269001370292e-216
5.72025	2.180862309961874e-214
5.725	1.4248622859752263e-212
5.72975	9.142785283314931e-211
5.7345	5.761626934016793e-209
5.73925	3.565929334058819e-207
5.744	2.167511026098093e-205
5.74875	1.293930300056111e-203
5.7535	7.586150161976437e-202
5.75825	4.3681040175541303e-200
5.763	2.4701623215647524e-198
5.7677499999999995	1.3718890788617604e-196
5.7725	7.482961130652184e-195
5.7772499999999996	4.0085653160006035e-193
5.782	2.108945827357796e-191
5.78675	1.0896897566130483e-189
5.7915	5.529696523247574e-188
5.79625	2.7558825876219565e-186
5.801	1.3489042062858914e-184
5.80575	6.4842909236940435e-183
5.8105	3.061292721665841e-181
5.81525	1.419411144771634e-179
5.82	6.463571351556835e-178
5.82475	2.8906656948682198e-176
5.8294999999999995	1.269650459509944e-174
5.83425	5.476857791872768e-173
5.8389999999999995	2.3202764890076747e-171
5.84375	9.654037888565774e-170
5.8485	3.944929470317856e-168
5.85325	1.5831806448613965e-166
5.858	6.2399726347159915e-165
5.86275	2.4154379367216135e-163
5.8675	9.182693010977438e-162
5.87225	3.4285085170813476e-160
5.877	1.2571913505063517e-158
5.88175	4.52750064372993e-157
5.8865	1.6013145200504084e-155
5.891249999999999	5.562317144064617e-154
5.896	1.897561399728115e-152
5.9007499999999995	6.35765434085775e-151
5.9055	2.0919869518231826e-149
5.91025	6.760549785816859e-148
5.915	2.145685389021593e-146
5.91975	6.688227805494146e-145
5.9245	2.0474676790256517e-143
5.92925	6.155793420848241e-142
5.934	1.8176572962246236e-140
5.93875	5.2710963610402e-139
5.9435	1.5012426418882107e-137
5.94825	4.199154099326315e-136
5.953	1.1535428134809214e-134
5.95775	3.112193618431043e-133
5.9624999999999995	8.246325672480085e-132
5.96725	2.1459289640897477e-130
5.9719999999999995	5.4844260543810154e-129
5.97675	1.3766007876272862e-127
5.9815	3.393484162504758e-126
5.98625	8.215700980191963e-125
5.991	1.9534594763259677e-123
5.99575	4.561683747135708e-122
6.0005	1.046181231573799e-120
6.00525	2.3564035075472692e-119
6.01	5.2125877743629626e-118
6.01475	1.132447523234509e-116
6.0195	2.4162606210536355e-115
6.024249999999999	5.063262580192413e-114
6.029	1.0420249300378514e-112
6.0337499999999995	2.1061376558580496e-111
6.0385	4.180771012327293e-110
6.04325	8.150551463876041e-109
6.048	1.560553245989888e-107
6.05275	2.934480131285501e-106
6.0575	5.419319300588123e-105
6.06225	9.829225329343857e-104
6.067	1.7508737311551323e-102
6.07175	3.0630306835724204e-101
6.0765	5.262702890591185e-100
6.08125	8.880293953276207e-99
6.086	1.4716577306263166e-97
6.09075	2.3952302890219663e-96
6.0954999999999995	3.8286769028206466e-95
6.10025	6.010507540599358e-94
6.1049999999999995	9.266901758585138e-93
6.10975	1.4031979972344971e-91
6.1145	2.0867207661046594e-90
6.11925	3.047689398834228e-89
6.124	4.37157622532627e-88
6.12875	6.158378690906695e-87
6.1335	8.520316179136595e-86
6.13825	1.1577266113862844e-84
6.143	1.544960233831145e-83
6.14775	2.0248347218824946e-82
6.1525	2.606290602680601e-81
6.1572499999999994	3.2947091449371092e-80
6.162	4.0904614981459616e-79
6.1667499999999995	4.9875644599214e-78
6.1715	5.9726314753786174e-77
6.17625	7.02431372769087e-76
6.181	8.113403339972889e-75
6.18575	9.20371617398525e-74
6.1905	1.025378844263899e-72
6.19525	1.1219318387402165e-71
6.2	1.2056175948299603e-70
6.20475	1.2723707206166824e-69
6.2095	1.318799398985963e-68
6.21425	1.3424706480246937e-67
6.218999999999999	1.3421215262181944e-66
6.22375	1.3177707688944485e-65
6.2284999999999995	1.2707171225214545e-64
6.23325	1.2034245829607891e-63
6.2379999999999995	1.1193086506662655e-62
6.24275	1.022449404469314e-61
6.2475	9.172649038572387e-61
6.25225	8.081811415831413e-60
6.257	6.993323719189608e-59
6.26175	5.943188931937813e-58
6.2665	4.9603968794437597e-57
6.27125	4.0660648343207283e-56
6.276	3.2733553755965974e-55
6.28075	2.588052013970873e-54
6.2855	2.009619461632877e-53
6.2902499999999995	1.532553484806386e-52
6.295	1.1478322868012657e-51
6.2997499999999995	8.443105537322813e-51
6.3045	6.099398151324602e-50
6.30925	4.327456731845898e-49
6.314	3.015362082318133e-48
6.31875	2.0635129039345772e-47
6.3235	1.3868704453900793e-46
6.32825	9.154309304116907e-46
6.333	5.934392343863744e-45
6.33775	3.778225838780377e-44
6.3425	2.362438744123274e-43
6.34725	1.4507553598832345e-42
6.351999999999999	8.74961201848453e-42
6.35675	5.182560637263886e-41
6.3614999999999995	3.0148171231074123e-40
6.36625	1.722417934741608e-39
6.3709999999999996	9.664448791768275e-39
6.37575	5.325699085634927e-38
6.3805	2.882286473780821e-37
6.38525	1.5319995853786178e-36
6.39	7.997258541814359e-36
6.39475	4.1000071092974587e-35
6.3995	2.0643772657078225e-34
6.40425	1.0208325518785158e-33
6.409	4.9577079233167345e-33
6.41375	2.3646580617037066e-32
6.4185	1.1076862005440229e-31
6.4232499999999995	5.095961359407902e-31
6.428	2.3024833151464484e-30
6.4327499999999995	1.0217104654329862e-29
6.4375	4.4526665868930804e-29
6.44225	1.9057832076762466e-28
6.447	8.01101970301791e-28
6.45175	3.307220021141187e-27
6.4565	1.340909172369135e-26
6.46125	5.339451171071012e-26
6.466	2.08811715621206e-25
6.47075	8.019994834036912e-25
6.4755	3.0252014513385863e-24
6.48025	1.1207158038633679e-23
6.484999999999999	4.077534806675117e-23
6.48975	1.4570043295518624e-22
6.4944999999999995	5.113108308103502e-22
6.49925	1.7622605807485064e-21
6.504	5.965079634576249e-21
6.50875	1.9830029015978108e-20
6.5135	6.474279406187658e-20
6.51825	2.0759673125481215e-19
6.523	6.537482939682665e-19
6.52775	2.021909024556097e-18
6.5325	6.141488421980357e-18
6.53725	1.832089344309904e-17
6.542	5.367606186410238e-17
6.54675	1.5444563027289092e-16
6.5515	4.3644707824043e-16
6.5562499999999995	1.2112911390846449e-15
6.561	3.301615347016492e-15
6.5657499999999995	8.838231921832672e-15
6.5705	2.3236210232668454e-14
6.57525	5.999653723476072e-14
6.58	1.5214162763796748e-13
6.58475	3.78905505372928e-13
6.5895	9.267759547125759e-13
6.59425	2.226278970822387e-12
6.599	5.252250066173323e-12
6.60375	1.216948475527054e-11
6.6085	2.769236016462906e-11
6.61325	6.188832608809682e-11
6.617999999999999	1.3583712650600802e-10
6.62275	2.9281223541118634e-10
6.6274999999999995	6.198990045112305e-10
6.63225	1.2888834356919125e-09
6.637	2.6318875538219377e-09
6.64175	5.278153337402569e-09
6.6465	1.039579388116645e-08
6.65125	2.0109177237375575e-08
6.656	3.82025126580621e-08
6.66075	7.127718497144784e-08
6.6655	1.3060810698490025e-07
6.67025	2.3504483656489444e-07
6.675	4.154246665181956e-07
6.679749999999999	7.21098893772641e-07
6.6845	1.22930136349747e-06
6.6892499999999995	2.058177764225524e-06
6.694	3.3842963468513617e-06
6.6987499999999995	5.465310908473333e-06
6.7035	8.668068713087678e-06
6.70825	1.3501773009478605e-05
6.713	2.0654764327951302e-05
6.71775	3.1032064568927296e-05
6.7225	4.5789097221836794e-05
6.72725	6.635512574065945e-05
6.732	9.443823385998291e-05
6.73675	0.0001320025196756778
6.7415	0.00018120808482559702
6.74625	0.0002443058712329229
6.7509999999999994	0.0003234828216082221
6.75575	0.0004206583612840368
6.7604999999999995	0.0005372405849555063
6.76525	0.0006738590812958202
6.77	0.0008300998633616443
6.77475	0.0010042748430590606
6.7795	0.0011932619981536085
6.78425	0.001392451317734891
6.789	0.0015958248212376842
6.79375	0.0017961863662102023
6.7985	0.001985539631541366
6.80325	0.0021555927244245997
6.808	0.0022983482939162967
6.812749999999999	0.0024067221834213
6.8175	0.0024751245843729233
6.8222499999999995	0.0024999375007812496
6.827	0.0024798317915139473
6.8317499999999995	0.002415885126283743
6.8365	0.002311486286900716
6.84125	0.0021720376406576935
6.846	0.0020044921399190343
6.85075	0.0018167800517683577
6.8555	0.001617191061918953
6.86025	0.0014137782518884475
6.865	0.0012138422379875332
6.86975	0.0010235384904867587
6.8745	0.0008476315188504285
6.87925	0.0006893995583965618
6.8839999999999995	0.0005506756722693939
6.88875	0.0004319980340763399
6.8934999999999995	0.00033283474150473387
6.89825	0.0002518468782887444
6.903	0.00018715681572973878
6.90775	0.00013659545452491222
6.9125	9.791056108291516e-05
6.91725	6.892697392597364e-05
6.922	4.765702520815374e-05
6.92675	3.236529407560433e-05
6.9315	2.1595515010612826e-05
6.93625	1.4169235061125218e-05
6.941	9.166049191863107e-06
6.945749999999999	5.894479364028814e-06
6.9505	3.861358838476744e-06
6.9552499999999995	2.7464394900420454e-06
6.96	2.3882561620005765e-06
6.9647499999999996	2.7873396682802255e-06
6.9695	4.13382761341953e-06
6.97425	6.868407283679626e-06
6.979	1.1788208641134397e-05
6.98375	2.021241407825706e-05
6.9885	3.42253575414731e-05
6.99325	5.701679523013783e-05
6.998	9.333849771340478e-05
7.00275	0.0001500916262609955
7.007499999999999	0.00023704858172010447
7.01225	0.0003676943166235647
7.0169999999999995	0.0005601442533677041
7.02175	0.0008380590202874235
7.0264999999999995	0.0012314323329781452
7.03125	0.001777082382260163
7.036	0.002518637000838633
7.04075	0.003505779436865704
7.0455	0.004792527201349109
7.05025	0.006434363158730881
7.055	0.008484134336354041
7.05975	0.010986781524124396
7.0645	0.013973153346875327
7.06925	0.01745337204783131
7.074	0.02141042323575891
7.078749999999999	0.025794798692561408
7.0835	0.03052108848845411
7.0882499999999995	0.03546736119237579
7.093	0.04047796979919221
7.09775	0.045370080616373
7.1025	0.04994377489191332
7.10725	0.05399507671910655
7.112	0.057330792513565536
7.11675	0.05978368935785118
7.1215	0.06122636335518796
7.12625	0.061582200172199016
7.131	0.06083211583843978
7.13575	0.05901625240946207
7.140499999999999	0.056230418815834605
7.14525	0.05261771607464337
7.1499999999999995	0.04835636563075685
7.15475	0.04364518079333454
7.1594999999999995	0.03868832482995528
7.16425	0.03368096599550175
7.169	0.028797191658782667
7.17375	0.024181137099767318
7.1785	0.019941796794705327
7.18325	0.016151499126637475
7.188	0.012847610882821672
7.19275	0.010036745120725426
7.1975	0.007700597094084356
7.20225	0.0058025232760385214
7.207	0.004294082321419033
7.211749999999999	0.003120935730691703
7.2165	0.0022277182838131484
7.2212499999999995	0.0015616967189152349
7.226	0.0010752120205373226
7.23075	0.0007270302961666138
7.2355	0.0004828051468194174
7.24025	0.00031488520679096233
7.245	0.00020169429289078382
7.24975	0.00012688081097325332
7.2545	7.838974768815608e-05
7.25925	4.756456967488537e-05
7.264	2.834450401631037e-05
7.26875	1.658880631479291e-05
7.273499999999999	9.53503728639763e-06
7.27825	5.382581810666883e-06
7.2829999999999995	2.9841446295704627e-06
7.28775	1.6248380503979474e-06
7.2924999999999995	8.68882956397056e-07
7.29725	4.56324157421715e-07
7.302	2.3536757204150427e-07
7.30675	1.1922869177814228e-07
7.3115	5.931655427448454e-08
7.31625	2.89822457939062e-08
7.321	1.3907502302198732e-08
7.32575	6.554313801412404e-09
7.3305	3.033655804875206e-09
7.33525	1.3790066601620858e-09
7.34	6.156408190320881e-10
7.3447499999999994	2.6992893144651556e-10
7.3495	1.1623380320432502e-10
7.3542499999999995	4.915598982783636e-11
7.359	2.0416506329683207e-11
7.36375	8.328128053755673e-12
7.3685	3.3363710605273944e-12
7.37325	1.3126903157998338e-12
7.378	5.072373228457271e-13
7.38275	1.9249573284979186e-13
7.3875	7.174505887882216e-14
7.39225	2.6261762567152158e-14
7.397	9.440972429653965e-15
7.40175	3.3332706077305755e-15
7.406499999999999	1.1558072140251999e-15
7.41125	3.9360554990621904e-16
7.4159999999999995	1.3164307269448364e-16
7.42075	4.3241006322356755e-17
7.4254999999999995	1.3949368876978262e-17
7.43025	4.419511923523376e-18
7.435	1.3751657446948786e-18
7.43975	4.202393981270577e-19
7.4445	1.2612450379478012e-19
7.44925	3.717604285092533e-20
7.454	1.0761872292033292e-20
7.45875	3.059662281749507e-21
7.4635	8.54319139316771e-22
7.468249999999999	2.342759803034651e-22
7.473	6.30952079809968e-23
7.4777499999999995	1.6688833171804015e-23
7.4825	4.335274037805058e-24
7.4872499999999995	1.1060330923628247e-24
7.492	2.77128168792871e-25
7.49675	6.819526282525427e-26
7.5015	1.6481196127449502e-26
7.50625	3.911868364296731e-27
7.511	9.118863639795962e-28
7.51575	2.087652431578361e-28
7.5205	4.693930578926571e-29
7.52525	1.036516703723382e-29
7.53	2.2479239977572834e-30
7.53475	4.7891967610759135e-31
7.539499999999999	1.0085610082747636e-31
7.54425	2.411349489881476e-32
7.5489999999999995	2.1618359677428014e-32
7.55375	8.550685904112539e-32
7.5584999999999996	4.033850545711099e-31
7.56325	1.885646216775871e-30
7.568	8.660045869163845e-30
7.57275	3.9061385001234853e-29
7.5775	1.7303594666803011e-28
7.58225	7.528111172730867e-28
7.587	3.216597349375768e-27
7.59175	1.3497966939535945e-26
7.5965	5.562896823688212e-26
7.601249999999999	2.2516175995559803e-25
7.606	8.950540227179268e-25
7.6107499999999995	3.49433748896243e-24
7.6155	1.3398044963277507e-23
7.6202499999999995	5.045207107807624e-23
7.625	1.8658535427296862e-22
7.62975	6.776993805198944e-22
7.6345	2.4174506127258602e-21
7.63925	8.469136192169248e-21
7.644	2.9139467276150946e-20
7.64875	9.846572509730047e-20
7.6535	3.2677554192284294e-19
7.65825	1.065062241402877e-18
7.663	3.4092701634885334e-18
7.66775	1.0717878555167865e-17
7.672499999999999	3.3091559176378883e-17
7.67725	1.0034289194376662e-16
7.6819999999999995	2.988250365526928e-16
7.68675	8.739937635340799e-16
7.6915	2.5105025722864703e-15
7.69625	7.082294669834105e-15
7.701	1.9622227133070468e-14
7.70575	5.339290975907991e-14
7.7105	1.426855076417129e-13
7.71525	3.7448732644019326e-13
7.72	9.65284581626404e-13
7.72475	2.443625218883268e-12
7.7295	6.075399097443682e-12
7.734249999999999	1.4834605815230413e-11
7.739	3.557444994877309e-11
7.7437499999999995	8.37840522519367e-11
7.7485	1.937963144754454e-10
7.7532499999999995	4.4024116636006126e-10
7.758	9.82192857974517e-10
7.76275	2.152107087991059e-09
7.7675	4.631183278418015e-09
7.77225	9.78770888531349e-09
7.777	2.0315667840182033e-08
7.78175	4.1413520230752774e-08
7.7865	8.291138635061646e-08
7.79125	1.6302236551443904e-07
7.795999999999999	3.14804686335244e-07
7.80075	5.970300237336125e-07
7.805499999999999	1.1120188244606783e-06
7.81025	2.0341786470081634e-06
7.8149999999999995	3.6544921034330542e-06
7.81975	6.448013663021375e-06
7.8245	1.1173413080057617e-05
7.82925	1.901545603796925e-05
7.834	3.178254132728307e-05
7.83875	5.2171278552259186e-05
7.8435	8.410761620352234e-05
7.84825	0.00013316808458212014
7.853	0.00020707418778565976
7.85775	0.00031623706061618007
7.8625	0.0004743081064602785
7.867249999999999	0.00069866552601332
7.872	0.0010107390997629907
7.8767499999999995	0.0014360507987505745
7.8815	0.0020038329975112508
7.8862499999999995	0.002746086604244273
7.891	0.0036959655955576837
7.89575	0.004885427747763798
7.9005	0.006342175479598123
7.90525	0.008086021621639426
7.91	0.010124941601014048
7.91475	0.012451198024826115
7.9195	0.015038022770843377
7.92425	0.017837390520395097
7.928999999999999	0.020779394469311367
7.93375	0.02377362671823792
7.9384999999999994	0.026712773124143337
7.94325	0.02947837209607702
7.9479999999999995	0.031948391816499895
7.95275	0.0340059954275396
7.9575	0.035548638067394916
7.96225	0.0364965175035496
7.967	0.03679941120471038
7.97175	0.03644108493636788
7.9765	0.03544073430449017
7.98125	0.033851281105134
7.986	0.03175473490782459
7.99075	0.02925518565090822
7.9955	0.0264702601732114
8.00025	0.023522016271256423
8.004999999999999	0.02052824710321526
8.00975	0.01759503649912922
8.0145	0.01481117324868761
8.01925	0.012244744752828525
8.024000000000001	0.009941936744249773
8.028749999999999	0.007927810111985628
8.0335	0.006208639843692272
8.03825	0.004775300219619077
8.043	0.0036071639175399477
8.04775	0.0026760366692353734
8.0525	0.001949751337424468
8.05725	0.0013951708001680133
8.062	0.0009804749765088428
8.066749999999999	0.0006767162957540496
8.0715	0.00045870950553395266
8.07625	0.0003053724332053905
8.081	0.0001996562472755827
8.08575	0.00012820263834089065
8.090499999999999	8.084850737191619e-05
8.09525	5.00735099206235e-05
8.1	3.0458257027849842e-05
8.10475	1.8195460213650094e-05
8.1095	1.0675347637495949e-05
8.11425	6.151230383471206e-06
8.119	3.4809913509537434e-06
8.123750000000001	1.9346610134581082e-06
8.128499999999999	1.0560094402559393e-06
8.13325	5.660981126177671e-07
8.138	2.980414062661903e-07
8.14275	1.5410705382583642e-07
8.1475	7.825815240002496e-08
8.152249999999999	3.9030002919633935e-08
8.157	1.911760992516468e-08
8.16175	9.197221892631825e-09
8.1665	4.346966142993608e-09
8.17125	2.0214280597723456e-09
8.176	9.320922444706185e-10
8.18075	4.4348199579602764e-10
8.185500000000001	2.5716626762459224e-10
8.190249999999999	2.5549616382493734e-10
8.195	4.37725510045258e-10
8.19975	9.198318790427849e-10
8.2045	1.998105550610092e-09
8.20925	4.305433545595209e-09
8.213999999999999	9.128260816670273e-09
8.21875	1.901390666982599e-08
8.2235	3.8899478690735804e-08
8.22825	7.81596163025191e-08
8.233	1.5423502680176453e-07
8.23775	2.9891297932442603e-07
8.2425	5.689414188717302e-07
8.247250000000001	1.0635338585140678e-06
8.251999999999999	1.9525226270296893e-06
8.25675	3.520479462594909e-06
8.2615	6.234024997967792e-06
8.26625	1.0841671605512684e-05
8.271	1.8517610371434662e-05
8.275749999999999	3.1062372253110236e-05
8.2805	5.117351900286894e-05
8.28525	8.279744399362565e-05
8.29	0.00013156778462914317
8.29475	0.00020532563684652738
8.2995	0.00031470075125343495
8.30425	0.0004737108863871934
8.309000000000001	0.0007003093677034633
8.313749999999999	0.0010167811602912454
8.3185	0.0014498598727653905
8.32325	0.002030418465175916
8.328	0.002792582827697546
8.33275	0.0037721378597618685
8.337499999999999	0.005004146717858045
8.34225	0.006519788340449998
8.347	0.008342533208614538
8.35175	0.010483912216047518
8.3565	0.012939270505007705
8.36125	0.015684012984188388
8.366	0.018670914007369272
8.370750000000001	0.02182905569253172
8.375499999999999	0.025064861180231452
8.38025	0.028265498096102463
8.385	0.031304658251463266
8.38975	0.034050404514767874
8.3945	0.03637446119614883
8.399249999999999	0.03816206325933156
8.404	0.039321321981149585
8.40875	0.03979104634123943
8.413499999999999	0.03954609416098209
8.41825	0.03859960179491912
8.423	0.037001817270481054
8.42775	0.0348356812968457
8.432500000000001	0.032209697337620975
8.437249999999999	0.02924894417822764
8.442	0.026085266448678215
8.44675	0.02284770896796955
8.4515	0.01965414525042189
8.45625	0.016604819084486667
8.460999999999999	0.013778217685494136
8.46575	0.011229379251759283
8.4705	0.00899045696460802
8.475249999999999	0.007073153733180688
8.48	0.005472528492981419
8.48475	0.004171658760250774
8.4895	0.003146712803237936
8.494250000000001	0.0023721143518945663
8.498999999999999	0.0018256433808192646
8.50375	0.0014934770462399572
8.5085	0.0013753063018183522
8.51325	0.0014897409532810754
8.518	0.001880218537989931
8.52275	0.002621545315570662
8.5275	0.0038270123291757
8.53225	0.0056557468381998885
8.536999999999999	0.008319594029905212
8.54175	0.012088409172240772
8.5465	0.0172922326477939
8.55125	0.024318499967736624
8.556	0.033602305494860825
8.56075	0.04560789858472825
8.5655	0.06080013676874956
8.57025	0.07960560441639103
8.575	0.10236450994073676
8.57975	0.12927619101171914
8.5845	0.1603428753786459
8.58925	0.19531796607904223
8.594	0.23366619440486067
8.598749999999999	0.27454317286978985
8.6035	0.31680093107826823
8.60825	0.35902383951843175
8.613	0.3995960474070741
8.61775	0.4367975435949504
8.6225	0.46892175937842084
8.62725	0.494403952142559
8.632	0.5119471169941953
8.63675	0.5206314040166328
8.6415	0.5199942395788848
8.64625	0.5100714879806127
8.651	0.49139462290269303
8.65575	0.4649443036851917
8.660499999999999	0.43206611431814795
8.66525	0.3943586794413207
8.67	0.35354725000890475
8.67475	0.3113567745632106
8.679499999999999	0.2693974156973225
8.68425	0.22907274662099164
8.689	0.19151703437285456
8.69375	0.15756377610342231
8.6985	0.12774368417757104
8.70325	0.1023071651200051
8.708	0.08126434747453759
8.71275	0.06443498788486725
8.7175	0.0515010101845237
8.722249999999999	0.04205573671167542
8.727	0.03564569768831963
8.73175	0.03180288668488072
8.7365	0.030067151649948793
8.741249999999999	0.029999844049259154
8.746	0.031190769324701204
8.75075	0.03326086536024909
8.7555	0.035862938577174534
8.76025	0.03868232319533316
8.765	0.04143864236226867
8.76975	0.04388909107360253
8.7745	0.045832966948155314
8.77925	0.047116653019638334
8.783999999999999	0.04763797324060743
8.78875	0.047348817199323205
8.7935	0.04625514187474972
8.79825	0.04441384399763699
8.802999999999999	0.041926470945512946
8.80775	0.038930206831604273
8.8125	0.03558694801445277
8.81725	0.03207150675022054
8.822	0.028560024732781766
8.82675	0.025219547915437443
8.8315	0.0221994506234198
8.83625	0.01962506280538482
8.841	0.01759351952607165
8.84575	0.016171580007154983
8.8505	0.015394999339483151
8.85525	0.015268997621109757
8.86	0.015769448696448113
8.864749999999999	0.016844569606693508
8.8695	0.01841708237346425
8.87425	0.020386987515688335
8.879	0.022635186763940614
8.88375	0.0250281910113003
8.8885	0.027424042251717767
8.89325	0.029679383495997178
8.898	0.03165736783739796
8.90275	0.03323585926574393
8.9075	0.034315197741009225
8.91225	0.0348247240725009
8.917	0.03472731164212075
8.92175	0.03402133224575219
8.926499999999999	0.03273976706769664
8.93125	0.030946515233208276
8.936	0.02873029439403358
8.94075	0.026196813522933397
8.9455	0.023460082089837263
8.95025	0.02063377645308378
8.955	0.01782351170984891
8.95975	0.015120685963782831
8.9645	0.012598311312541785
8.96925	0.010308967392808446
8.974	0.008284753569150129
8.97875	0.00653891036553294
8.9835	0.005068650989274354
8.988249999999999	0.003858695579770669
8.993	0.0028850259093303686
8.99775	0.0021184584734576955
9.0025	0.001527746191288637
9.007249999999999	0.001082040380535548
9.012	0.0007526563394105018
9.01675	0.0005141750173474654
9.0215	0.00034497387575673627
9.02625	0.00022731203603349918
9.031	0.0001471023606619802
9.03575	9.349272929469146e-05
9.0405	5.8357545766452224e-05
9.04525	3.577479760760424e-05
9.049999999999999	2.1538642929835723e-05
9.05475	1.2735631155057106e-05
9.0595	7.395773377869092e-06
9.06425	4.2180110038203585e-06
9.068999999999999	2.3626143356309867e-06
9.07375	1.2996878866272598e-06
9.0785	7.021773976820674e-07
9.08325	3.7257872261638465e-07
9.088	1.941605658021275e-07
9.09275	9.938312154740977e-08
9.0975	4.9984512765338284e-08
9.10225	2.4742614758743624e-08
9.107	1.2141417498962689e-08
9.111749999999999	6.0877441383262895e-09
9.1165	3.480062185638031e-09
9.12125	2.8823750091256598e-09
9.126	3.85731031143176e-09
9.130749999999999	6.710113657110897e-09
9.1355	1.252600931446404e-08
9.14025	2.3474640884380074e-08
9.145	4.342649848360752e-08
9.14975	7.899044158916443e-08
9.1545	1.4114630544859763e-07
9.15925	2.47714652121901e-07
9.164	4.269738649713459e-07
9.16875	7.227931861541114e-07
9.1735	1.2016813822792505e-06
9.17825	1.9621286520937526e-06
9.183	3.146511116198655e-06
9.18775	4.955596159990117e-06
9.192499999999999	7.665300088342825e-06
9.19725	1.1644788861568537e-05
9.202	1.7374289464887966e-05
9.20675	2.5460150836091125e-05
9.2115	3.6643876577062884e-05
9.21625	5.180123219509593e-05
9.221	7.192735606337898e-05
9.22575	9.810436610183111e-05
9.2305	0.00013144954429693587
9.23525	0.0001730450308990049
9.24	0.00022385417290434617
9.24475	0.00028463515218661757
9.2495	0.0003558689190590534
9.254249999999999	0.00043772514925616984
9.259	0.0005300960296981247
9.26375	0.0006327320440139236
9.2685	0.0007455153136326618
9.273249999999999	0.0008689031485990538
9.278	0.0010045660243932397
9.28275	0.0011562291446221263
9.2875	0.0013307042991701024
9.29225	0.0015390686176583656
9.297	0.0017979095966430276
9.30175	0.0021305132260003136
9.3065	0.0025678276617824933
9.31125	0.003148994368599433
9.315999999999999	0.003921210025364833
9.32075	0.004938675821076867
9.3255	0.006260417040773411
9.33025	0.007946824921345005
9.334999999999999	0.010054890565515525
9.33975	0.012632266014075697
9.3445	0.015710489185306646
9.34925	0.019297924624838207
9.354	0.02337316754818428
9.35875	0.027879794283710464
9.3635	0.03272337749994417
9.36825	0.03777158763369464
9.373	0.04285795851857476
9.377749999999999	0.04778951611125797
9.3825	0.05235799327628588
9.38725	0.056353845037851
9.392	0.05958181812201381
9.396749999999999	0.061876498807076644
9.4015	0.06311613251920693
9.40625	0.06323311596061604
9.411	0.06221990644583501
9.41575	0.06012962959138024
9.4205	0.057071315576636084
9.42525	0.053200354340285555
9.43	0.048705327544590823
9.43475	0.04379276380271898
9.439499999999999	0.038671520925668425
9.44425	0.03353841424624655
9.449	0.028566414428290266
9.45375	0.02389629532800156
9.458499999999999	0.019632104306729042
9.46325	0.01584033709158923
9.468	0.012552296241010136
9.47275	0.00976884164106039
9.4775	0.007466619870459348
9.48225	0.005604876737689855
9.487	0.004132083805767347
9.49175	0.0029918043726274465
9.4965	0.0021274446523217097
9.50125	0.0014857452396740574
9.506	0.0010190404408248713
9.51075	0.0006864351006929664
9.5155	0.00045411781113859783
9.520249999999999	0.0002950520094028278
9.525	0.00018827367692553413
9.52975	0.00011798902656209714
9.5345	7.261972793970866e-05
9.53925	4.3896369441246293e-05
9.544	2.6059349598217592e-05
9.54875	1.519355936136142e-05
9.5535	8.699944189717738e-06
9.55825	4.892540067682239e-06
9.563	2.702173932752143e-06
9.56775	1.4657273573931222e-06
9.5725	7.808256517109739e-07
9.57725	4.085224571682205e-07
9.581999999999999	2.099127330356561e-07
9.58675	1.0593088861719129e-07
9.5915	5.250098268529456e-08
9.59625	2.5554843986655214e-08
9.600999999999999	1.2216309303948002e-08
9.60575	5.735453866203024e-09
9.6105	2.6445790072520067e-09
9.61525	1.1975848301112168e-09
9.62	5.326194363910927e-10
9.62475	2.3264231987101127e-10
9.6295	9.979790260101885e-11
9.63425	4.20450714914259e-11
9.639	1.7396816410134714e-11
9.643749999999999	7.069449546819119e-12
9.6485	2.8213928460847805e-12
9.65325	1.1058888633453214e-12
9.658	4.2578464698413694e-13
9.662749999999999	1.6120136449726794e-13
9.6675	6.05146121350745e-14
9.67225	2.3936327047625034e-14
9.677	1.3763547870370198e-14
9.68175	1.8998690428331596e-14
9.6865	4.4483740798993627e-14
9.69125	1.1484447980641103e-13
9.696	2.959768588836695e-13
9.70075	7.507410787700255e-13
9.705499999999999	1.870694692377413e-12
9.71025	4.57817115571941e-12
9.715	1.1003835904674642e-11
9.71975	2.5975111857649674e-11
9.724499999999999	6.021875400230333e-11
9.72925	1.3710935657956239e-10
9.734	3.0659382636482904e-10
9.73875	6.733187414741952e-10
9.7435	1.452241974218567e-09
9.74825	3.0762260936490006e-09
9.753	6.399683598625507e-09
9.75775	1.307554316610314e-08
9.7625	2.6237470254088255e-08
9.76725	5.1706502713492215e-08
9.772	1.0007586530724776e-07
9.77675	1.90228037796932e-07
9.7815	3.5512454233449064e-07
9.786249999999999	6.511002026131203e-07
9.791	1.1724004016550149e-06
9.79575	2.073313956804504e-06
9.8005	3.6009340582989834e-06
9.80525	6.142232481727944e-06
9.81	1.0289595843498662e-05
9.81475	1.6929002451176035e-05
9.8195	2.73542872728676e-05
9.82425	4.340906422657948e-05
9.829	6.765445948817108e-05
9.83375	0.00010355555919007498
9.8385	0.00015567231800565
9.84325	0.00022983192305305725
9.847999999999999	0.00033325010443648474
9.85275	0.00047456010131719824
9.8575	0.0006637020125370884
9.86225	0.0009116245908101222
9.866999999999999	0.001229758727285291
9.87175	0.0016292389329238975
9.8765	0.002119876841712367
9.88125	0.0027089280238056265
9.886	0.0033997367204581437
9.89075	0.004190386585265629
9.8955	0.005072521308332404
9.90025	0.006030518498124952
9.905	0.007041195657516086
9.909749999999999	0.008074193544446271
9.9145	0.009093119180192975
9.91925	0.010057443362582618
9.924	0.010925046458474367
9.928749999999999	0.011655206539815218
9.9335	0.012211742556559473
9.93825	0.012565977877376703
9.943	0.01269918722602014
9.94775	0.012604236573905124
9.9525	0.012286216121604611
9.95725	0.011761988207961944
9.962	0.011058706027198821
9.96675	0.010211484248120664
9.971499999999999	0.009260499546163297
9.97625	0.008247853581874772
9.981	0.007214536843665736
9.98575	0.006197791396964472
9.990499999999999	0.005229093928569646
9.99525	0.004332882660486145
