0.5	0.0
0.50475	0.0
0.5095	0.0
0.51425	0.0
0.519	0.0
0.52375	0.0
0.5285	0.0
0.53325	0.0
0.538	0.0
0.54275	0.0
0.5475	0.0
0.55225	0.0
0.5569999999999999	0.0
0.56175	0.0
0.5665	0.0
0.57125	0.0
0.576	0.0
0.58075	0.0
0.5855	0.0
0.5902499999999999	0.0
0.595	0.0
0.59975	0.0
0.6045	0.0
0.60925	0.0
0.614	0.0
0.61875	0.0
0.6234999999999999	0.0
0.62825	0.0
0.633	0.0
0.63775	0.0
0.6425	0.0
0.64725	0.0
0.652	0.0
0.65675	0.0
0.6615	0.0
0.66625	0.0
0.671	0.0
0.67575	0.0
0.6805	0.0
0.68525	0.0
0.69	0.0
0.69475	0.0
0.6995	0.0
0.70425	0.0
0.709	0.0
0.71375	0.0
0.7185	0.0
0.72325	0.0
0.728	0.0
0.73275	0.0
0.7375	0.0
0.74225	0.0
0.747	0.0
0.7517499999999999	0.0
0.7565	0.0
0.76125	0.0
0.766	0.0
0.77075	0.0
0.7755	0.0
0.78025	0.0
0.7849999999999999	0.0
0.78975	0.0
0.7945	0.0
0.79925	0.0
0.804	0.0
0.80875	0.0
0.8135	0.0
0.8182499999999999	0.0
0.823	0.0
0.82775	0.0
0.8325	0.0
0.83725	0.0
0.842	0.0
0.84675	0.0
0.8514999999999999	0.0
0.85625	0.0
0.861	0.0
0.86575	0.0
0.8705	0.0
0.87525	0.0
0.88	0.0
0.8847499999999999	0.0
0.8895	0.0
0.89425	0.0
0.899	0.0
0.90375	0.0
0.9085	0.0
0.91325	0.0
0.9179999999999999	0.0
0.92275	0.0
0.9275	0.0
0.93225	0.0
0.937	0.0
0.94175	0.0
0.9465	0.0
0.9512499999999999	0.0
0.956	0.0
0.96075	0.0
0.9655	0.0
0.9702500000000001	0.0
0.975	0.0
0.97975	0.0
0.9844999999999999	0.0
0.98925	0.0
0.994	0.0
0.99875	0.0
1.0034999999999998	0.0
1.0082499999999999	0.0
1.013	0.0
1.01775	0.0
1.0225	0.0
1.02725	0.0
1.032	0.0
1.03675	0.0
1.0415	0.0
1.0462500000000001	0.0
1.051	0.0
1.05575	0.0
1.0605	0.0
1.06525	0.0
1.0699999999999998	0.0
1.0747499999999999	0.0
1.0795	0.0
1.08425	0.0
1.089	0.0
1.09375	0.0
1.0985	0.0
1.10325	0.0
1.108	0.0
1.1127500000000001	0.0
1.1175	0.0
1.12225	0.0
1.127	0.0
1.13175	0.0
1.1364999999999998	0.0
1.1412499999999999	0.0
1.146	0.0
1.15075	0.0
1.1555	0.0
1.16025	0.0
1.165	0.0
1.16975	0.0
1.1745	0.0
1.1792500000000001	0.0
1.184	0.0
1.18875	0.0
1.1935	0.0
1.19825	0.0
1.2029999999999998	0.0
1.2077499999999999	0.0
1.2125	0.0
1.21725	0.0
1.222	0.0
1.22675	0.0
1.2315	0.0
1.23625	0.0
1.241	0.0
1.2457500000000001	0.0
1.2505	0.0
1.25525	0.0
1.26	0.0
1.2647499999999998	0.0
1.2694999999999999	0.0
1.2742499999999999	0.0
1.279	0.0
1.28375	0.0
1.2885	0.0
1.29325	0.0
1.298	0.0
1.30275	0.0
1.3075	0.0
1.3122500000000001	0.0
1.317	0.0
1.32175	0.0
1.3265	0.0
1.3312499999999998	0.0
1.3359999999999999	0.0
1.3407499999999999	0.0
1.3455	0.0
1.35025	0.0
1.355	0.0
1.35975	0.0
1.3645	0.0
1.36925	0.0
1.374	0.0
1.3787500000000001	0.0
1.3835	0.0
1.38825	0.0
1.393	0.0
1.3977499999999998	0.0
1.4024999999999999	0.0
1.40725	0.0
1.412	0.0
1.41675	0.0
1.4215	0.0
1.42625	0.0
1.431	0.0
1.43575	0.0
1.4405000000000001	0.0
1.44525	0.0
1.45	0.0
1.45475	0.0
1.4595	0.0
1.4642499999999998	0.0
1.4689999999999999	0.0
1.47375	0.0
1.4785	0.0
1.48325	0.0
1.488	0.0
1.49275	0.0
1.4975	0.0
1.50225	0.0
1.507	0.0
1.51175	0.0
1.5165	0.0
1.52125	0.0
1.526	0.0
1.53075	0.0
1.5354999999999999	0.0
1.54025	0.0
1.545	0.0
1.54975	0.0
1.5545	0.0
1.55925	0.0
1.564	0.0
1.5687499999999999	0.0
1.5735	0.0
1.57825	0.0
1.583	0.0
1.58775	0.0
1.5925	0.0
1.59725	0.0
1.6019999999999999	0.0
1.60675	0.0
1.6115	0.0
1.61625	0.0
1.621	0.0
1.62575	0.0
1.6305	0.0
1.6352499999999999	0.0
1.64	0.0
1.64475	0.0
1.6495	0.0
1.65425	0.0
1.659	0.0
1.66375	0.0
1.6684999999999999	0.0
1.67325	0.0
1.678	0.0
1.68275	0.0
1.6875	0.0
1.69225	0.0
1.697	0.0
1.7017499999999999	0.0
1.7065	0.0
1.71125	0.0
1.716	0.0
1.72075	0.0
1.7255	0.0
1.73025	0.0
1.7349999999999999	0.0
1.73975	0.0
1.7445	0.0
1.74925	0.0
1.754	0.0
1.75875	0.0
1.7635	0.0
1.7682499999999999	0.0
1.773	0.0
1.77775	0.0
1.7825	0.0
1.78725	0.0
1.792	0.0
1.79675	0.0
1.8014999999999999	0.0
1.80625	0.0
1.811	0.0
1.81575	0.0
1.8205	0.0
1.82525	0.0
1.83	0.0
1.8347499999999999	0.0
1.8395	0.0
1.84425	0.0
1.849	0.0
1.85375	0.0
1.8585	0.0
1.86325	0.0
1.8679999999999999	0.0
1.87275	0.0
1.8775	0.0
1.88225	0.0
1.887	0.0
1.89175	0.0
1.8965	0.0
1.9012499999999999	0.0
1.906	0.0
1.91075	0.0
1.9155	0.0
1.92025	0.0
1.925	0.0
1.9297499999999999	0.0
1.9344999999999999	0.0
1.93925	0.0
1.944	0.0
1.94875	0.0
1.9535	0.0
1.95825	0.0
1.9629999999999999	0.0
1.9677499999999999	0.0
1.9725	0.0
1.97725	0.0
1.982	0.0
1.98675	0.0
1.9915	0.0
1.9962499999999999	0.0
2.001	0.0
2.00575	0.0
2.0105	0.0
2.01525	0.0
2.02	0.0
2.02475	0.0
2.0294999999999996	0.0
2.03425	0.0
2.0389999999999997	0.0
2.04375	0.0
2.0484999999999998	0.0
2.0532500000000002	0.0
2.058	0.0
2.06275	0.0
2.0675	0.0
2.07225	0.0
2.077	0.0
2.08175	0.0
2.0865	0.0
2.09125	0.0
2.096	0.0
2.1007499999999997	0.0
2.1055	0.0
2.1102499999999997	0.0
2.115	0.0
2.11975	0.0
2.1245000000000003	0.0
2.12925	0.0
2.134	0.0
2.13875	0.0
2.1435	0.0
2.14825	0.0
2.153	0.0
2.15775	0.0
2.1624999999999996	0.0
2.16725	0.0
2.1719999999999997	0.0
2.17675	0.0
2.1814999999999998	0.0
2.1862500000000002	0.0
2.191	0.0
2.19575	0.0
2.2005	0.0
2.20525	0.0
2.21	0.0
2.21475	0.0
2.2195	0.0
2.22425	0.0
2.229	0.0
2.2337499999999997	0.0
2.2385	0.0
2.2432499999999997	0.0
2.248	0.0
2.25275	0.0
2.2575000000000003	0.0
2.26225	0.0
2.267	0.0
2.27175	0.0
2.2765	0.0
2.28125	0.0
2.286	0.0
2.29075	0.0
2.2954999999999997	0.0
2.30025	0.0
2.3049999999999997	0.0
2.30975	0.0
2.3145	0.0
2.3192500000000003	0.0
2.324	0.0
2.32875	0.0
2.3335	0.0
2.33825	0.0
2.343	0.0
2.34775	0.0
2.3525	0.0
2.3572499999999996	0.0
2.362	0.0
2.3667499999999997	0.0
2.3715	0.0
2.3762499999999998	0.0
2.3810000000000002	0.0
2.38575	0.0
2.3905	0.0
2.39525	0.0
2.4	0.0
2.40475	0.0
2.4095	0.0
2.41425	0.0
2.419	0.0
2.42375	0.0
2.4284999999999997	0.0
2.43325	0.0
2.4379999999999997	0.0
2.44275	0.0
2.4475	0.0
2.4522500000000003	0.0
2.457	0.0
2.46175	0.0
2.4665	0.0
2.47125	0.0
2.476	0.0
2.48075	0.0
2.4855	0.0
2.4902499999999996	0.0
2.495	0.0
2.4997499999999997	0.0
2.5045	0.0
2.5092499999999998	0.0
2.514	0.0
2.51875	0.0
2.5235	0.0
2.52825	0.0
2.533	0.0
2.53775	0.0
2.5425	0.0
2.54725	0.0
2.552	0.0
2.55675	0.0
2.5615	0.0
2.56625	0.0
2.5709999999999997	0.0
2.5757499999999998	0.0
2.5805	0.0
2.58525	0.0
2.59	0.0
2.59475	0.0
2.5995	0.0
2.60425	0.0
2.609	0.0
2.61375	0.0
2.6185	0.0
2.62325	0.0
2.628	0.0
2.63275	0.0
2.6374999999999997	0.0
2.6422499999999998	0.0
2.647	0.0
2.65175	0.0
2.6565	0.0
2.66125	0.0
2.666	0.0
2.67075	0.0
2.6755	0.0
2.68025	0.0
2.685	0.0
2.68975	0.0
2.6945	0.0
2.69925	0.0
2.7039999999999997	0.0
2.7087499999999998	0.0
2.7135	0.0
2.71825	0.0
2.723	0.0
2.72775	0.0
2.7325	0.0
2.73725	0.0
2.742	0.0
2.74675	0.0
2.7515	0.0
2.75625	0.0
2.761	0.0
2.76575	0.0
2.7704999999999997	0.0
2.7752499999999998	0.0
2.78	0.0
2.78475	0.0
2.7895	0.0
2.79425	0.0
2.799	0.0
2.80375	0.0
2.8085	0.0
2.81325	0.0
2.818	0.0
2.82275	0.0
2.8275	0.0
2.83225	0.0
2.8369999999999997	0.0
2.8417499999999998	0.0
2.8465	0.0
2.85125	0.0
2.856	0.0
2.86075	0.0
2.8655	0.0
2.87025	0.0
2.875	0.0
2.87975	0.0
2.8845	0.0
2.88925	0.0
2.894	0.0
2.89875	0.0
2.9034999999999997	0.0
2.90825	0.0
2.913	0.0
2.91775	0.0
2.9225	0.0
2.92725	0.0
2.932	0.0
2.93675	0.0
2.9415	0.0
2.94625	0.0
2.951	0.0
2.95575	0.0
2.9605	0.0
2.9652499999999997	0.0
2.9699999999999998	0.0
2.97475	0.0
2.9795	0.0
2.98425	0.0
2.989	0.0
2.99375	0.0
2.9985	0.0
3.00325	0.0
3.008	0.0
3.01275	0.0
3.0175	0.0
3.02225	0.0
3.027	0.0
3.0317499999999997	0.0
3.0364999999999998	0.0
3.04125	0.0
3.046	0.0
3.05075	0.0
3.0555	0.0
3.06025	0.0
3.065	0.0
3.06975	0.0
3.0745	0.0
3.07925	0.0
3.084	0.0
3.08875	0.0
3.0935	0.0
3.0982499999999997	0.0
3.1029999999999998	0.0
3.10775	0.0
3.1125	0.0
3.11725	0.0
3.122	0.0
3.12675	0.0
3.1315	0.0
3.13625	0.0
3.141	0.0
3.14575	0.0
3.1505	0.0
3.15525	0.0
3.16	0.0
3.1647499999999997	0.0
3.1694999999999998	0.0
3.17425	0.0
3.179	0.0
3.18375	0.0
3.1885	0.0
3.19325	0.0
3.198	0.0
3.20275	0.0
3.2075	0.0
3.21225	0.0
3.217	0.0
3.22175	0.0
3.2265	0.0
3.2312499999999997	0.0
3.2359999999999998	0.0
3.24075	0.0
3.2455	0.0
3.25025	0.0
3.255	0.0
3.25975	0.0
3.2645	0.0
3.26925	0.0
3.274	0.0
3.27875	0.0
3.2835	0.0
3.28825	0.0
3.293	0.0
3.2977499999999997	0.0
3.3024999999999998	0.0
3.30725	0.0
3.312	0.0
3.31675	0.0
3.3215	0.0
3.32625	0.0
3.331	0.0
3.33575	0.0
3.3405	0.0
3.34525	0.0
3.35	0.0
3.35475	0.0
3.3594999999999997	0.0
3.3642499999999997	0.0
3.3689999999999998	0.0
3.37375	0.0
3.3785	0.0
3.38325	0.0
3.388	0.0
3.39275	0.0
3.3975	0.0
3.40225	0.0
3.407	0.0
3.41175	0.0
3.4165	0.0
3.42125	0.0
3.4259999999999997	0.0
3.4307499999999997	0.0
3.4354999999999998	0.0
3.44025	0.0
3.445	0.0
3.44975	0.0
3.4545	0.0
3.45925	0.0
3.464	0.0
3.46875	0.0
3.4735	0.0
3.47825	0.0
3.483	0.0
3.48775	0.0
3.4924999999999997	0.0
3.4972499999999997	0.0
3.502	0.0
3.50675	0.0
3.5115	0.0
3.51625	0.0
3.521	0.0
3.52575	0.0
3.5305	0.0
3.53525	0.0
3.54	0.0
3.54475	0.0
3.5495	0.0
3.55425	0.0
3.5589999999999997	0.0
3.5637499999999998	0.0
3.5685	0.0
3.57325	0.0
3.578	0.0
3.58275	0.0
3.5875	0.0
3.59225	0.0
3.597	0.0
3.60175	0.0
3.6065	0.0
3.61125	0.0
3.616	0.0
3.62075	0.0
3.6254999999999997	0.0
3.6302499999999998	0.0
3.635	0.0
3.63975	0.0
3.6445	0.0
3.64925	0.0
3.654	0.0
3.65875	0.0
3.6635	0.0
3.66825	0.0
3.673	0.0
3.67775	0.0
3.6825	0.0
3.68725	0.0
3.6919999999999997	0.0
3.6967499999999998	0.0
3.7015	0.0
3.70625	0.0
3.711	0.0
3.71575	0.0
3.7205	0.0
3.72525	0.0
3.73	0.0
3.73475	0.0
3.7395	0.0
3.74425	0.0
3.749	0.0
3.7537499999999997	0.0
3.7584999999999997	0.0
3.7632499999999998	0.0
3.768	0.0
3.77275	0.0
3.7775	0.0
3.78225	0.0
3.787	0.0
3.79175	0.0
3.7965	0.0
3.80125	0.0
3.806	0.0
3.81075	0.0
3.8155	0.0
3.8202499999999997	0.0
3.8249999999999997	0.0
3.8297499999999998	0.0
3.8345	0.0
3.83925	0.0
3.844	0.0
3.84875	0.0
3.8535	0.0
3.85825	0.0
3.863	0.0
3.86775	0.0
3.8725	0.0
3.87725	0.0
3.882	0.0
3.8867499999999997	0.0
3.8914999999999997	0.0
3.8962499999999998	0.0
3.901	0.0
3.90575	0.0
3.9105	0.0
3.91525	0.0
3.92	0.0
3.92475	0.0
3.9295	0.0
3.93425	0.0
3.939	0.0
3.94375	0.0
3.9485	0.0
3.9532499999999997	0.0
3.9579999999999997	1.5e-322
3.9627499999999998	2.5805e-320
3.9675	4.389714e-318
3.97225	7.3331738e-316
3.977	1.2031199369e-313
3.98175	1.938593953811e-311
3.9865	3.067790998807584e-309
3.99125	4.767883864803413e-307
3.996	7.277572699871492e-305
4.00075	1.0909589796417765e-302
4.0055	1.6061691299701986e-300
4.01025	2.322389785126709e-298
4.015000000000001	3.297918623451424e-296
4.01975	4.599448308326499e-294
4.0245	6.29988372791995e-292
4.029249999999999	8.474621498734262e-290
4.034	1.1196159361776042e-287
4.03875	1.4527096350457691e-285
4.0435	1.8511838260212566e-283
4.0482499999999995	2.3167611503640428e-281
4.053	2.847567065337268e-279
4.05775	3.4373807876379003e-277
4.0625	4.0751379400664636e-275
4.06725	4.744800611661687e-273
4.072	5.425685356631371e-271
4.0767500000000005	6.093295317884286e-269
4.0815	6.720643121033745e-267
4.08625	7.279984015275067e-265
4.090999999999999	7.744814173694252e-263
4.09575	8.091938300520192e-261
4.1005	8.303383717551673e-259
4.10525	8.36794155162637e-257
4.109999999999999	8.282151159789864e-255
4.11475	8.050607469023526e-253
4.1195	7.685553244585763e-251
4.12425	7.205806638748519e-249
4.129	6.635154762018803e-247
4.13375	6.000404037964536e-245
4.1385000000000005	5.329309183263155e-243
4.14325	4.648601560290261e-241
4.148	3.9823067971036225e-239
4.152749999999999	3.3504881869529014e-237
4.1575	2.768486764940416e-235
4.16225	2.246662295639508e-233
4.167	1.790581638362728e-231
4.171749999999999	1.4015591825211883e-229
4.1765	1.0774316776032713e-227
4.18125	8.134465540442807e-226
4.186	6.031554993797989e-224
4.1907499999999995	4.3922853291831694e-222
4.1955	3.1413243602192324e-220
4.2002500000000005	2.206459723038585e-218
4.205	1.5220895728755898e-216
4.20975	1.0312059306162645e-214
4.214499999999999	6.861381668166211e-213
4.21925	4.4837226266074255e-211
4.224	2.877576534524427e-209
4.22875	1.8137441010259197e-207
4.233499999999999	1.1227579197643413e-205
4.23825	6.825857634203134e-204
4.243	4.0755789404505476e-202
4.24775	2.3899145732374651e-200
4.2524999999999995	1.376373905024359e-198
4.25725	7.784871841437091e-197
4.2620000000000005	4.324416235917392e-195
4.26675	2.3591985665792936e-193
4.2715	1.2640448591675626e-191
4.27625	6.651528593578036e-190
4.281	3.437489835217439e-188
4.28575	1.7447064534289886e-186
4.2905	8.696896405178752e-185
4.295249999999999	4.2576230751851045e-183
4.3	2.047062533372836e-181
4.30475	9.666204811041076e-180
4.3095	4.482722559512253e-178
4.3142499999999995	2.0416848830475394e-176
4.319	9.132644453099606e-175
4.32375	4.012041086905187e-173
4.3285	1.73099246820686e-171
4.33325	7.334761033060473e-170
4.338	3.0523739925842235e-168
4.3427500000000006	1.2475285823597714e-166
4.3475	5.007537949683248e-165
4.35225	1.9740537726862866e-163
4.356999999999999	7.642838672145879e-162
4.36175	2.90610559718041e-160
4.3665	1.0852481995088778e-158
4.37125	3.980226085740183e-157
4.3759999999999994	1.4336640459599752e-155
4.38075	5.071635473387664e-154
4.3855	1.7620152072911799e-152
4.39025	6.0121839296752895e-151
4.395	2.014725341565718e-149
4.39975	6.630715959322925e-148
4.4045000000000005	2.143216204717225e-146
4.40925	6.803502187789548e-145
4.414	2.121094695529103e-143
4.418749999999999	6.494542625940027e-142
4.4235	1.9529812324475342e-140
4.42825	5.767778220453975e-139
4.433	1.672938671051614e-137
4.437749999999999	4.765543875562328e-136
4.4425	1.333232552916286e-134
4.44725	3.663197468465254e-133
4.452	9.884978664947625e-132
4.4567499999999995	2.6197034184636813e-130
4.4615	6.818510316373651e-129
4.4662500000000005	1.7429617708280824e-127
4.471	4.375696645235475e-126
4.47575	1.078866069955482e-124
4.480499999999999	2.6124551804818314e-123
4.48525	6.21285397926718e-122
4.49	1.4510902672885761e-120
4.49475	3.3285776791522284e-119
4.499499999999999	7.498664937602464e-118
4.50425	1.6590909143324954e-116
4.509	3.605100749112657e-115
4.51375	7.693529296027028e-114
4.5184999999999995	1.6124817284229424e-112
4.52325	3.3191354600538667e-111
4.528	6.709901373396551e-110
4.53275	1.3321964769220987e-108
4.5375	2.5976546323531134e-107
4.54225	4.974569730054211e-106
4.547	9.356008782788891e-105
4.55175	1.7281709613717104e-103
4.5565	3.135044938627968e-102
4.56125	5.585496991930835e-101
4.566	9.77329164169494e-100
4.57075	1.6795033697969378e-98
4.5755	2.8345353994989123e-97
4.5802499999999995	4.698333871810734e-96
4.585	7.648334085438601e-95
4.5897499999999996	1.2227869900783801e-93
4.5945	1.9199757937386527e-92
4.59925	2.9607496178224507e-91
4.604	4.484030882913961e-90
4.60875	6.669549387504278e-89
4.6135	9.742835618592483e-88
4.61825	1.397768477878614e-86
4.623	1.96945514346514e-85
4.62775	2.7253226767194417e-84
4.6325	3.7038274894846755e-83
4.63725	4.943614029256597e-82
4.6419999999999995	6.480363183289607e-81
4.64675	8.342863164941486e-80
4.6514999999999995	1.0548528479836417e-78
4.65625	1.3098743068257602e-77
4.661	1.597453966077484e-76
4.66575	1.913321998723356e-75
4.6705	2.2506541440232804e-74
4.67525	2.60010235522182e-73
4.68	2.9500753684464917e-72
4.68475	3.2872804948834548e-71
4.6895	3.597504938953075e-70
4.69425	3.8665801711716556e-69
4.699	4.081441956445788e-68
4.70375	4.2311772062135366e-67
4.7085	4.307941417599239e-66
4.7132499999999995	4.3076394716685175e-65
4.718	4.2302875721156006e-64
4.72275	4.080011804635141e-63
4.7275	3.8646834952457816e-62
4.73225	3.595236215594864e-61
4.737	3.2847469030837624e-60
4.74175	2.9473884578027303e-59
4.7465	2.5973700574518735e-58
4.75125	2.2479739047137383e-57
4.756	1.9107755958254978e-56
4.76075	1.5951043188288971e-55
4.7655	1.307764308812004e-54
4.77025	1.0530060217163379e-53
4.7749999999999995	8.327089136937123e-53
4.77975	6.4672039485069194e-52
4.7844999999999995	4.932883797275784e-51
4.78925	3.695270182299931e-50
4.794	2.7186449602229477e-49
4.79875	1.9643540956737913e-48
4.8035	1.3939527183596184e-47
4.80825	9.714876726864647e-47
4.813	6.649477637337048e-46
4.81775	4.469909703276907e-45
4.8225	2.9510118596715684e-44
4.82725	1.913392839232999e-43
4.832	1.2184236447814676e-42
4.83675	7.619973780627872e-42
4.8415	4.68025612425021e-41
4.8462499999999995	2.8232331712783525e-40
4.851	1.6725721479003106e-39
4.85575	9.731593453476078e-39
4.8605	5.56088660485005e-38
4.86525	3.1207940225794244e-37
4.87	1.720074099265609e-36
4.87475	9.310868473363565e-36
4.8795	4.949874772975283e-35
4.88425	2.584396930188695e-34
4.889	1.3252115298733454e-33
4.89375	6.673784510392763e-33
4.8985	3.3008070490468147e-32
4.90325	1.603352750532516e-31
4.9079999999999995	7.648900453162568e-31
4.91275	3.583685760731705e-30
4.9174999999999995	1.6490044132737648e-29
4.92225	7.452031799004353e-29
4.927	3.307414038882069e-28
4.93175	1.4416618835181363e-27
4.9365	6.171621047243838e-27
4.94125	2.594753290306096e-26
4.946	1.07140551072409e-25
4.95075	4.344828763508825e-25
4.9555	1.7304236361802416e-24
4.96025	6.768511901020297e-24
4.965	2.600129267194054e-23
4.9697499999999994	9.80974384821185e-23
4.9745	3.6348071973109636e-22
4.9792499999999995	1.322714382992392e-21
4.984	4.727284688100827e-21
4.98875	1.6592752040611725e-20
4.9935	5.719868885199108e-20
4.99825	1.9364875483337497e-19
5.003	6.438791002536792e-19
5.00775	2.102591637583708e-18
5.0125	6.743207466559296e-18
5.01725	2.123924600610794e-17
5.022	6.57011018956322e-17
5.02675	1.9960306050932225e-16
5.0315	5.955561631680417e-16
5.03625	1.745176013653316e-15
5.0409999999999995	5.0224628350622784e-15
5.04575	1.4195647705170709e-14
5.0504999999999995	3.9405303663391057e-14
5.05525	1.0742741583598052e-13
5.06	2.876315779540214e-13
5.06475	7.563433335472788e-13
5.0695	1.9532704840624746e-12
5.07425	4.954122900066429e-12
5.079	1.234048275679912e-11
5.08375	3.0189679845499306e-11
5.0885	7.253470514710779e-11
5.09325	1.7115680746103274e-10
5.098	3.9664637434227096e-10
5.1027499999999995	9.027630708773036e-10
5.1075	2.017925210461686e-09
5.1122499999999995	4.4299347730243206e-09
5.117	9.551038194275627e-09
5.12175	2.0223895686129668e-08
5.1265	4.2057169026242955e-08
5.13125	8.589665263123058e-08
5.136	1.722952991158002e-07
5.14075	3.3941544550403717e-07
5.1455	6.56675418097054e-07
5.15025	1.247759547416123e-06
5.155	2.328477408080611e-06
5.15975	4.267505997368733e-06
5.1645	7.681344377887374e-06
5.16925	1.3578797665277391e-05
5.1739999999999995	2.3574711267538426e-05
5.17875	4.019688805431326e-05
5.1834999999999996	6.731308064872145e-05
5.18825	0.00011070506368100782
5.193	0.0001788119296308643
5.19775	0.00028365241026136623
5.2025	0.0004419136853721653
5.20725	0.0006761598962882991
5.212	0.0010160670103620776
5.21675	0.0014995338633738058
5.2215	0.0021734576837045736
5.22625	0.0030939057888599367
5.231	0.00432537699068798
5.2357499999999995	0.005938842814735742
5.2405	0.00800830639233546
5.2452499999999995	0.010605728737489236
5.25	0.013794352952325235
5.25475	0.017620699202855757
5.2595	0.022105784184008347
5.26425	0.027236399676018753
5.269	0.03295751481150462
5.27375	0.039166990072888014
5.2785	0.04571375796070073
5.28325	0.052400404044079
5.288	0.05899067036895113
5.29275	0.06522183477534436
5.2975	0.07082126452918654
5.30225	0.07552579866519231
5.3069999999999995	0.07910209042614429
5.31175	0.08136574017666744
5.3165	0.08219704085326503
5.32125	0.08155146571092299
5.326	0.07946361961858943
5.33075	0.07604416592307642
5.3355	0.07147010869382413
5.34025	0.06596961795745601
5.345	0.05980320782417183
5.34975	0.05324342389657057
5.3545	0.04655522778137405
5.35925	0.039978999433051075
5.364	0.03371757794421457
5.3687499999999995	0.027928126579495307
5.3735	0.022718948280138915
5.3782499999999995	0.018150793934977864
5.383	0.014241771537502395
5.38775	0.010974718479098698
5.3925	0.008305843620251784
5.39725	0.006173551912229627
5.402	0.004506583963107908
5.40675	0.003230880399546625
5.4115	0.0022748641918458857
5.41625	0.0015730828879953883
5.421	0.0010683420240839166
5.42575	0.0007125815131404537
5.430499999999999	0.00046680210191245893
5.43525	0.00030035118374390244
5.4399999999999995	0.0001898426084656499
5.44475	0.00011793009242958812
5.4495	7.209238552660851e-05
5.45425	4.353062602333724e-05
5.459	2.6230329547264516e-05
5.46375	1.6204658428542343e-05
5.4685	1.091180382710552e-05
5.47325	8.825673844038813e-06
5.478	9.133091634886908e-06
5.48275	1.1529798115434032e-05
5.4875	1.6089520556115755e-05
5.49225	2.31835677702437e-05
5.497	3.343179616354725e-05
5.5017499999999995	4.76688417560798e-05
5.5065	6.691213323212821e-05
5.5112499999999995	9.232057875104798e-05
5.516	0.00012513529539987802
5.52075	0.00016659668737643128
5.5255	0.00021783584111082738
5.53025	0.0002797426550424425
5.535	0.0003528181485017324
5.53975	0.00043702349219986125
5.5445	0.0005316427109798561
5.54925	0.0006351788220341153
5.554	0.0007453035120651484
5.55875	0.0008588776871934786
5.5634999999999994	0.0009720541549384725
5.56825	0.0010804647119285146
5.5729999999999995	0.001179483035410565
5.57775	0.0012645435622564362
5.5825	0.001331486832040056
5.58725	0.00137689537522753
5.592	0.0013983825350805815
5.59675	0.0013948002800804504
5.6015	0.001366340826008375
5.60625	0.0013145195486448092
5.611	0.0012420413010493
5.61575	0.0011525665481155317
5.6205	0.001050405454336723
5.62525	0.0009401754582922286
5.63	0.0008264599969980069
5.6347499999999995	0.0007135029101487384
5.6395	0.000604965550812191
5.6442499999999995	0.0005037633003556041
5.649	0.0004119868847053328
5.65375	0.00033090340851117987
5.6585	0.0002610237803445286
5.66325	0.00020221803886784107
5.668	0.00015385821793803442
5.67275	0.00011496945858888811
5.6775	8.437334343216087e-05
5.68225	6.0811962155778835e-05
5.687	4.304609488473872e-05
5.69175	2.992536700721858e-05
5.6964999999999995	2.0431779668899742e-05
5.70125	1.3700420360388124e-05
5.7059999999999995	9.022410299369823e-06
5.71075	5.835421593191204e-06
5.7155	3.7066611639353275e-06
5.72025	2.3123550690642954e-06
5.725	1.416730164981207e-06
5.72975	8.524732194978653e-07
5.7345	5.037735162661691e-07
5.73925	2.923821836487723e-07
5.744	1.66658497672112e-07
5.74875	9.329642544058883e-08
5.7535	5.129364136967995e-08
5.75825	2.769638210085075e-08
5.763	1.4687353165113252e-08
5.7677499999999995	7.649358549509793e-09
5.7725	3.912618310777798e-09
5.7772499999999996	1.965490425494559e-09
5.782	9.69695469821529e-10
5.78675	4.698516814733543e-10
5.7915	2.235873294583123e-10
5.79625	1.0449477535662721e-10
5.801	4.796262556572788e-11
5.80575	2.162082722635558e-11
5.8105	9.571999076507699e-12
5.81525	4.161922361095715e-12
5.82	1.777240843169759e-12
5.82475	7.453488416028039e-13
5.8294999999999995	3.0699680874013376e-13
5.83425	1.2418499544128293e-13
5.8389999999999995	4.93361635422382e-14
5.84375	1.9249639870826638e-14
5.8485	7.376338317554846e-15
5.85325	2.7760036362992684e-15
5.858	1.0260303760017705e-15
5.86275	3.724443503151369e-16
5.8675	1.3277721274349138e-16
5.87225	4.648862372248054e-17
5.877	1.598566897058538e-17
5.88175	5.398535059737137e-18
5.8865	1.7905317298670426e-18
5.891249999999999	5.832424175733788e-19
5.896	1.8658518867188493e-19
5.9007499999999995	5.862275375280789e-20
5.9055	1.8089070399102226e-20
5.91025	5.481851510431067e-21
5.915	1.6315458087199614e-21
5.91975	4.769054475210298e-22
5.9245	1.369073045004048e-22
5.92925	3.85999879883149e-23
5.934	1.0690275911451945e-23
5.93875	2.9159510429817406e-24
5.9435	8.148953498529532e-25
5.94825	3.5907148569962485e-25
5.953	6.66903054086931e-25
5.95775	2.398480910828832e-24
5.9624999999999995	9.096728440970667e-24
5.96725	3.4048668270687314e-23
5.9719999999999995	1.252026754705162e-22
5.97675	4.521651042814981e-22
5.9815	1.6037698518506072e-21
5.98625	5.586606346432274e-21
5.991	1.911239368693067e-20
5.99575	6.421597482063259e-20
6.0005	2.1190053895750398e-19
6.00525	6.86723686817887e-19
6.01	2.1857122101562173e-18
6.01475	6.832268320145265e-18
6.0195	2.0974800264156783e-17
6.024249999999999	6.323998212834933e-17
6.029	1.8726069365542877e-16
6.0337499999999995	5.445810207490578e-16
6.0385	1.5553902064237563e-15
6.04325	4.3629195322630325e-15
6.048	1.2019212976020741e-14
6.05275	3.251889973950572e-14
6.0575	8.640853457707106e-14
6.06225	2.2549578134396922e-13
6.067	5.779379157805047e-13
6.07175	1.4547385180264574e-12
6.0765	3.596248330955853e-12
6.08125	8.731229287347132e-12
6.086	2.0819107019991938e-11
6.09075	4.875394765854981e-11
6.0954999999999995	1.1212913203909019e-10
6.10025	2.532725475087368e-10
6.1049999999999995	5.618478994842409e-10
6.10975	1.2240816541776332e-09
6.1145	2.619165859368801e-09
6.11925	5.503976840116437e-09
6.124	1.135928978933791e-08
6.12875	2.3024316412936264e-08
6.1335	4.583352878339707e-08
6.13825	8.960677157997188e-08
6.143	1.7205185136275525e-07
6.14775	3.2444333318143264e-07
6.1525	6.008683703305366e-07
6.1572499999999994	1.0929009837326122e-06
6.162	1.9522852584447406e-06
6.1667499999999995	3.4250484370284756e-06
6.1715	5.901346904832267e-06
6.17625	9.986114856974994e-06
6.181	1.6595981932636997e-05
6.18575	2.7087587951896035e-05
6.1905	4.342088792038527e-05
6.19525	6.83577958059541e-05
6.2	0.00010569109207833222
6.20475	0.00016049063850740377
6.2095	0.00023934370469282557
6.21425	0.0003505542992274177
6.218999999999999	0.0005042542543640822
6.22375	0.0007123686995391236
6.2284999999999995	0.0009883734516338844
6.23325	0.0013467850863269752
6.2379999999999995	0.0018023391244169746
6.24275	0.002368839883880424
6.2475	0.0030577071411787638
6.25225	0.0038762970711309643
6.257	0.004826132077976756
6.26175	0.005901227232737076
6.2665	0.007086739309514236
6.27125	0.008358176947456648
6.276	0.009681388536262358
6.28075	0.011013483939994897
6.2855	0.012304749607944379
6.2902499999999995	0.013501493849353086
6.295	0.014549626669433772
6.2997499999999995	0.015398657569836507
6.3045	0.016005706818947252
6.30925	0.016339088995204747
6.314	0.016381052553733944
6.31875	0.016129345823904555
6.3235	0.0155974171748019
6.32825	0.014813224585005976
6.333	0.013816801268141476
6.33775	0.012656872329735988
6.3425	0.0113869200749465
6.34725	0.010061138556219117
6.351999999999999	0.008730698122175877
6.35675	0.007440665805519136
6.3614999999999995	0.006227813666373629
6.36625	0.005119415819716398
6.3709999999999996	0.004133007436515901
6.37575	0.0032769736697825648
6.3805	0.0025517651485820253
6.38525	0.001951503956068399
6.39	0.0014657474759337099
6.39475	0.001081209513963907
6.3995	0.0007832881326555349
6.40425	0.0005573066426302297
6.409	0.0003894286300808447
6.41375	0.00026725295684552403
6.4185	0.00018012672191183117
6.4232499999999995	0.0001192325292521322
6.428	7.751260852813795e-05
6.4327499999999995	4.948925690573118e-05
6.4375	3.103205224783364e-05
6.44225	1.911045588519135e-05
6.447	1.1558263247042514e-05
6.45175	6.865546301312045e-06
6.4565	4.005148321080472e-06
6.46125	2.294685079446684e-06
6.466	1.2911852743077889e-06
6.47075	7.135345741062572e-07
6.4755	3.872598415019063e-07
6.48025	2.0641957986484422e-07
6.484999999999999	1.0805883991497112e-07
6.48975	5.555596509642114e-08
6.4944999999999995	2.8051886729612666e-08
6.49925	1.3910874783714853e-08
6.504	6.774976463885109e-09
6.50875	3.2405753551673714e-09
6.5135	1.5222901716235147e-09
6.51825	7.023179149263535e-10
6.523	3.182226107820503e-10
6.52775	1.416084949119897e-10
6.5325	6.188830151571028e-11
6.53725	2.656371460051996e-11
6.542	1.119773103678648e-11
6.54675	4.635880607379238e-12
6.5515	1.8849309176681855e-12
6.5562499999999995	7.526960172627558e-13
6.561	2.9519213539590425e-13
6.5657499999999995	1.1369750431264366e-13
6.5705	4.3008873323204775e-14
6.57525	1.597813860493939e-14
6.58	5.829821898530323e-15
6.58475	2.0890333578032493e-15
6.5895	7.351846776353517e-16
6.59425	2.541022461051998e-16
6.599	8.625445698292488e-17
6.60375	2.875514563222517e-17
6.6085	9.41478880162006e-18
6.61325	3.027377489531459e-18
6.617999999999999	9.560564971314137e-19
6.62275	2.9652514138539614e-19
6.6274999999999995	9.032344025330346e-20
6.63225	2.7020936966921168e-20
6.637	7.938918117417552e-21
6.64175	2.2907791702747906e-21
6.6465	6.491814669449929e-22
6.65125	1.8067995969398307e-22
6.656	4.938724970480697e-23
6.66075	1.3258081463742758e-23
6.6655	3.495485568546997e-24
6.67025	9.050975781554076e-25
6.675	2.3016835810642894e-25
6.679749999999999	5.748850543731157e-26
6.6845	1.4116048626330675e-26
6.6892499999999995	3.465574561172938e-27
6.694	1.0972589262598496e-27
6.6987499999999995	1.4161428757941172e-27
6.7035	5.097852208766985e-27
6.70825	2.0424360414184786e-26
6.713	8.096942462331956e-26
6.71775	3.1538120753625604e-25
6.7225	1.2064841273080508e-24
6.72725	4.5328250410669505e-24
6.732	1.67254309132708e-23
6.73675	6.061033178650698e-23
6.7415	2.1571333426609936e-22
6.74625	7.539947235627956e-22
6.7509999999999994	2.588335722731899e-21
6.75575	8.726375368940492e-21
6.7604999999999995	2.889403264927605e-20
6.76525	9.396008750341857e-20
6.77	3.000817960742788e-19
6.77475	9.412324100466324e-19
6.7795	2.8994463706406206e-18
6.78425	8.7719121184762e-18
6.789	2.60636027937164e-17
6.79375	7.605637275404476e-17
6.7985	2.179705173418137e-16
6.80325	6.135089252266926e-16
6.808	1.6959185867291103e-15
6.812749999999999	4.6041567331865966e-15
6.8175	1.2275980313635576e-14
6.8222499999999995	3.214572698398144e-14
6.827	8.267064101286235e-14
6.8317499999999995	2.088047350324091e-13
6.8365	5.179530147914535e-13
6.84125	1.2618315216377396e-12
6.846	3.01907125951433e-12
6.85075	7.094247569143419e-12
6.8555	1.637194589877369e-11
6.86025	3.7106948906165935e-11
6.865	8.259831279664868e-11
6.86975	1.8057103645667438e-10
6.8745	3.8769124174298094e-10
6.87925	8.174945647517234e-10
6.8839999999999995	1.692952379956193e-09
6.88875	3.4432265251382393e-09
6.8934999999999995	6.87776658620529e-09
6.89825	1.3492432532740986e-08
6.903	2.5995253798474795e-08
6.90775	4.918796477330092e-08
6.9125	9.14080889549533e-08
6.91725	1.6682893984507634e-07
6.922	2.9903301194691683e-07
6.92675	5.264145262791518e-07
6.9315	9.10117739443557e-07
6.93625	1.545355059874345e-06
6.941	2.5770328943085505e-06
6.945749999999999	4.220584797962912e-06
6.9505	6.7886947791497306e-06
6.9552499999999995	1.0724101618848504e-05
6.96	1.663782464142219e-05
6.9647499999999996	2.535088640679292e-05
6.9695	3.793593045731563e-05
6.97425	5.575313802294694e-05
6.979	8.047275630606806e-05
6.98375	0.00011407472272391673
6.9885	0.00015881479248815362
6.99325	0.00021714681599251294
6.998	0.0002915929130481219
7.00275	0.0003845576436456546
7.007499999999999	0.0004980889602757975
7.01225	0.0006335973741535666
7.0169999999999995	0.0007915544704048264
7.02175	0.0009712012391141403
7.0264999999999995	0.001170303851443227
7.03125	0.001384997614397529
7.036	0.0016097572917735162
7.04075	0.0018375229047204685
7.0455	0.0020599947148288843
7.05025	0.0022680907928411746
7.055	0.0024525380256298435
7.05975	0.0026045460973962735
7.0645	0.0027164976371124956
7.06925	0.0027825796168493657
7.074	0.0027992832917425716
7.078749999999999	0.0027657128596792974
7.0835	0.002683665052525985
7.0882499999999995	0.0025574698174263073
7.093	0.002393611748734709
7.09775	0.0022001783322245934
7.1025	0.0019862003012947145
7.10725	0.00176095877136439
7.112	0.001533332416943401
7.11675	0.001311246769677709
7.1215	0.0011012692928718227
7.12625	0.0009083717364202374
7.131	0.0007358591264753386
7.13575	0.0005854458514390515
7.140499999999999	0.00045744593193252096
7.14525	0.0003510377249439633
7.1499999999999995	0.0002645628116236382
7.15475	0.00019582349076491522
7.1594999999999995	0.00014235140677218224
7.16425	0.00010162948463696039
7.169	7.125882678399408e-05
7.17375	4.907028686707499e-05
7.1785	3.318635163815444e-05
7.18325	2.2042528394819263e-05
7.188	1.4378854590476608e-05
7.19275	9.211877612067923e-06
7.1975	5.796061853531495e-06
7.20225	3.5816145707615333e-06
7.207	2.173630250274087e-06
7.211749999999999	1.2955479021837651e-06
7.2165	7.583719580752251e-07
7.2212499999999995	4.3598549530452655e-07
7.226	2.4616301403389673e-07
7.23075	1.365005952123413e-07
7.2355	7.433738404196896e-08
7.24025	3.975950671493847e-08
7.245	2.0885058001825032e-08
7.24975	1.0774357173579369e-08
7.2545	5.458936415829925e-09
7.25925	2.7163497494900977e-09
7.264	1.327468805502288e-09
7.26875	6.371239714793821e-10
7.273499999999999	3.003202050367347e-10
7.27825	1.3902923902355773e-10
7.2829999999999995	6.321042991374535e-11
7.28775	2.8224903131363872e-11
7.2924999999999995	1.2377645647387235e-11
7.29725	5.3310223493846146e-12
7.302	2.2551899648692276e-12
7.30675	9.375132462815971e-13
7.3115	3.8429274798205694e-13
7.31625	1.587765047002984e-13
7.321	7.503789065366391e-14
7.32575	6.129698077714517e-14
7.3305	1.0485350392991851e-13
7.33525	2.4150734980312676e-13
7.34	5.816459121727115e-13
7.3447499999999994	1.389463043808613e-12
7.3495	3.2647298795076415e-12
7.3542499999999995	7.535401778202137e-12
7.359	1.708210049877141e-11
7.36375	3.8031138583977274e-11
7.3685	8.315697821517882e-11
7.37325	1.785743614109356e-10
7.378	3.7661750693312775e-10
7.38275	7.800867266339691e-10
7.3875	1.5868879314449623e-09
7.39225	3.1703748256638802e-09
7.397	6.2206526097696e-09
7.40175	1.1987324770669612e-08
7.406499999999999	2.2686608634860972e-08
7.41125	4.2167501698579174e-08
7.4159999999999995	7.697454805193834e-08
7.42075	1.3799946694491744e-07
7.4254999999999995	2.429789520307614e-07
7.43025	4.2016597947283746e-07
7.435	7.135659201098125e-07
7.43975	1.1901680830976112e-06
7.4445	1.9495908761287243e-06
7.44925	3.136459272482521e-06
7.454	4.9556064085372594e-06
7.45875	7.689798216525191e-06
7.4635	1.1719094773965262e-05
7.468249999999999	1.754018516208443e-05
7.473	2.5783107861612664e-05
7.4777499999999995	3.722179748040632e-05
7.4825	5.2774047404818826e-05
7.4872499999999995	7.34859729251296e-05
7.492	0.00010049616257628926
7.49675	0.00013497567046909015
7.5015	0.00017804201173908914
7.50625	0.00023064841623470593
7.511	0.00029345360254498287
7.51575	0.0003666818372019543
7.5205	0.00044998738248526454
7.52525	0.0005423407768544697
7.53	0.000641955857443354
7.53475	0.0007462752824400878
7.539499999999999	0.0008520281306248785
7.54425	0.0009553660289625074
7.5489999999999995	0.0010520748526227205
7.55375	0.0011378485750080717
7.5584999999999996	0.0012086019331840339
7.56325	0.0012607909529679126
7.568	0.0012917065672928918
7.57275	0.001299707532903782
7.5775	0.0012843647838200918
7.58225	0.001246499551865898
7.587	0.0011881105408526012
7.59175	0.0011121991421562023
7.5965	0.0010225139628774966
7.601249999999999	0.00092324491264521
7.606	0.0008187014958213084
7.6107499999999995	0.0007130093567855999
7.6155	0.0006098539751130663
7.6202499999999995	0.0005122918813923814
7.625	0.0004226394888567758
7.62975	0.000342439343740177
7.6345	0.00027249480329642723
7.63925	0.00021295791061770448
7.644	0.00016345202847275575
7.64875	0.00012321053310779208
7.6535	9.121501698509542e-05
7.65825	6.632020112383636e-05
7.663	4.735723202499711e-05
7.66775	3.3211444934138406e-05
7.672499999999999	2.287442658327732e-05
7.67725	1.5472968650837977e-05
7.6819999999999995	1.0279170267071995e-05
7.68675	6.706616278906125e-06
7.6915	4.297440201454791e-06
7.69625	2.7044391254199304e-06
7.701	1.6714968518524933e-06
7.70575	1.014600098719745e-06
7.7105	6.048465699210722e-07
7.71525	3.5412495193853925e-07
7.72	2.0362393209344482e-07
7.72475	1.1499053520739765e-07
7.7295	6.377586469310931e-08
7.734249999999999	3.4738543091315175e-08
7.739	1.858351360706618e-08
7.7437499999999995	9.763489063597293e-09
7.7485	5.037826924127142e-09
7.7532499999999995	2.5529507000814167e-09
7.758	1.2705817334673083e-09
7.76275	6.210460858755795e-10
7.7675	2.981304871708987e-10
7.77225	1.4055688019509035e-10
7.777	6.508368588724411e-11
7.78175	2.960294072295771e-11
7.7865	1.323911599734858e-11
7.79125	5.855916076655395e-12
7.795999999999999	2.6519629960451377e-12
7.80075	1.457586054530342e-12
7.805499999999999	1.4606152862565529e-12
7.81025	2.735093927218807e-12
7.8149999999999995	6.352050610117025e-12
7.81975	1.518349256887278e-11
7.8245	3.5928652197437326e-11
7.82925	8.360602779571923e-11
7.834	1.9111189784320486e-10
7.83875	4.2905595352690206e-10
7.8435	9.460271172952318e-10
7.84825	2.0485879987783023e-09
7.853	4.35679086131945e-09
7.85775	9.099966576246243e-09
7.8625	1.8666971640069197e-08
7.867249999999999	3.760702017186603e-08
7.872	7.440891349074744e-08
7.8767499999999995	1.4459124183139526e-07
7.8815	2.7594339100951286e-07
7.8862499999999995	5.172005651677095e-07
7.891	9.520482722417507e-07
7.89575	1.72115479960549e-06
7.9005	3.0559192901369607e-06
7.90525	5.328743453968719e-06
7.91	9.125753401972677e-06
7.91475	1.5348771843856247e-05
7.9195	2.5353593125911246e-05
7.92425	4.113072711974597e-05
7.928999999999999	6.553212370500107e-05
7.93375	0.00010254230659192212
7.9384999999999994	0.00015758428542154255
7.94325	0.0002378393535446681
7.9479999999999995	0.0003525457710100593
7.95275	0.0005132255723249079
7.9575	0.0007337735460614073
7.96225	0.0010303310740168029
7.967	0.0014208640630743923
7.97175	0.0019243729639763366
7.9765	0.002559687502432012
7.98125	0.00334384111848167
7.986	0.004290079145816071
7.99075	0.005405625560019097
7.9955	0.006689406673740256
8.00025	0.008129993968503982
8.004999999999999	0.009704068025631707
8.00975	0.011375707738589076
8.0145	0.01309676406402077
8.01925	0.014808482843597523
8.024000000000001	0.016444403090979734
8.028749999999999	0.017934391488612117
8.0335	0.01920950448351553
8.03825	0.02020722435511604
8.043	0.02087652207819441
8.04775	0.021182178312019302
8.0525	0.02110785368185136
8.05725	0.02065753587981343
8.062	0.019855185225553393
8.066749999999999	0.01874262254146701
8.0715	0.017375918483238727
8.07625	0.015820718128195084
8.081	0.01414704270960587
8.08575	0.012424138365495422
8.090499999999999	0.010715890498411165
8.09525	0.009077205988717816
8.1	0.007551607894631754
8.10475	0.006170116628099546
8.1095	0.004951334954837736
8.11425	0.0039025327098813935
8.119	0.00302145326659041
8.123750000000001	0.0022985404195401864
8.128499999999999	0.0017193059140019227
8.13325	0.0012666129492338088
8.138	0.0009227253319066098
8.14275	0.0006710513207053234
8.1475	0.0004975834939854772
8.152249999999999	0.00039209236266957696
8.157	0.00034916652632190255
8.16175	0.0003692033936047456
8.1665	0.00045944138025199677
8.17125	0.0006350879535596298
8.176	0.0009205399435283465
8.18075	0.0013506167029448536
8.185500000000001	0.0019716388276159254
8.190249999999999	0.0028420945023557792
8.195	0.004032555569298506
8.19975	0.005624453711442711
8.2045	0.007707324010896525
8.20925	0.01037418851045233
8.213999999999999	0.013714901186165042
8.21875	0.017807512224783925
8.2235	0.022708022046634732
8.22825	0.028439253032758648
8.233	0.03497991886082125
8.23775	0.04225525245253608
8.2425	0.050130693558268366
8.247250000000001	0.058410074618160286
8.251999999999999	0.06683944181023618
8.25675	0.07511710825125946
8.2615	0.08290980528460722
8.26625	0.08987396782107386
8.271	0.0956803865722064
8.275749999999999	0.10003982233642686
8.2805	0.10272683007869639
8.28525	0.10359906760863034
8.29	0.10260978820997031
8.29475	0.09981199134255019
8.2995	0.09535371851100674
8.30425	0.08946507537275075
8.309000000000001	0.08243856339688499
8.313749999999999	0.07460505973872573
8.3185	0.06630818408869162
8.32325	0.05787979325660563
8.328	0.049618975435072335
8.33275	0.04177626393611166
8.337499999999999	0.03454398120989958
8.34225	0.02805279666428819
8.347	0.02237386037326612
8.35175	0.017525348696725104
8.3565	0.013481971248237953
8.36125	0.010185939916660319
8.366	0.007558050826950757
8.370750000000001	0.005507816856310489
8.375499999999999	0.003941941347792566
8.38025	0.0027707785060430597
8.385	0.001912733421685295
8.38975	0.001296785266342792
8.3945	0.0008634608940246245
8.399249999999999	0.0005646486101936373
8.404	0.00036263927550943915
8.40875	0.000228734881188776
8.413499999999999	0.00014169383081542216
8.41825	8.620460588712743e-05
8.423	5.150756081355197e-05
8.42775	3.0225429570022504e-05
8.432500000000001	1.7419471091242066e-05
8.437249999999999	9.859580369233845e-06
8.442	5.480786479436292e-06
8.44675	2.9921841593636983e-06
8.4515	1.6043338261119876e-06
8.45625	8.448160300948484e-07
8.460999999999999	4.3690854227911156e-07
8.46575	2.2191155193784427e-07
8.4705	1.106955774102633e-07
8.475249999999999	5.423025091936418e-08
8.48	2.6092394875551656e-08
8.48475	1.2329550833844592e-08
8.4895	5.721916992473864e-09
8.494250000000001	2.6079354364341836e-09
8.498999999999999	1.1673822953485391e-09
8.50375	5.132043796830251e-10
8.5085	2.215789959522345e-10
8.51325	9.395671211347985e-11
8.518	3.912803300583567e-11
8.52275	1.6003287450193954e-11
8.5275	6.428229605167565e-12
8.53225	2.5359141076339515e-12
8.536999999999999	9.825138553232005e-13
8.54175	3.738555323883475e-13
8.5465	1.3971078239097786e-13
8.55125	5.1276340438088034e-14
8.556	1.8482686809208404e-14
8.56075	6.542958582065621e-15
8.5655	2.2748052532094077e-15
8.57025	7.767392626418198e-16
8.575	2.6047573908270324e-16
8.57975	8.578676364625217e-17
8.5845	2.7748165356733402e-17
8.58925	8.814734750823219e-18
8.594	2.7500792370502406e-18
8.598749999999999	8.426401543633633e-19
8.6035	2.535712893262392e-19
8.60825	7.494091504941496e-20
8.613	2.175198469504019e-20
8.61775	6.200686450336049e-21
8.6225	1.735967688965792e-21
8.62725	4.773143472276266e-22
8.632	1.288927009548199e-22
8.63675	3.4183233752309684e-23
8.6415	8.903462826548683e-24
8.64625	2.277538564205221e-24
8.651	5.72181106878177e-25
8.65575	1.4117645497451628e-25
8.660499999999999	3.420991661983796e-26
8.66525	8.141468439212526e-27
8.67	1.9028933843068848e-27
8.67475	4.368045498347319e-28
8.679499999999999	9.847383128671949e-29
8.68425	2.1802962186185933e-29
8.689	4.741013069744441e-30
8.69375	1.0124831123170366e-30
8.6985	2.123564264318932e-31
8.70325	4.3742541622911374e-32
8.708	8.849192053141624e-33
8.71275	1.758185545114134e-33
8.7175	3.430845340234181e-34
8.722249999999999	6.581380220054124e-35
8.727	1.2746786786707235e-35
8.73175	4.294978298274869e-36
8.7365	1.1036103100159754e-35
8.741249999999999	5.525382473118401e-35
8.746	2.815662837244152e-34
8.75075	1.4109216566763436e-33
8.7555	6.94392115121042e-33
8.76025	3.3563580653169253e-32
8.765	1.5932825456283195e-31
8.76975	7.428109479471594e-31
8.7745	3.4011421073443565e-30
8.77925	1.5294392977010508e-29
8.783999999999999	6.754616493964589e-29
8.78875	2.929747093677388e-28
8.7935	1.2480171479012059e-27
8.79825	5.2212195775822524e-27
8.802999999999999	2.1452817959703244e-26
8.80775	8.656806734032889e-26
8.8125	3.430773768327306e-25
8.81725	1.3353263663841035e-24
8.822	5.104388863733803e-24
8.82675	1.9162892585744926e-23
8.8315	7.065442438605728e-23
8.83625	2.558460077285571e-22
8.841	9.098690892324118e-22
8.84575	3.1778995261935092e-21
8.8505	1.0900901063494828e-20
8.85525	3.6723631289678703e-20
8.86	1.2150378957280988e-19
8.864749999999999	3.9481624423586055e-19
8.8695	1.2599728501257267e-18
8.87425	3.949011021308518e-18
8.879	1.215560248289904e-17
8.88375	3.674731542062527e-17
8.8885	1.0910275812355357e-16
8.89325	3.181316125854211e-16
8.898	9.110430694101913e-16
8.90275	2.562311790685008e-15
8.9075	7.077600191398272e-15
8.91225	1.919999261176517e-14
8.917	5.1153703487777144e-14
8.92175	1.338486781391614e-13
8.926499999999999	3.439632754389544e-13
8.93125	8.681025859279272e-13
8.936	2.1517460207726516e-12
8.94075	5.238077885249409e-12
8.9455	1.2523158563041042e-11
8.95025	2.940470263861078e-11
8.955	6.780796156383848e-11
8.95975	1.5356971222696694e-10
8.9645	3.415792154109008e-10
8.96925	7.46170864787301e-10
8.974	1.6008333481778334e-09
8.97875	3.3729891395844185e-09
8.9835	6.979828430156072e-09
8.988249999999999	1.4185202393086872e-08
8.993	2.8313092672394235e-08
8.99775	5.5500905518358734e-08
9.0025	1.068498241784887e-07
9.007249999999999	2.0202659280082808e-07
9.012	3.751493961116715e-07
9.01675	6.841651502860869e-07
9.0215	1.2254021272641353e-06
9.02625	2.155546003340267e-06
9.031	3.723890880461005e-06
9.03575	6.318261285682204e-06
9.0405	1.0528323032424059e-05
9.04525	1.722986227673818e-05
9.049999999999999	2.769270600178965e-05
9.05475	4.371293515546006e-05
9.0595	6.776657350904855e-05
9.06425	0.00010317680368444158
9.068999999999999	0.0001542799882659464
9.07375	0.00022656775908286438
9.0785	0.0003267740839240444
9.08325	0.00046286899101863056
9.088	0.000643916498693033
9.09275	0.0008797555257988597
9.0975	0.0011804713150929313
9.10225	0.0015556427095867994
9.107	0.0020133777379348285
9.111749999999999	0.0025591848205286016
9.1165	0.0031947657846419387
9.12125	0.003916853991130605
9.126	0.004716248990744616
9.130749999999999	0.005577210708024057
9.1355	0.00647736491215476
9.14025	0.007388234321258389
9.145	0.008276447068500201
9.14975	0.0091055924372043
9.1545	0.009838603480719386
9.15925	0.010440461414834356
9.164	0.010880952442867332
9.16875	0.0111371768557401
9.1735	0.011195520895880533
9.17825	0.011052855140024295
9.183	0.010716812588853352
9.18775	0.010205112072325844
9.192499999999999	0.009544010436421634
9.19725	0.008766071673777496
9.202	0.007907516622399866
9.20675	0.007005452527193223
9.2115	0.00609527437484238
9.21625	0.005208483707101238
9.221	0.004371095998791327
9.22575	0.0036027187843409737
9.2305	0.0029162944263379487
9.23525	0.0023184266286385403
9.24	0.0018101573556117243
9.24475	0.0013880345841392355
9.2495	0.0010453102991245919
9.254249999999999	0.0007731275622459994
9.259	0.000561588321408798
9.26375	0.00040063230330335953
9.2685	0.0002806951085406565
9.273249999999999	0.00019314555145344308
9.278	0.00013052555838538008
9.28275	8.662981646423762e-05
9.2875	5.6467714908537913e-05
9.29225	3.6148810998279377e-05
9.297	2.27273502778413e-05
9.30175	1.4033454094375389e-05
9.3065	8.510230749207192e-06
9.31125	5.068495648405099e-06
9.315999999999999	2.9646798709147933e-06
9.32075	1.7030896748520341e-06
9.3255	9.608557909516613e-07
9.33025	5.324022625687057e-07
9.334999999999999	2.8972272249374e-07
9.33975	1.5484108551825607e-07
9.3445	8.127385159848142e-08
9.34925	4.189637619794375e-08
9.354	2.1211093778880342e-08
9.35875	1.0546555737766655e-08
9.3635	5.150142253150907e-09
9.36825	2.469953528931878e-09
9.373	1.1633739212512651e-09
9.377749999999999	5.381593012159434e-10
9.3825	2.444912730540188e-10
9.38725	1.0908796937811867e-10
9.392	4.780258011048336e-11
9.396749999999999	2.0572487301624206e-11
9.4015	8.695273613704762e-12
9.40625	3.609447145216167e-12
9.411	1.4714960660324781e-12
9.41575	5.89167129237525e-13
9.4205	2.316748532933882e-13
9.42525	8.947058340624318e-14
9.43	3.3934591563303744e-14
9.43475	1.2640549921622984e-14
9.439499999999999	4.6243457163974405e-15
9.44425	1.6614818655643732e-15
9.449	5.862757098280417e-16
9.45375	2.0317449205941668e-16
9.458499999999999	6.915084040305073e-17
9.46325	2.3114626531255124e-17
9.468	7.58820413320267e-18
9.47275	2.4466474037408262e-18
9.4775	7.751404154716635e-19
9.48225	2.425242610439996e-19
9.487	7.909876735074783e-20
9.49175	4.060538369545513e-20
9.4965	6.76182765566698e-20
9.50125	1.9979651175233244e-19
9.506	6.299836327029654e-19
9.51075	1.966235207091984e-18
9.5155	6.0312637714569704e-18
9.520249999999999	1.8170608974519652e-17
9.525	5.3764309013719083e-17
9.52975	1.5623554877832374e-16
9.5345	4.458888885268653e-16
9.53925	1.2497824707161635e-15
9.544	3.440354480414403e-15
9.54875	9.301070608297075e-15
9.5535	2.469583269763836e-14
9.55825	6.439844666461632e-14
9.563	1.649256081779067e-13
9.56775	4.14822000061197e-13
9.5725	1.0246993307678188e-12
9.57725	2.4859483927521156e-12
9.581999999999999	5.923095695294586e-12
9.58675	1.3860100346223589e-11
9.5915	3.185260708348628e-11
9.59625	7.18926643450273e-11
9.600999999999999	1.5936214179467585e-10
9.60575	3.469338867592758e-10
9.6105	7.417700086436783e-10
9.61525	1.557588753646343e-09
9.62	3.2121611136435933e-09
9.62475	6.505831670419747e-09
9.6295	1.2941043855843435e-08
9.63425	2.5281147370514e-08
9.639	4.850485784792747e-08
9.643749999999999	9.139757576417484e-08
9.6485	1.6913952309125574e-07
9.65325	3.0740895273610136e-07
9.658	5.487176194105885e-07
9.662749999999999	9.619273756613946e-07
9.6675	1.6561384801710064e-06
9.67225	2.8003479456336076e-06
9.677	4.650378786567079e-06
9.68175	7.584477130558226e-06
9.6865	1.21485360857574e-05
9.69125	1.9110992169300302e-05
9.696	2.9525924550729777e-05
9.70075	4.4800696033324596e-05
9.705499999999999	6.676164077832736e-05
9.71025	9.770802313195251e-05
9.715	0.00014044116909177562
9.71975	0.0001982529371437699
9.724499999999999	0.000274856371495851
9.72925	0.00037424238501015104
9.734	0.0005004504914888866
9.73875	0.0006572494821847528
9.7435	0.0008477354991505721
9.74825	0.0010738694102806502
9.753	0.0013359910777700152
9.75775	0.00163236257313203
9.7625	0.0019588026559979503
9.76725	0.0023084779165592493
9.772	0.002671909530555866
9.77675	0.0030372375352231517
9.7815	0.0033907576662081797
9.786249999999999	0.0037177118939627045
9.791	0.004003277484630747
9.79575	0.004233666475822313
9.8005	0.004397223841919175
9.80525	0.004485403225300789
9.81	0.0044935066892986065
9.81475	0.00442109939373938
9.8195	0.004272048253018229
9.82425	0.0040541797938049755
9.829	0.003778599342973977
9.83375	0.0034587539590855737
9.8385	0.003109349053653229
9.84325	0.0027452397088473406
9.847999999999999	0.0023804115592212676
9.85275	0.002027144995089679
9.8575	0.0016954249150763414
9.86225	0.001392622133115789
9.866999999999999	0.001123437741998539
9.87175	0.0008900731726064711
9.8765	0.0006925695565980918
9.88125	0.0005292514637717367
9.886	0.0003972114171170056
9.89075	0.0002927806447066848
9.8955	0.00021194539606356723
9.90025	0.00015068381118757716
9.905	0.00010521319032470131
9.909749999999999	7.214973957782886e-05
9.9145	4.859150278271521e-05
9.91925	3.2140074418617604e-05
9.924	2.0878265210164846e-05
9.928749999999999	1.3319960181867164e-05
9.9335	8.345885607077487e-06
9.93825	5.135738632378603e-06
9.943	3.1038046820952595e-06
9.94775	1.8422426772431743e-06
9.9525	1.0738911874803773e-06
9.95725	6.148011946059435e-07
9.962	3.45676703311234e-07
9.96675	1.9088267166658994e-07
9.971499999999999	1.0351990936767631e-07
9.97625	5.513688754833639e-08
9.981	2.8841749461339374e-08
9.98575	1.4817057505643873e-08
9.990499999999999	7.47589997813764e-09
9.99525	3.704477242190542e-09
