   1    1   0.00000    5.24580    10.00 100.00      0.00000  -0.00000   0.00000 
   2    2   0.07170    6.24600    10.00 100.00     -0.00000   0.68450  -0.00000 
   3    3   0.02060    7.03340    10.00 100.00      0.00000   0.34570   0.00000 
   4    4   0.05000    7.17230    10.00 100.00     -0.00000  -0.00000  -0.53320 
   5    5   0.00000    7.75470    10.00 100.00      0.00000   0.00000   0.00000 
   6    6   0.25870   10.12090    10.00 100.00     -0.00000   1.02130  -0.00000 
   7    7   0.00880   10.56410    10.00 100.00      0.00000  -0.18400  -0.00000 
   8    8   0.00270   11.54570    10.00 100.00      0.00000   0.00000  -0.09860 
   9    9   0.00000   11.63440    10.00 100.00     -0.00000   0.00000  -0.00000 
  10   10   0.11780   12.09490    10.00 100.00      0.00000  -0.00000  -0.63050 
  11   11   0.00030   12.14240    10.00 100.00     -0.03360  -0.00000  -0.00000 
  12   12   0.04130   12.99930    10.00 100.00      0.00000  -0.35990  -0.00000 
  13   13   0.01540   13.13010    10.00 100.00     -0.00000   0.00000  -0.21860 
  14   14   0.03990   13.21680    10.00 100.00     -0.35090   0.00000  -0.00000 
  15   15   0.00000   13.64140    10.00 100.00     -0.00000  -0.00000   0.00000 
  16   16   0.34050   13.72760    10.00 100.00      0.00000  -0.00000   1.00620 
  17   17   0.04400   13.91730    10.00 100.00      0.00000  -0.35920   0.00000 
  18   18   0.01430   14.02890    10.00 100.00     -0.00000  -0.00000  -0.20410 
  19   19   0.00000   14.09290    10.00 100.00     -0.00000   0.00000  -0.00000 
  20   20   0.01690   14.09580    10.00 100.00      0.22110   0.00000  -0.00000 
  21   21   0.02530   14.60050    10.00 100.00     -0.26580   0.00000   0.00000 
  22   22   0.08290   14.82010    10.00 100.00      0.00000  -0.47790  -0.00000 
  23   23   0.13110   15.10300    10.00 100.00      0.00000  -0.00000  -0.59520 
  24   24   0.01890   15.31200    10.00 100.00      0.00000  -0.22440  -0.00000 
  25   25   0.13320   15.60560    10.00 100.00     -0.59030  -0.00000  -0.00000 
  26   26   0.01400   15.69400    10.00 100.00     -0.00000   0.19070   0.00000 
  27   27   0.04280   15.79930    10.00 100.00      0.00000   0.00000  -0.33260 
  28   28   0.00530   16.24410    10.00 100.00     -0.00000  -0.00000   0.11560 
  29   29   0.00000   16.31650    10.00 100.00     -0.00000  -0.00000   0.00000 
  30   30   0.00240   16.55470    10.00 100.00      0.00000   0.00000  -0.07620 
state state   Osc.      E(eV)      dum   dum        TrDx      TrDy       TrDz 
