   1    1   0.10590    5.33470    10.00 100.00     -0.00000  -0.90030   0.00000 
   2    2   0.00000    5.48920    10.00 100.00      0.00000  -0.00000  -0.00000 
   3    3   0.02770    6.17340    10.00 100.00      0.00000  -0.42780  -0.00000 
   4    4   0.02500    6.31980    10.00 100.00      0.00000   0.00000  -0.40200 
   5    5   0.00000    7.73880    10.00 100.00      0.00000  -0.00000  -0.00000 
   6    6   0.11490    9.43620    10.00 100.00     -0.00000   0.70510  -0.00000 
   7    7   0.29970    9.76250    10.00 100.00     -0.00000   1.11930  -0.00000 
   8    8   0.00030   10.26700    10.00 100.00     -0.00000  -0.00000   0.03680 
   9    9   0.00000   10.66040    10.00 100.00     -0.00000   0.00000  -0.00000 
  10   10   0.03850   11.64390    10.00 100.00     -0.00000  -0.36740   0.00000 
  11   11   0.25740   12.19100    10.00 100.00      0.00000  -0.00000  -0.92830 
  12   12   0.00580   14.19440    10.00 100.00      0.00000  -0.00000   0.12920 
  13   13   0.00540   14.35050    10.00 100.00     -0.12380  -0.00000   0.00000 
  14   14   0.01400   14.43280    10.00 100.00     -0.00000   0.19880  -0.00000 
  15   15   0.04330   15.01980    10.00 100.00     -0.00000  -0.34310   0.00000 
  16   16   0.06000   15.09190    10.00 100.00     -0.00000   0.00000  -0.40290 
  17   17   0.01310   15.36970    10.00 100.00      0.00000   0.00000  -0.18650 
  18   18   0.11540   15.49520    10.00 100.00     -0.55130   0.00000  -0.00000 
  19   19   0.09390   16.09270    10.00 100.00      0.00000  -0.00000  -0.48810 
  20   20   0.00340   16.09720    10.00 100.00     -0.00000  -0.09220   0.00000 
  21   21   0.09280   16.60310    10.00 100.00      0.47760  -0.00000  -0.00000 
  22   22   0.01040   16.94540    10.00 100.00      0.15840  -0.00000  -0.00000 
  23   23   0.00530   17.52210    10.00 100.00     -0.00000  -0.00000  -0.11080 
  24   24   0.05000   17.61220    10.00 100.00      0.00000   0.00000   0.34040 
  25   25   0.00000   17.86350    10.00 100.00     -0.00000   0.00000   0.00000 
  26   26   0.00810   17.89390    10.00 100.00      0.13570  -0.00000  -0.00000 
  27   27   0.04660   17.99380    10.00 100.00     -0.00000   0.32510   0.00000 
  28   28   0.00000   18.12980    10.00 100.00     -0.00000   0.00000  -0.00000 
  29   29   0.09260   18.18030    10.00 100.00     -0.45600  -0.00000  -0.00000 
  30   30   0.04760   18.27560    10.00 100.00     -0.00000  -0.00000   0.32600 
state state   Osc.      E(eV)      dum   dum        TrDx      TrDy       TrDz 
