    #         X           Y           Z        CHARGE     ATOM    DISTANCE
  -------------------------------------------------------------------------
    1      4.5395     -2.3676     -0.3066      0.0033      11      0.4614
    2      4.5395      2.3677     -0.3066      0.0074      12      0.4611
    3     -3.0549      2.6308     -0.4598      0.0019       1      0.6900
    4     -3.6624     -2.1046      0.3064      0.0095      13      0.4216
    5     -3.6624      2.1046      0.3064      0.0047       1      0.4214
    6     -0.6246     -2.1046     -0.3066      0.0050       4      0.4102
    7     -0.6246      2.1046     -0.3066      0.0052       2      0.4103
    8      3.6282      0.0000     -0.3066      0.0063      10      0.5086
  -------------------------------------------------------------------------
