0 0 0.0 -0.0 -0.534458
0 1 -0.0 0.0 0.0
0 2 0.0 0.64611 -0.0
0 3 -0.0 0.3417438 0.0
0 4 0.0 0.0 -0.5397282
0 5 -0.0 -0.0 -0.0
0 6 0.0 0.9758344 0.0
0 7 -0.0 -0.1261519 -0.0
0 8 0.0 0.0 -0.1221589
0 9 -0.0104316 0.0 0.0
0 10 0.0 -0.0 0.0
0 11 0.0 0.0 -0.4562926
0 12 -0.3590132 -0.0 -0.0
0 13 -0.0 -0.0 -0.4495366
0 14 -0.0 0.0 -0.0
0 15 -0.0 -0.3612471 -0.0
0 16 0.0 0.0 1.0860631
0 17 0.2430504 -0.0 -0.0
0 18 0.0 0.0 -0.0
0 19 -0.0 -0.3576201 0.0
0 20 0.0 0.0 0.1003216
0 21 -0.2739955 0.0 -0.0
0 22 0.0 -0.4989769 0.0
0 23 0.0 -0.0 -0.5941813
0 24 -0.0 0.171202 -0.0
0 25 0.0 -0.2594369 -0.0
0 26 -0.4596655 -0.0 -0.0
0 27 -0.0 0.0 -0.3168908
0 28 0.0 0.0 0.0
0 29 0.0 0.0 0.0272257
0 30 0.6004837 -0.0 -0.0
1 1 -0.0 -0.0 -0.201069
1 2 -1.1816367 -0.0 0.0
1 3 -0.0346888 0.0 0.0
1 4 0.0 -0.0 0.0
1 5 -0.0 -0.0 0.5671789
1 6 0.8666257 0.0 0.0
1 7 0.5442299 0.0 -0.0
1 8 -0.0 0.0 0.0
1 9 0.0 -0.094705 0.0
1 10 0.0 0.0 -0.2324772
1 11 -0.0 -0.0 -0.0
1 12 0.0 -0.0283822 0.0
1 13 -0.0 -0.0 -0.0
1 14 -0.0 0.0 1.2177286
1 15 0.4268666 0.0 0.0
1 16 0.0 0.0 0.0
1 17 -0.0 -0.0629394 0.0
1 18 -0.0 -0.0 -0.0646262
1 19 -0.0216377 -0.0 -0.0
1 20 -0.0 -0.0 -0.0
1 21 0.0 0.0857752 0.0
1 22 -0.0247583 -0.0 -0.0
1 23 -0.0 -0.0 0.0
1 24 0.0007444 0.0 0.0
1 25 -0.1174758 0.0 0.0
1 26 -0.0 -0.8073852 0.0
1 27 -0.0 -0.0 0.0
1 28 0.0 -0.0 0.0461224
1 29 0.0 0.0 -0.0
1 30 -0.0 0.4493602 0.0
2 2 -0.0 -0.0 1.062919
2 3 0.0 0.0 2.6469419
2 4 -0.0 -2.9872806 0.0
2 5 -2.7780041 0.0 0.0
2 6 -0.0 0.0 -0.2033319
2 7 -0.0 -0.0 -0.2207586
2 8 -0.0 -0.4004042 0.0
2 9 -0.0 -0.0 -0.0
2 10 0.5428609 -0.0 0.0
2 11 0.0 0.368289 0.0
2 12 0.0 0.0 0.0
2 13 0.0 -0.0100354 0.0
2 14 -0.0455602 0.0 -0.0
2 15 -0.0 -0.0 0.2732088
2 16 -0.0 0.0469471 -0.0
2 17 0.0 0.0 0.0
2 18 -0.004143 0.0 -0.0
2 19 0.0 0.0 0.033571
2 20 0.0 -0.1113563 0.0
2 21 0.0 0.0 -0.0
2 22 0.0 -0.0 1.1831649
2 23 0.0 0.1146388 0.0
2 24 -0.0 -0.0 -0.1077694
2 25 -0.0 -0.0 -0.7141154
2 26 0.0 -0.0 -0.0
2 27 0.0 0.3411157 0.0
2 28 -0.0161364 0.0 -0.0
2 29 -0.0 0.3945115 -0.0
2 30 0.0 -0.0 0.0
3 3 -0.0 -0.0 -0.406498
3 4 0.0 1.0118534 -0.0
3 5 0.8392143 0.0 -0.0
3 6 0.0 0.0 -0.8600479
3 7 -0.0 -0.0 2.1765769
3 8 0.0 -1.7418779 -0.0
3 9 0.0 0.0 0.0
3 10 1.5844049 0.0 0.0
3 11 0.0 0.1814569 0.0
3 12 -0.0 0.0 -0.0
3 13 0.0 -0.2562038 0.0
3 14 -0.1086 -0.0 -0.0
3 15 -0.0 -0.0 0.3057005
3 16 -0.0 0.7155258 -0.0
3 17 0.0 0.0 0.0
3 18 -0.0059793 -0.0 0.0
3 19 0.0 -0.0 -0.0369644
3 20 0.0 -0.462635 -0.0
3 21 -0.0 0.0 0.0
3 22 0.0 0.0 0.0256841
3 23 0.0 -0.2037802 0.0
3 24 -0.0 -0.0 1.1673687
3 25 -0.0 -0.0 -0.4622948
3 26 -0.0 -0.0 -0.0
3 27 -0.0 0.0418053 0.0
3 28 0.0009637 -0.0 -0.0
3 29 0.0 0.083688 -0.0
3 30 -0.0 -0.0 0.0
4 4 0.0 0.0 -0.176526
4 5 0.0 0.0 -0.0
4 6 0.0 -0.2320661 -0.0
4 7 0.0 0.0198899 0.0
4 8 -0.0 -0.0 1.6895743
4 9 -0.0118653 -0.0 -0.0
4 10 0.0 0.0 0.0
4 11 -0.0 0.0 -0.5714017
4 12 -0.03105 0.0 -0.0
4 13 0.0 -0.0 0.1326564
4 14 -0.0 -0.0 -0.0
4 15 -0.0 1.3672119 0.0
4 16 -0.0 0.0 -0.5185877
4 17 0.015821 0.0 0.0
4 18 0.0 0.0 0.0
4 19 0.0 -0.1595725 -0.0
4 20 0.0 -0.0 0.3369312
4 21 -0.0376728 0.0 0.0
4 22 0.0 0.0100413 0.0
4 23 -0.0 -0.0 -0.1952585
4 24 0.0 0.0976802 0.0
4 25 -0.0 0.4900979 -0.0
4 26 0.0087726 0.0 0.0
4 27 -0.0 -0.0 1.114431
4 28 -0.0 -0.0 -0.0
4 29 0.0 0.0 -0.1337433
4 30 0.0222848 0.0 -0.0
5 5 -0.0 -0.0 -0.345212
5 6 1.7357389 0.0 -0.0
5 7 0.3764594 -0.0 0.0
5 8 -0.0 0.0 -0.0
5 9 0.0 -0.0028921 0.0
5 10 0.0 0.0 -1.7221951
5 11 -0.0 0.0 -0.0
5 12 0.0 0.0038198 -0.0
5 13 -0.0 0.0 -0.0
5 14 -0.0 -0.0 0.0877151
5 15 1.0186749 0.0 0.0
5 16 0.0 -0.0 0.0
5 17 0.0 0.0138064 0.0
5 18 0.0 0.0 0.0059749
5 19 -0.0310093 -0.0 -0.0
5 20 -0.0 0.0 -0.0
5 21 0.0 -0.0835429 0.0
5 22 -0.0318326 -0.0 -0.0
5 23 -0.0 0.0 -0.0
5 24 0.0410906 0.0 0.0
5 25 0.0957809 0.0 0.0
5 26 -0.0 -0.1222638 0.0
5 27 -0.0 0.0 0.0
5 28 0.0 0.0 1.2134189
5 29 0.0 -0.0 -0.0
5 30 0.0 0.2329092 0.0
6 6 0.0 0.0 1.468706
6 7 0.0 -0.0 -0.1763548
6 8 0.0 -0.7593316 -0.0
6 9 -0.0 -0.0 -0.0
6 10 -0.5052093 0.0 -0.0
6 11 -0.0 -1.5086847 0.0
6 12 0.0 -0.0 0.0
6 13 -0.0 -0.2474559 -0.0
6 14 0.0600995 -0.0 0.0
6 15 0.0 -0.0 -0.2601789
6 16 0.0 0.7968883 0.0
6 17 -0.0 0.0 0.0
6 18 0.0022109 -0.0 -0.0
6 19 -0.0 0.0 -0.0109584
6 20 -0.0 -0.3140772 -0.0
6 21 0.0 0.0 -0.0
6 22 -0.0 0.0 0.02829
6 23 -0.0 -0.1639455 -0.0
6 24 0.0 -0.0 0.1763308
6 25 -0.0 -0.0 0.6739682
6 26 0.0 0.0 0.0
6 27 -0.0 -0.0803234 -0.0
6 28 0.0058958 -0.0 -0.0
6 29 0.0 -0.0484366 0.0
6 30 -0.0 0.0 0.0
7 7 -0.0 0.0 -3.321364
7 8 -0.0 -0.0003342 0.0
7 9 0.0 -0.0 -0.0
7 10 0.0096362 -0.0 -0.0
7 11 0.0 0.061285 -0.0
7 12 -0.0 -0.0 -0.0
7 13 0.0 0.0354032 0.0
7 14 -0.0059637 0.0 0.0
7 15 0.0 0.0 -0.1403409
7 16 -0.0 -0.0876014 -0.0
7 17 -0.0 0.0 0.0
7 18 0.0014965 0.0 -0.0
7 19 -0.0 0.0 0.0186238
7 20 0.0 0.0306082 0.0
7 21 0.0 0.0 -0.0
7 22 -0.0 -0.0 -0.0067869
7 23 0.0 0.0705373 0.0
7 24 0.0 0.0 0.0126688
7 25 0.0 0.0 0.2665788
7 26 -0.0 0.0 0.0
7 27 0.0 0.0351567 0.0
7 28 -0.0129558 0.0 0.0
7 29 -0.0 -0.0339589 -0.0
7 30 0.0 -0.0 -0.0
8 8 -0.0 -0.0 -0.502619
8 9 -0.0115582 0.0 -0.0
8 10 -0.0 0.0 -0.0
8 11 -0.0 -0.0 1.1746187
8 12 -0.6237942 -0.0 0.0
8 13 0.0 -0.0 -0.0953322
8 14 -0.0 -0.0 0.0
8 15 -0.0 0.4527053 0.0
8 16 -0.0 0.0 0.4894189
8 17 0.0804853 0.0 0.0
8 18 0.0 -0.0 -0.0
8 19 -0.0 -0.3657971 0.0
8 20 0.0 0.0 0.025269
8 21 -0.2613618 0.0 -0.0
8 22 0.0 -0.0203509 0.0
8 23 -0.0 -0.0 0.0766639
8 24 0.0 0.0604702 0.0
8 25 -0.0 0.4447916 0.0
8 26 0.2809038 0.0 0.0
8 27 -0.0 0.0 0.0299218
8 28 0.0 -0.0 -0.0
8 29 -0.0 0.0 0.0449052
8 30 0.4105628 0.0 -0.0
9 9 0.0 -0.0 1.134476
9 10 -0.0 0.0303688 -0.0
9 11 -0.0077137 0.0 -0.0
9 12 0.0 0.0 0.0771221
9 13 -1.1091199 -0.0 0.0
9 14 -0.0 0.3960368 -0.0
9 15 -0.0 -0.0 -0.0
9 16 -0.4943057 -0.0 -0.0
9 17 -0.0 -0.0 -0.1651282
9 18 0.0 -0.0097812 -0.0
9 19 0.0 -0.0 0.0
9 20 0.1864808 0.0 0.0
9 21 -0.0 -0.0 0.6711091
9 22 -0.0 0.0 0.0
9 23 -0.0034209 0.0 0.0
9 24 -0.0 -0.0 -0.0
9 25 0.0 -0.0 0.0
9 26 0.0 0.0 -0.9454218
9 27 -0.0912962 -0.0 0.0
9 28 -0.0 0.0248541 0.0
9 29 0.8719695 0.0 0.0
9 30 -0.0 0.0 0.4773745
10 10 -0.0 -0.0 -1.544961
10 11 -0.0 -0.0 -0.0
10 12 -0.0 -0.0218951 0.0
10 13 -0.0 -0.0 -0.0
10 14 0.0 0.0 0.100186
10 15 -1.4311919 0.0 -0.0
10 16 0.0 0.0 0.0
10 17 0.0 0.0043426 -0.0
10 18 -0.0 0.0 0.0185177
10 19 0.0666142 -0.0 0.0
10 20 -0.0 0.0 -0.0
10 21 0.0 0.014781 -0.0
10 22 -0.106387 -0.0 0.0
10 23 -0.0 -0.0 -0.0
10 24 -0.0852603 0.0 0.0
10 25 -0.9554118 0.0 0.0
10 26 0.0 0.0696462 -0.0
10 27 0.0 -0.0 0.0
10 28 0.0 0.0 0.0390555
10 29 -0.0 0.0 -0.0
10 30 0.0 -0.0594859 -0.0
11 11 -0.0 -0.0 -0.404321
11 12 -0.3642769 -0.0 0.0
11 13 0.0 -0.0 0.1415706
11 14 0.0 -0.0 0.0
11 15 -0.0 -1.7902303 -0.0
11 16 -0.0 0.0 0.021486
11 17 -0.0018229 0.0 0.0
11 18 -0.0 -0.0 -0.0
11 19 0.0 -0.0719493 0.0
11 20 0.0 -0.0 0.1558191
11 21 -0.1108805 0.0 -0.0
11 22 0.0 -0.0035228 0.0
11 23 -0.0 -0.0 0.1517087
11 24 -0.0 -0.1052977 0.0
11 25 -0.0 -0.9964314 0.0
11 26 0.1836271 -0.0 0.0
11 27 -0.0 0.0 0.0317401
11 28 0.0 -0.0 -0.0
11 29 -0.0 0.0 0.0159047
11 30 0.2490007 -0.0 -0.0
12 12 -0.0 -0.0 1.681314
12 13 1.133989 0.0 -0.0
12 14 -0.0 -0.1526376 0.0
12 15 0.0 -0.0 -0.0
12 16 -1.175659 0.0 -0.0
12 17 0.0 0.0 2.6348918
12 18 -0.0 -3.0069251 0.0
12 19 0.0 -0.0 -0.0
12 20 0.9199613 -0.0 0.0
12 21 0.0 0.0 0.1249319
12 22 0.0 -0.0 -0.0
12 23 -2.0944045 0.0 -0.0
12 24 0.0 0.0 0.0
12 25 -0.0 0.0 0.0
12 26 -0.0 0.0 -0.4006941
12 27 -0.4623254 -0.0 -0.0
12 28 0.0 0.0150734 -0.0
12 29 0.0037086 -0.0 -0.0
12 30 -0.0 0.0 -0.0819657
13 13 0.0 -0.0 1.757669
13 14 0.0 0.0 0.0
13 15 -0.0 -0.2394739 0.0
13 16 0.0 0.0 1.5342887
13 17 0.0839597 -0.0 0.0
13 18 -0.0 0.0 0.0
13 19 -0.0 -2.6397528 0.0
13 20 -0.0 0.0 1.8626991
13 21 -2.4225254 0.0 0.0
13 22 -0.0 0.5309116 -0.0
13 23 0.0 0.0 0.068036
13 24 -0.0 -0.0443687 0.0
13 25 -0.0 -0.0595553 0.0
13 26 -0.6158923 -0.0 -0.0
13 27 -0.0 -0.0 0.3762551
13 28 -0.0 0.0 0.0
13 29 -0.0 0.0 0.1825668
13 30 -0.4671428 0.0 0.0
14 14 -0.0 -0.0 -0.1969
14 15 0.1205515 -0.0 0.0
14 16 -0.0 -0.0 -0.0
14 17 0.0 0.0453519 -0.0
14 18 -0.0 0.0 0.0814528
14 19 -0.011588 0.0 -0.0
14 20 0.0 0.0 0.0
14 21 0.0 -0.0683921 0.0
14 22 -1.0473696 -0.0 0.0
14 23 0.0 0.0 0.0
14 24 0.0439776 0.0 0.0
14 25 0.0667916 -0.0 0.0
14 26 -0.0 0.5450067 -0.0
14 27 0.0 -0.0 0.0
14 28 -0.0 0.0 0.6062971
14 29 -0.0 -0.0 -0.0
14 30 0.0 -0.337674 -0.0
15 15 0.0 0.0 -2.485196
15 16 0.0 0.3060255 -0.0
15 17 0.0 0.0 0.0
15 18 0.016399 -0.0 -0.0
15 19 -0.0 -0.0 0.1444252
15 20 -0.0 -0.0639563 0.0
15 21 0.0 0.0 -0.0
15 22 0.0 -0.0 -0.0495006
15 23 -0.0 -0.1485496 0.0
15 24 0.0 0.0 -0.0378956
15 25 0.0 0.0 -0.3984953
15 26 -0.0 0.0 0.0
15 27 -0.0 -0.0494119 0.0
15 28 -0.0028125 -0.0 0.0
15 29 0.0 0.0361141 -0.0
15 30 0.0 0.0 -0.0
16 16 0.0 0.0 2.20374
16 17 0.1741321 0.0 -0.0
16 18 0.0 -0.0 -0.0
16 19 -0.0 -1.0902013 0.0
16 20 0.0 0.0 0.6952654
16 21 -0.8890297 0.0 -0.0
16 22 -0.0 0.1316715 0.0
16 23 -0.0 0.0 0.5697968
16 24 0.0 0.0419931 -0.0
16 25 0.0 0.0536195 -0.0
16 26 0.5116219 -0.0 0.0
16 27 0.0 0.0 0.4804386
16 28 0.0 -0.0 -0.0
16 29 -0.0 0.0 -0.2013588
16 30 0.8058751 -0.0 -0.0
17 17 -0.0 -0.0 0.448695
17 18 0.0 0.814413 -0.0
17 19 -0.0 -0.0 0.0
17 20 0.1350054 -0.0 -0.0
17 21 -0.0 -0.0 -0.0133005
17 22 0.0 -0.0 -0.0
17 23 0.8786644 0.0 -0.0
17 24 0.0 -0.0 -0.0
17 25 -0.0 0.0 0.0
17 26 0.0 0.0 -0.3916701
17 27 0.2375394 -0.0 -0.0
17 28 -0.0 0.009881 0.0
17 29 -0.1395985 -0.0 -0.0
17 30 0.0 0.0 -1.0749614
18 18 -0.0 0.0 0.760745
18 19 0.2849777 0.0 -0.0
18 20 -0.0 0.0 0.0
18 21 0.0 0.0763427 -0.0
18 22 0.0515216 0.0 0.0
18 23 0.0 0.0 -0.0
18 24 0.0017395 -0.0 -0.0
18 25 0.0178226 0.0 0.0
18 26 -0.0 -0.0878369 -0.0
18 27 0.0 -0.0 -0.0
18 28 0.0 0.0 -0.0677025
18 29 -0.0 0.0 0.0
18 30 0.0 -0.1574942 -0.0
19 19 0.0 0.0 1.298214
19 20 0.0 1.3161986 -0.0
19 21 0.0 0.0 -0.0
19 22 -0.0 -0.0 -0.013307
19 23 0.0 0.1305312 -0.0
19 24 0.0 0.0 0.1028432
19 25 -0.0 -0.0 -0.0526884
19 26 0.0 0.0 -0.0
19 27 -0.0 0.300098 0.0
19 28 -0.0687916 0.0 -0.0
19 29 0.0 -0.2095496 -0.0
19 30 0.0 0.0 0.0
20 20 0.0 -0.0 0.367877
20 21 1.2332523 0.0 0.0
20 22 -0.0 -0.0069276 -0.0
20 23 0.0 -0.0 -0.2183887
20 24 -0.0 0.4495451 0.0
20 25 -0.0 -0.0187259 0.0
20 26 -0.3996144 0.0 -0.0
20 27 0.0 -0.0 -0.0760364
20 28 -0.0 0.0 0.0
20 29 0.0 0.0 -0.6311463
20 30 -0.4600864 0.0 0.0
21 21 0.0 -0.0 0.936673
21 22 -0.0 -0.0 0.0
21 23 0.4236591 0.0 -0.0
21 24 0.0 -0.0 -0.0
21 25 -0.0 0.0 0.0
21 26 0.0 -0.0 0.0236483
21 27 -0.076859 -0.0 -0.0
21 28 -0.0 0.4013093 -0.0
21 29 1.4853891 0.0 -0.0
21 30 -0.0 -0.0 0.068948
22 22 -0.0 -0.0 1.334869
22 23 -0.0 0.7958922 -0.0
22 24 0.0 0.0 2.5649724
22 25 0.0 -0.0 -0.2973278
22 26 0.0 0.0 0.0
22 27 -0.0 -2.8870062 0.0
22 28 -2.7143314 0.0 0.0
22 29 0.0 0.0406025 -0.0
22 30 -0.0 -0.0 -0.0
23 23 -0.0 -0.0 -0.068093
23 24 -0.0 -0.1254008 0.0
23 25 -0.0 -0.0053228 -0.0
23 26 0.7792801 0.0 -0.0
23 27 -0.0 -0.0 -0.125356
23 28 -0.0 -0.0 0.0
23 29 -0.0 -0.0 -0.0877801
23 30 0.9133491 0.0 -0.0
24 24 -0.0 -0.0 -0.507988
24 25 0.0 0.0 0.2533018
24 26 -0.0 0.0 0.0
24 27 -0.0 0.9232344 -0.0
24 28 1.0149629 0.0 -0.0
24 29 0.0 -0.1964287 0.0
24 30 0.0 -0.0 -0.0
25 25 0.0 0.0 1.640003
25 26 -0.0 -0.0 0.0
25 27 -0.0 0.0362099 0.0
25 28 -0.1365954 -0.0 0.0
25 29 0.0 0.1128109 -0.0
25 30 0.0 0.0 0.0
26 26 -0.0 0.0 0.035994
26 27 0.5237794 0.0 -0.0
26 28 0.0 0.1250294 0.0
26 29 0.8049355 -0.0 -0.0
26 30 0.0 0.0 1.3014013
27 27 0.0 0.0 0.133575
27 28 0.0 0.0 -0.0
27 29 -0.0 -0.0 0.0784123
27 30 -0.178529 0.0 -0.0
28 28 -0.0 -0.0 -0.152427
28 29 -0.0 -0.0 -0.0
28 30 0.0 -0.1476367 0.0
29 29 0.0 0.0 2.425924
29 30 -0.3690462 0.0 -0.0
30 30 -0.0 0.0 1.411334
