   1    1   0.00000    5.36890    10.00 100.00      0.00000   0.00000   0.00000 
   2    2   0.07720    6.12420    10.00 100.00     -0.00000   0.71710   0.00000 
   3    3   0.02100    6.91110    10.00 100.00      0.00000   0.35180  -0.00000 
   4    4   0.04740    7.04920    10.00 100.00     -0.00000  -0.00000  -0.52400 
   5    5   0.00000    7.68350    10.00 100.00      0.00000   0.00000   0.00000 
   6    6   0.27240   10.05420    10.00 100.00     -0.00000   1.05150   0.00000 
   7    7   0.01740   10.42030    10.00 100.00     -0.00000   0.26130  -0.00000 
   8    8   0.00040   11.41990    10.00 100.00     -0.00000   0.00000   0.04000 
   9    9   0.00000   11.50240    10.00 100.00     -0.00000  -0.00000  -0.00000 
  10   10   0.16100   12.10380    10.00 100.00      0.00000   0.00000  -0.73680 
  11   11   0.00100   12.55390    10.00 100.00     -0.05660  -0.00000  -0.00000 
  12   12   0.04050   12.82400    10.00 100.00      0.00000  -0.35920   0.00000 
  13   13   0.00230   13.34110    10.00 100.00     -0.00000   0.00000  -0.08450 
  14   14   0.04000   13.68870    10.00 100.00     -0.34540  -0.00000  -0.00000 
  15   15   0.23260   13.98380    10.00 100.00      0.00000   0.00000   0.82400 
  16   16   0.04420   14.08550    10.00 100.00     -0.00000  -0.35770   0.00000 
  17   17   0.00000   14.25060    10.00 100.00     -0.00000  -0.00000   0.00000 
  18   18   0.06820   14.38110    10.00 100.00      0.00000   0.00000   0.44000 
  19   19   0.00000   14.56500    10.00 100.00     -0.00000  -0.00000   0.00000 
  20   20   0.01630   14.56770    10.00 100.00      0.21360   0.00000  -0.00000 
  21   21   0.02070   14.83840    10.00 100.00     -0.23850   0.00000   0.00000 
  22   22   0.09670   15.18910    10.00 100.00     -0.00000  -0.50980  -0.00000 
  23   23   0.00030   15.21610    10.00 100.00     -0.00000   0.02670   0.00000 
  24   24   0.13970   15.56350    10.00 100.00      0.00000  -0.00000  -0.60520 
  25   25   0.15950   15.68660    10.00 100.00     -0.64410   0.00000  -0.00000 
  26   26   0.00660   15.92110    10.00 100.00     -0.00000  -0.00000   0.12970 
  27   27   0.01180   16.07230    10.00 100.00      0.00000   0.17290   0.00000 
  28   28   0.02300   16.45500    10.00 100.00      0.00000  -0.00000   0.23890 
  29   29   0.08430   16.64960    10.00 100.00      0.00000  -0.00000   0.45450 
  30   30   0.00590   16.69270    10.00 100.00     -0.00000  -0.11960   0.00000 
state state   Osc.      E(eV)      dum   dum        TrDx      TrDy       TrDz 
