-3.010518905315199845e+03
-3.010432415829175625e+03
-3.010420758950073377e+03
-3.010420420856480177e+03
-3.010409895855928880e+03
-3.010384274241458570e+03
-3.010376373141184558e+03
-3.010342052966551819e+03
-3.010336536896081270e+03
-3.010333016312796644e+03
-3.010331006125889417e+03
-3.010308056185790974e+03
-3.010306696461557749e+03
-3.010296950546242897e+03
-3.010282081778005704e+03
-3.010276911150989235e+03
-3.010276657580794563e+03
-3.010273864633720677e+03
-3.010258959116180449e+03
-3.010254222130946346e+03
-3.010252531662980346e+03
-3.010250888969109383e+03
-3.010248040898080490e+03
-3.010246387179418434e+03
-3.010240951957416200e+03
-3.010238350106721100e+03
-3.010231033320374081e+03
-3.010228295497256113e+03
-3.010225046858817677e+03
-3.010217454452693801e+03
-3.010210126641555689e+03
-3.010208336950470311e+03
-3.010204919265235276e+03
-3.010203155298662750e+03
-3.010201189210919893e+03
-3.010200810693092990e+03
-3.010197602478888712e+03
-3.010196268479167884e+03
-3.010193262386133483e+03
-3.010188352679172112e+03
-3.010181914201181371e+03
-3.010177724780570770e+03
-3.010177610857729633e+03
-3.010175130279736550e+03
-3.010171216478903261e+03
-3.010169290815394561e+03
-3.010168816749378038e+03
-3.010167806143529106e+03
-3.010161731483643962e+03
-3.010160643704257382e+03
-3.010158854013172004e+03
