 Ground state dipole moment in X,Y,Z:    0.000000    0.000000   -1.587551 a.u.

 Transition dipole moment between ground state (0) and excited states (a.u.)
     i     j         X             Y             Z        Diff.(eV)   Oscil.str
     0     1     0.0000000     0.0000000     0.0000000     1.51230     0.00000
     0     2     0.0000000     0.0000000     0.6755143     3.96160     0.04429
     0     3     0.0899771     0.0000000     0.0000000     4.41930     0.00088
     0     4    -0.0000000    -0.2058557     0.0000000     4.57140     0.00475
     0     5    -0.2396721     0.0000000     0.0000000     5.46180     0.00769
     0     6    -0.0000000    -0.0974904    -0.0000000     6.93290     0.00161
     0     7    -0.0000000    -0.0000000    -0.0000000     7.09240     0.00000
     0     8    -0.6318165     0.0000000     0.0000000     7.58810     0.07421
     0     9    -0.0000000    -0.0000000    -0.2863125     8.02430     0.01612
     0    10    -0.0000000    -0.0000000     0.0000000     8.58360     0.00000
     0    11    -0.0000000    -0.3924242    -0.0000000     8.61250     0.03249
     0    12    -0.0000000    -0.0000000     0.0000000     8.66070     0.00000
     0    13    -0.0000000     0.0000000     0.5090005     9.25000     0.05871
     0    14    -0.3637658     0.0000000    -0.0000000     9.32270     0.03022
     0    15    -0.0000000     0.0000000    -1.0540089     9.54250     0.25972
     0    16    -0.0000000    -0.2730673    -0.0000000    10.08580     0.01843
     0    17    -0.0000000     0.0000000    -0.5042997    10.09520     0.06290
     0    18     0.0000000     0.1885600    -0.0000000    10.61980     0.00925
     0    19    -0.4311041     0.0000000    -0.0000000    10.68070     0.04863
     0    20     0.0000000    -0.2193030     0.0000000    10.97840     0.01294
     0    21    -0.0000000     0.0000000     0.0000000    10.98460     0.00000
     0    22    -0.0000000    -0.0000000    -0.9661609    11.04650     0.25263
     0    23    -0.0922069     0.0000000     0.0000000    11.51580     0.00240
     0    24     0.0000000    -0.0856382     0.0000000    11.54000     0.00207
     0    25     0.0000000    -0.0000000    -0.0000000    12.09340     0.00000
     0    26     0.0000000    -0.6874484    -0.0000000    12.22400     0.14153
     0    27     0.0998659     0.0000000    -0.0000000    12.37940     0.00302
     0    28     0.0000000    -0.0000000     1.1153229    12.38510     0.37745
     0    29    -0.0000000     0.0000000    -0.0289686    12.95020     0.00027
     0    30    -0.0000000    -0.0000000     0.6750526    13.05150     0.14571
 
 Note: In below output the case of i=j corresponds to electronic contribution to dipole moment of excited state i
 Transition dipole moment between excited states (a.u.):
     i     j         X             Y             Z        Diff.(eV)   Oscil.str
     1     1     0.0000000     0.0000000    -7.5989863     0.00000     0.00000
     1     2    -0.0000000    -0.0000000    -0.0000000     2.44930     0.00000
     1     3     0.0000000    -0.0077669    -0.0000000     2.90700     0.00000
     1     4    -0.1798209    -0.0000000     0.0000000     3.05910     0.00242
     1     5    -0.0000000     0.0098308    -0.0000000     3.94950     0.00001
     1     6    -0.4962774     0.0000000     0.0000000     5.42060     0.03271
     1     7     0.0000000     0.0000000     0.6193454     5.58010     0.05244
     1     8    -0.0000000     0.0058880     0.0000000     6.07580     0.00001
     1     9    -0.0000000    -0.0000000    -0.0000000     6.51200     0.00000
     1    10     0.0000000    -0.0000000     0.1474317     7.07130     0.00377
     1    11     0.1354078    -0.0000000    -0.0000000     7.10020     0.00319
     1    12    -0.0000000    -0.0000000    -0.0243411     7.14840     0.00010
     1    13    -0.0000000    -0.0000000    -0.0000000     7.73770     0.00000
     1    14     0.0000000     0.0149330    -0.0000000     7.81040     0.00004
     1    15     0.0000000     0.0000000     0.0000000     8.03020     0.00000
     1    16    -0.3768828    -0.0000000    -0.0000000     8.57350     0.02984
     1    17     0.0000000     0.0000000     0.0000000     8.58290     0.00000
     1    18     0.0212148     0.0000000     0.0000000     9.10750     0.00010
     1    19    -0.0000000     0.0362225     0.0000000     9.16840     0.00029
     1    20    -0.0041675    -0.0000000    -0.0000000     9.46610     0.00000
     1    21    -0.0000000     0.0000000    -0.0300784     9.47230     0.00021
     1    22    -0.0000000    -0.0000000     0.0000000     9.53420     0.00000
     1    23    -0.0000000     0.0198920     0.0000000    10.00350     0.00010
     1    24     0.3925710     0.0000000    -0.0000000    10.02770     0.03786
     1    25    -0.0000000     0.0000000    -0.2546838    10.58110     0.01681
     1    26    -0.0154581     0.0000000    -0.0000000    10.71170     0.00006
     1    27     0.0000000    -0.0394451    -0.0000000    10.86710     0.00041
     1    28     0.0000000     0.0000000    -0.0000000    10.87280     0.00000
     1    29     0.0000000     0.0000000     0.0000000    11.43790     0.00000
     1    30     0.0000000     0.0000000     0.0000000    11.53920     0.00000
     2     2     0.0000000     0.0000000    -8.5541626     0.00000     0.00000
     2     3    -0.1300367    -0.0000000     0.0000000     0.45770     0.00019
     2     4    -0.0000000     0.0577151    -0.0000000     0.60980     0.00005
     2     5    -0.1423943    -0.0000000     0.0000000     1.50020     0.00075
     2     6    -0.0000000     0.0531589     0.0000000     2.97130     0.00021
     2     7    -0.0000000     0.0000000    -0.0000000     3.13080     0.00000
     2     8    -0.4898649     0.0000000     0.0000000     3.62650     0.02132
     2     9     0.0000000    -0.0000000     0.0594680     4.06270     0.00035
     2    10    -0.0000000     0.0000000     0.0000000     4.62200     0.00000
     2    11    -0.0000000     0.1089952    -0.0000000     4.65090     0.00135
     2    12    -0.0000000    -0.0000000    -0.0000000     4.69910     0.00000
     2    13     0.0000000     0.0000000     0.2922715     5.28840     0.01107
     2    14     0.1847881    -0.0000000    -0.0000000     5.36110     0.00448
     2    15     0.0000000    -0.0000000     0.0548265     5.58090     0.00041
     2    16    -0.0000000     0.0647055     0.0000000     6.12420     0.00063
     2    17    -0.0000000     0.0000000    -0.1957971     6.13360     0.00576
     2    18     0.0000000     0.0460515     0.0000000     6.65820     0.00035
     2    19    -0.4147127    -0.0000000    -0.0000000     6.71910     0.02831
     2    20    -0.0000000     0.0818271    -0.0000000     7.01680     0.00115
     2    21    -0.0000000    -0.0000000    -0.0000000     7.02300     0.00000
     2    22    -0.0000000     0.0000000     0.0064880     7.08490     0.00001
     2    23    -0.0020881    -0.0000000     0.0000000     7.55420     0.00000
     2    24     0.0000000    -0.0157111    -0.0000000     7.57840     0.00005
     2    25     0.0000000     0.0000000     0.0000000     8.13180     0.00000
     2    26    -0.0000000    -0.0289455     0.0000000     8.26240     0.00017
     2    27     0.4101362     0.0000000    -0.0000000     8.41780     0.03469
     2    28     0.0000000     0.0000000     0.2355072     8.42350     0.01145
     2    29    -0.0000000     0.0000000    -0.1613609     8.98860     0.00573
     2    30    -0.0000000    -0.0000000    -0.0315962     9.08990     0.00022
     3     3     0.0000000     0.0000000    -8.7639995     0.00000     0.00000
     3     4     0.0000000    -0.0000000    -0.0000000     0.15210     0.00000
     3     5    -0.0000000     0.0000000     0.0068072     1.04250     0.00000
     3     6     0.0000000    -0.0000000    -0.0000000     2.51360     0.00000
     3     7     0.0000000     0.2165696    -0.0000000     2.67310     0.00307
     3     8    -0.0000000     0.0000000    -0.1922026     3.16880     0.00287
     3     9    -0.0060608    -0.0000000    -0.0000000     3.60500     0.00000
     3    10     0.0000000     0.0049320    -0.0000000     4.16430     0.00000
     3    11     0.0000000     0.0000000     0.0000000     4.19320     0.00000
     3    12    -0.0000000     0.0516318    -0.0000000     4.24140     0.00028
     3    13     0.0423142    -0.0000000     0.0000000     4.83070     0.00021
     3    14    -0.0000000     0.0000000     0.0838474     4.90340     0.00084
     3    15     0.1970259    -0.0000000     0.0000000     5.12320     0.00487
     3    16     0.0000000     0.0000000    -0.0000000     5.66650     0.00000
     3    17    -0.3948494    -0.0000000     0.0000000     5.67590     0.02168
     3    18     0.0000000     0.0000000    -0.0000000     6.20050     0.00000
     3    19    -0.0000000    -0.0000000     0.0877212     6.26140     0.00118
     3    20    -0.0000000    -0.0000000    -0.0000000     6.55910     0.00000
     3    21    -0.0000000     0.1679716    -0.0000000     6.56530     0.00454
     3    22    -0.0104074    -0.0000000     0.0000000     6.62720     0.00002
     3    23     0.0000000    -0.0000000     0.2023761     7.09650     0.00712
     3    24    -0.0000000    -0.0000000    -0.0000000     7.12070     0.00000
     3    25     0.0000000    -0.0058961     0.0000000     7.67410     0.00001
     3    26     0.0000000     0.0000000    -0.0000000     7.80470     0.00000
     3    27    -0.0000000    -0.0000000    -0.2569489     7.96010     0.01288
     3    28     0.3321225     0.0000000     0.0000000     7.96580     0.02153
     3    29     0.1062005     0.0000000     0.0000000     8.53090     0.00236
     3    30    -0.2182599    -0.0000000    -0.0000000     8.63220     0.01007
     4     4     0.0000000     0.0000000    -7.9494971     0.00000     0.00000
     4     5     0.0000000     0.0000000    -0.0000000     0.89040     0.00000
     4     6    -0.0000000     0.0000000    -1.1260753     2.36150     0.07336
     4     7    -0.0083740    -0.0000000     0.0000000     2.52100     0.00000
     4     8     0.0000000     0.0000000    -0.0000000     3.01670     0.00000
     4     9    -0.0000000     0.3104299    -0.0000000     3.45290     0.00815
     4    10     0.0768680    -0.0000000     0.0000000     4.01220     0.00058
     4    11    -0.0000000     0.0000000     0.5475187     4.04110     0.02968
     4    12    -0.0132689     0.0000000    -0.0000000     4.08930     0.00002
     4    13    -0.0000000     0.2202249    -0.0000000     4.67860     0.00556
     4    14     0.0000000    -0.0000000     0.0000000     4.75130     0.00000
     4    15     0.0000000    -0.3449134     0.0000000     4.97110     0.01449
     4    16    -0.0000000    -0.0000000    -0.0928334     5.51440     0.00116
     4    17     0.0000000    -0.3735430     0.0000000     5.52380     0.01888
     4    18     0.0000000     0.0000000     0.6003842     6.04840     0.05341
     4    19     0.0000000     0.0000000    -0.0000000     6.10930     0.00000
     4    20    -0.0000000     0.0000000     0.1206127     6.40700     0.00228
     4    21    -0.0073821    -0.0000000     0.0000000     6.41320     0.00001
     4    22     0.0000000     0.6251187    -0.0000000     6.47510     0.06199
     4    23     0.0000000    -0.0000000    -0.0000000     6.94440     0.00000
     4    24    -0.0000000    -0.0000000    -1.0005905     6.96860     0.17093
     4    25    -0.6676265    -0.0000000     0.0000000     7.52200     0.08214
     4    26    -0.0000000    -0.0000000     0.0031656     7.65260     0.00000
     4    27     0.0000000    -0.0000000     0.0000000     7.80800     0.00000
     4    28    -0.0000000    -0.1717157     0.0000000     7.81370     0.00564
     4    29    -0.0000000     0.0828657     0.0000000     8.37880     0.00141
     4    30    -0.0000000     0.0942948     0.0000000     8.48010     0.00185
     5     5     0.0000000     0.0000000    -8.8211775     0.00000     0.00000
     5     6    -0.0000000    -0.0000000     0.0000000     1.47110     0.00000
     5     7     0.0000000    -0.0679149    -0.0000000     1.63060     0.00018
     5     8    -0.0000000     0.0000000    -1.1898923     2.12630     0.07376
     5     9     0.0036418     0.0000000    -0.0000000     2.56250     0.00000
     5    10     0.0000000     0.0468341    -0.0000000     3.12180     0.00017
     5    11    -0.0000000     0.0000000     0.0000000     3.15070     0.00000
     5    12    -0.0000000     0.3701823    -0.0000000     3.19890     0.01074
     5    13     0.1458229    -0.0000000     0.0000000     3.78820     0.00197
     5    14    -0.0000000     0.0000000     0.5983669     3.86090     0.03387
     5    15     0.0041497    -0.0000000     0.0000000     4.08070     0.00000
     5    16    -0.0000000     0.0000000    -0.0000000     4.62400     0.00000
     5    17     0.1552746    -0.0000000     0.0000000     4.63340     0.00274
     5    18    -0.0000000     0.0000000    -0.0000000     5.15800     0.00000
     5    19    -0.0000000     0.0000000    -0.1899879     5.21890     0.00462
     5    20     0.0000000     0.0000000    -0.0000000     5.51660     0.00000
     5    21    -0.0000000     0.8605821    -0.0000000     5.52280     0.10021
     5    22    -0.0799529    -0.0000000     0.0000000     5.58470     0.00087
     5    23    -0.0000000    -0.0000000    -0.0890237     6.05400     0.00118
     5    24     0.0000000     0.0000000    -0.0000000     6.07820     0.00000
     5    25     0.0000000    -0.0179904     0.0000000     6.63160     0.00005
     5    26    -0.0000000    -0.0000000    -0.0000000     6.76220     0.00000
     5    27    -0.0000000    -0.0000000    -0.9939478     6.91760     0.16743
     5    28     0.1770986     0.0000000    -0.0000000     6.92330     0.00532
     5    29    -0.4855321    -0.0000000     0.0000000     7.48840     0.04325
     5    30    -0.0024966     0.0000000     0.0000000     7.58970     0.00000
     6     6     0.0000000    -0.0000000    -5.5541754     0.00000     0.00000
     6     7    -0.0299974     0.0000000    -0.0000000     0.15950     0.00000
     6     8     0.0000000     0.0000000    -0.0000000     0.65520     0.00000
     6     9    -0.0000000    -2.8507582     0.0000000     1.09140     0.21730
     6    10    -2.8097010     0.0000000    -0.0000000     1.65070     0.31926
     6    11     0.0000000    -0.0000000    -2.3337701     1.67960     0.22412
     6    12     0.4003426    -0.0000000     0.0000000     1.72780     0.00678
     6    13    -0.0000000     0.0750251     0.0000000     2.31710     0.00032
     6    14     0.0000000    -0.0000000    -0.0000000     2.38980     0.00000
     6    15     0.0000000    -0.1075907    -0.0000000     2.60960     0.00074
     6    16    -0.0000000    -0.0000000    -0.0244367     3.15290     0.00005
     6    17     0.0000000    -0.1193500    -0.0000000     3.16230     0.00110
     6    18     0.0000000     0.0000000    -0.0441845     3.68690     0.00018
     6    19     0.0000000     0.0000000    -0.0000000     3.74780     0.00000
     6    20     0.0000000    -0.0000000    -0.0194637     4.04550     0.00004
     6    21    -0.0072249     0.0000000    -0.0000000     4.05170     0.00001
     6    22    -0.0000000     0.3508527     0.0000000     4.11360     0.01241
     6    23     0.0000000     0.0000000    -0.0000000     4.58290     0.00000
     6    24     0.0000000     0.0000000    -0.1932297     4.60710     0.00421
     6    25     0.1231274    -0.0000000     0.0000000     5.16050     0.00192
     6    26     0.0000000    -0.0000000     0.6609299     5.29110     0.05663
     6    27    -0.0000000     0.0000000    -0.0000000     5.44650     0.00000
     6    28     0.0000000    -0.1413594    -0.0000000     5.45220     0.00267
     6    29    -0.0000000    -0.1269950    -0.0000000     6.01730     0.00238
     6    30    -0.0000000    -0.1587778    -0.0000000     6.11860     0.00378
     7     7     0.0000000     0.0000000   -11.1958213     0.00000     0.00000
     7     8    -0.0000000    -0.0520051     0.0000000     0.49570     0.00003
     7     9     0.0000000    -0.0000000    -0.0000000     0.93190     0.00000
     7    10    -0.0000000    -0.0000000     0.0573252     1.49120     0.00012
     7    11    -0.0113319    -0.0000000    -0.0000000     1.52010     0.00000
     7    12     0.0000000    -0.0000000     0.1006670     1.56830     0.00039
     7    13    -0.0000000     0.0000000    -0.0000000     2.15760     0.00000
     7    14    -0.0000000     0.0200667    -0.0000000     2.23030     0.00002
     7    15     0.0000000    -0.0000000     0.0000000     2.45010     0.00000
     7    16    -0.0367154    -0.0000000    -0.0000000     2.99340     0.00010
     7    17     0.0000000     0.0000000     0.0000000     3.00280     0.00000
     7    18    -0.1268065    -0.0000000     0.0000000     3.52740     0.00139
     7    19    -0.0000000    -0.0733919     0.0000000     3.58830     0.00047
     7    20    -0.0333530    -0.0000000     0.0000000     3.88600     0.00011
     7    21    -0.0000000    -0.0000000     0.0813896     3.89220     0.00063
     7    22    -0.0000000    -0.0000000     0.0000000     3.95410     0.00000
     7    23    -0.0000000    -0.0565667     0.0000000     4.42340     0.00035
     7    24     0.0150124    -0.0000000    -0.0000000     4.44760     0.00002
     7    25    -0.0000000     0.0000000    -0.0284972     5.00100     0.00010
     7    26    -0.4547879    -0.0000000     0.0000000     5.13160     0.02600
     7    27     0.0000000     0.0831740    -0.0000000     5.28700     0.00090
     7    28    -0.0000000    -0.0000000    -0.0000000     5.29270     0.00000
     7    29     0.0000000     0.0000000     0.0000000     5.85780     0.00000
     7    30    -0.0000000    -0.0000000    -0.0000000     5.95910     0.00000
     8     8     0.0000000    -0.0000000    -6.2781494     0.00000     0.00000
     8     9    -0.0026984    -0.0000000    -0.0000000     0.43620     0.00000
     8    10    -0.0000000    -0.3957560     0.0000000     0.99550     0.00382
     8    11    -0.0000000    -0.0000000     0.0000000     1.02440     0.00000
     8    12    -0.0000000    -2.7790752     0.0000000     1.07260     0.20295
     8    13    -2.6090450     0.0000000    -0.0000000     1.66190     0.27716
     8    14     0.0000000    -0.0000000    -2.2233659     1.73460     0.21008
     8    15    -0.7288268     0.0000000    -0.0000000     1.95440     0.02543
     8    16    -0.0000000    -0.0000000     0.0000000     2.49770     0.00000
     8    17    -0.6246954     0.0000000    -0.0000000     2.50710     0.02397
     8    18    -0.0000000    -0.0000000     0.0000000     3.03170     0.00000
     8    19    -0.0000000    -0.0000000     0.0011324     3.09260     0.00000
     8    20     0.0000000    -0.0000000     0.0000000     3.39030     0.00000
     8    21    -0.0000000     0.4584885     0.0000000     3.39650     0.01749
     8    22     0.1732903    -0.0000000     0.0000000     3.45840     0.00254
     8    23     0.0000000    -0.0000000    -0.0247655     3.92770     0.00006
     8    24     0.0000000    -0.0000000     0.0000000     3.95190     0.00000
     8    25     0.0000000     0.0003950    -0.0000000     4.50530     0.00000
     8    26    -0.0000000     0.0000000    -0.0000000     4.63590     0.00000
     8    27     0.0000000    -0.0000000    -0.1847042     4.79130     0.00400
     8    28    -0.0447603     0.0000000    -0.0000000     4.79700     0.00024
     8    29     0.0476890     0.0000000     0.0000000     5.36210     0.00030
     8    30     0.0524640     0.0000000     0.0000000     5.46340     0.00037
     9     9     0.0000000    -0.0000000    -6.0249794     0.00000     0.00000
     9    10    -0.0000000    -0.0000000    -0.0000000     0.55930     0.00000
     9    11    -0.0000000    -0.8450050     0.0000000     0.58820     0.01029
     9    12     0.0000000     0.0000000    -0.0000000     0.63640     0.00000
     9    13     0.0000000    -0.0000000     0.3267756     1.22570     0.00321
     9    14     0.0117067     0.0000000    -0.0000000     1.29840     0.00000
     9    15     0.0000000     0.0000000    -0.5030162     1.51820     0.00941
     9    16    -0.0000000     0.2014473     0.0000000     2.06150     0.00205
     9    17    -0.0000000     0.0000000    -0.5758587     2.07090     0.01682
     9    18     0.0000000    -0.0729134    -0.0000000     2.59550     0.00034
     9    19    -0.0017430     0.0000000    -0.0000000     2.65640     0.00000
     9    20     0.0000000    -0.0074813    -0.0000000     2.95410     0.00000
     9    21    -0.0000000    -0.0000000     0.0000000     2.96030     0.00000
     9    22     0.0000000    -0.0000000     0.7711749     3.02220     0.04403
     9    23     0.0098523    -0.0000000     0.0000000     3.49150     0.00001
     9    24     0.0000000     0.4735408    -0.0000000     3.51570     0.01931
     9    25     0.0000000    -0.0000000    -0.0000000     4.06910     0.00000
     9    26     0.0000000    -0.0398474     0.0000000     4.19970     0.00016
     9    27     0.0064363     0.0000000    -0.0000000     4.35510     0.00000
     9    28     0.0000000     0.0000000    -0.0027974     4.36080     0.00000
     9    29     0.0000000     0.0000000     0.3278954     4.92590     0.01298
     9    30     0.0000000     0.0000000     0.6808246     5.02720     0.05709
    10    10    -0.0000000     0.0000000    -6.2784203     0.00000     0.00000
    10    11    -0.6574157    -0.0000000    -0.0000000     0.02890     0.00031
    10    12     0.0000000    -0.0000000    -0.0875922     0.07710     0.00001
    10    13    -0.0000000     0.0000000    -0.0000000     0.66640     0.00000
    10    14    -0.0000000    -0.1415635     0.0000000     0.73910     0.00036
    10    15     0.0000000    -0.0000000    -0.0000000     0.95890     0.00000
    10    16    -1.9902518    -0.0000000    -0.0000000     1.50220     0.14578
    10    17     0.0000000    -0.0000000    -0.0000000     1.51160     0.00000
    10    18     0.1102949     0.0000000     0.0000000     2.03620     0.00061
    10    19    -0.0000000     0.0139789     0.0000000     2.09710     0.00001
    10    20    -0.0468411    -0.0000000    -0.0000000     2.39480     0.00013
    10    21    -0.0000000    -0.0000000     0.1413556     2.40100     0.00118
    10    22    -0.0000000     0.0000000     0.0000000     2.46290     0.00000
    10    23     0.0000000     0.0085189    -0.0000000     2.93220     0.00001
    10    24     0.9686527    -0.0000000    -0.0000000     2.95640     0.06796
    10    25    -0.0000000     0.0000000    -1.5590215     3.50980     0.20900
    10    26    -0.0477538     0.0000000    -0.0000000     3.64040     0.00020
    10    27     0.0000000     0.0639859    -0.0000000     3.79580     0.00038
    10    28     0.0000000    -0.0000000     0.0000000     3.80150     0.00000
    10    29     0.0000000     0.0000000     0.0000000     4.36660     0.00000
    10    30     0.0000000     0.0000000     0.0000000     4.46790     0.00000
    11    11     0.0000000    -0.0000000    -6.8220578     0.00000     0.00000
    11    12     0.0918427     0.0000000     0.0000000     0.04820     0.00001
    11    13    -0.0000000     0.3619967    -0.0000000     0.63750     0.00205
    11    14     0.0000000     0.0000000    -0.0000000     0.71020     0.00000
    11    15     0.0000000    -0.5203952     0.0000000     0.93000     0.00617
    11    16     0.0000000    -0.0000000    -1.6944464     1.47330     0.10363
    11    17     0.0000000    -0.5238353     0.0000000     1.48270     0.00997
    11    18    -0.0000000     0.0000000     0.3230529     2.00730     0.00513
    11    19     0.0000000     0.0000000    -0.0000000     2.06820     0.00000
    11    20     0.0000000    -0.0000000     0.0253379     2.36590     0.00004
    11    21    -0.0274703    -0.0000000     0.0000000     2.37210     0.00004
    11    22    -0.0000000     0.9300170    -0.0000000     2.43400     0.05158
    11    23     0.0000000     0.0000000    -0.0000000     2.90330     0.00000
    11    24    -0.0000000    -0.0000000    -1.8527035     2.92750     0.24619
    11    25    -1.6541005    -0.0000000     0.0000000     3.48090     0.23333
    11    26     0.0000000    -0.0000000    -0.0736701     3.61150     0.00048
    11    27    -0.0000000    -0.0000000    -0.0000000     3.76690     0.00000
    11    28     0.0000000    -0.2104371     0.0000000     3.77260     0.00409
    11    29    -0.0000000     0.5043494     0.0000000     4.33770     0.02703
    11    30    -0.0000000     0.5409109     0.0000000     4.43900     0.03182
    12    12     0.0000000    -0.0000000    -6.8298019     0.00000     0.00000
    12    13    -0.0000000    -0.0000000    -0.0000000     0.58930     0.00000
    12    14    -0.0000000    -0.9455251     0.0000000     0.66200     0.01450
    12    15    -0.0000000    -0.0000000    -0.0000000     0.88180     0.00000
    12    16     0.2828818     0.0000000     0.0000000     1.42510     0.00279
    12    17    -0.0000000    -0.0000000     0.0000000     1.43450     0.00000
    12    18    -0.0067492     0.0000000    -0.0000000     1.95910     0.00000
    12    19    -0.0000000     0.1575958     0.0000000     2.02000     0.00123
    12    20     0.0122276    -0.0000000    -0.0000000     2.31770     0.00001
    12    21     0.0000000    -0.0000000     1.1198174     2.32390     0.07140
    12    22     0.0000000    -0.0000000    -0.0000000     2.38580     0.00000
    12    23    -0.0000000    -0.0097695     0.0000000     2.85510     0.00001
    12    24    -0.1388107     0.0000000     0.0000000     2.87930     0.00136
    12    25     0.0000000     0.0000000     0.1875373     3.43270     0.00296
    12    26     0.0047062     0.0000000    -0.0000000     3.56330     0.00000
    12    27     0.0000000     0.4567523    -0.0000000     3.71870     0.01901
    12    28    -0.0000000     0.0000000     0.0000000     3.72440     0.00000
    12    29    -0.0000000    -0.0000000    -0.0000000     4.28950     0.00000
    12    30    -0.0000000    -0.0000000    -0.0000000     4.39080     0.00000
    13    13    -0.0000000     0.0000000    -7.1596850     0.00000     0.00000
    13    14    -0.5924643    -0.0000000    -0.0000000     0.07270     0.00063
    13    15    -0.0000000     0.0000000     0.0419389     0.29250     0.00001
    13    16    -0.0000000     0.3114561     0.0000000     0.83580     0.00199
    13    17    -0.0000000     0.0000000     0.5549115     0.84520     0.00638
    13    18     0.0000000    -0.0795160    -0.0000000     1.36980     0.00021
    13    19    -1.9617893    -0.0000000    -0.0000000     1.43070     0.13490
    13    20     0.0000000    -0.0204185     0.0000000     1.72840     0.00002
    13    21    -0.0000000     0.0000000     0.0000000     1.73460     0.00000
    13    22    -0.0000000    -0.0000000     0.0394917     1.79650     0.00007
    13    23     0.0263045     0.0000000    -0.0000000     2.26580     0.00004
    13    24     0.0000000    -0.0835968    -0.0000000     2.29000     0.00039
    13    25     0.0000000     0.0000000    -0.0000000     2.84340     0.00000
    13    26     0.0000000     0.0697024    -0.0000000     2.97400     0.00035
    13    27     0.9048241    -0.0000000    -0.0000000     3.12940     0.06277
    13    28     0.0000000     0.0000000     0.2087174     3.13510     0.00335
    13    29    -0.0000000    -0.0000000    -1.1521649     3.70020     0.12034
    13    30    -0.0000000     0.0000000    -0.3228300     3.80150     0.00971
    14    14     0.0000000    -0.0000000    -7.7410975     0.00000     0.00000
    14    15    -0.3134447    -0.0000000    -0.0000000     0.21980     0.00053
    14    16     0.0000000    -0.0000000     0.0000000     0.76310     0.00000
    14    17    -0.1952091    -0.0000000    -0.0000000     0.77250     0.00072
    14    18    -0.0000000    -0.0000000    -0.0000000     1.29710     0.00000
    14    19     0.0000000    -0.0000000    -1.6806643     1.35800     0.09398
    14    20     0.0000000     0.0000000    -0.0000000     1.65570     0.00000
    14    21    -0.0000000     1.3933168    -0.0000000     1.66190     0.07904
    14    22    -0.2505463    -0.0000000     0.0000000     1.72380     0.00265
    14    23     0.0000000    -0.0000000    -0.0549156     2.19310     0.00016
    14    24    -0.0000000     0.0000000     0.0000000     2.21730     0.00000
    14    25     0.0000000    -0.0327681     0.0000000     2.77070     0.00007
    14    26     0.0000000    -0.0000000     0.0000000     2.90130     0.00000
    14    27    -0.0000000    -0.0000000    -1.8111267     3.05670     0.24565
    14    28     0.7381510     0.0000000    -0.0000000     3.06240     0.04088
    14    29    -1.0799333    -0.0000000     0.0000000     3.62750     0.10365
    14    30    -0.0870282    -0.0000000     0.0000000     3.72880     0.00069
    15    15    -0.0000000    -0.0000000    -6.2482913     0.00000     0.00000
    15    16     0.0000000    -0.5384697    -0.0000000     0.54330     0.00386
    15    17    -0.0000000     0.0000000    -1.0282813     0.55270     0.01432
    15    18    -0.0000000    -0.2323184     0.0000000     1.07730     0.00142
    15    19    -0.5790471    -0.0000000    -0.0000000     1.13820     0.00935
    15    20     0.0000000     1.7260576    -0.0000000     1.43590     0.10481
    15    21    -0.0000000     0.0000000     0.0000000     1.44210     0.00000
    15    22    -0.0000000     0.0000000     0.3466590     1.50400     0.00443
    15    23     1.5101450    -0.0000000     0.0000000     1.97330     0.11025
    15    24    -0.0000000     0.1730591    -0.0000000     1.99750     0.00147
    15    25    -0.0000000    -0.0000000     0.0000000     2.55090     0.00000
    15    26     0.0000000    -0.0322628     0.0000000     2.68150     0.00007
    15    27     0.1475709    -0.0000000    -0.0000000     2.83690     0.00151
    15    28    -0.0000000    -0.0000000     1.7227864     2.84260     0.20670
    15    29    -0.0000000    -0.0000000     0.1764525     3.40770     0.00260
    15    30     0.0000000     0.0000000     0.4082612     3.50900     0.01433
    16    16    -0.0000000     0.0000000    -5.6614924     0.00000     0.00000
    16    17     0.0000000    -0.5379630    -0.0000000     0.00940     0.00007
    16    18     0.0000000    -0.0000000    -0.4534004     0.53400     0.00269
    16    19     0.0000000     0.0000000    -0.0000000     0.59490     0.00000
    16    20     0.0000000     0.0000000    -0.0803811     0.89260     0.00014
    16    21    -0.0070400    -0.0000000     0.0000000     0.89880     0.00000
    16    22    -0.0000000     1.1242846     0.0000000     0.96070     0.02975
    16    23     0.0000000     0.0000000    -0.0000000     1.43000     0.00000
    16    24     0.0000000     0.0000000    -0.7910617     1.45420     0.02229
    16    25    -0.0190067    -0.0000000     0.0000000     2.00760     0.00002
    16    26    -0.0000000    -0.0000000    -0.0832973     2.13820     0.00036
    16    27     0.0000000    -0.0000000    -0.0000000     2.29360     0.00000
    16    28     0.0000000    -0.4778111    -0.0000000     2.29930     0.01286
    16    29    -0.0000000    -0.3633338     0.0000000     2.86440     0.00926
    16    30    -0.0000000    -0.4534111     0.0000000     2.96570     0.01494
    17    17     0.0000000    -0.0000000    -8.1732726     0.00000     0.00000
    17    18     0.0000000     0.4926549     0.0000000     0.52460     0.00312
    17    19    -0.4196966    -0.0000000    -0.0000000     0.58550     0.00253
    17    20    -0.0000000    -2.2266953     0.0000000     0.88320     0.10728
    17    21    -0.0000000     0.0000000     0.0000000     0.88940     0.00000
    17    22     0.0000000    -0.0000000    -1.7913673     0.95130     0.07479
    17    23    -2.4131965    -0.0000000    -0.0000000     1.42060     0.20268
    17    24    -0.0000000     0.2221421     0.0000000     1.44480     0.00175
    17    25    -0.0000000    -0.0000000     0.0000000     1.99820     0.00000
    17    26     0.0000000     0.2709345    -0.0000000     2.12880     0.00383
    17    27     0.1962532    -0.0000000    -0.0000000     2.28420     0.00216
    17    28     0.0000000     0.0000000    -0.2162623     2.28990     0.00262
    17    29    -0.0000000     0.0000000     0.2942869     2.85500     0.00606
    17    30     0.0000000    -0.0000000     0.1346387     2.95630     0.00131
    18    18     0.0000000    -0.0000000   -11.1323309     0.00000     0.00000
    18    19     0.0000000    -0.0000000     0.0000000     0.06090     0.00000
    18    20     0.0000000     0.0000000    -0.9180570     0.35860     0.00740
    18    21     0.0102880     0.0000000     0.0000000     0.36480     0.00000
    18    22     0.0000000     0.1178474    -0.0000000     0.42670     0.00015
    18    23     0.0000000     0.0000000     0.0000000     0.89600     0.00000
    18    24    -0.0000000    -0.0000000     0.0305064     0.92020     0.00002
    18    25    -0.0180169    -0.0000000    -0.0000000     1.47360     0.00001
    18    26    -0.0000000     0.0000000    -1.4045242     1.60420     0.07753
    18    27    -0.0000000    -0.0000000     0.0000000     1.75960     0.00000
    18    28    -0.0000000     0.1843048     0.0000000     1.76530     0.00147
    18    29    -0.0000000     0.0205580     0.0000000     2.33040     0.00002
    18    30     0.0000000     0.1458512    -0.0000000     2.43170     0.00127
    19    19    -0.0000000     0.0000000    -6.5926512     0.00000     0.00000
    19    20     0.0000000     0.0000000    -0.0000000     0.29770     0.00000
    19    21    -0.0000000     1.5000516     0.0000000     0.30390     0.01675
    19    22     0.1229759     0.0000000     0.0000000     0.36580     0.00014
    19    23     0.0000000     0.0000000    -0.0412859     0.83510     0.00003
    19    24     0.0000000    -0.0000000     0.0000000     0.85930     0.00000
    19    25     0.0000000    -0.0225965    -0.0000000     1.41270     0.00002
    19    26    -0.0000000     0.0000000    -0.0000000     1.54330     0.00000
    19    27     0.0000000     0.0000000    -0.6643245     1.69870     0.01837
    19    28     0.0180584     0.0000000    -0.0000000     1.70440     0.00001
    19    29    -0.0846195     0.0000000     0.0000000     2.26950     0.00040
    19    30     0.0420723    -0.0000000     0.0000000     2.37080     0.00010
    20    20     0.0000000    -0.0000000    -7.2808536     0.00000     0.00000
    20    21     0.0033944     0.0000000     0.0000000     0.00620     0.00000
    20    22    -0.0000000    -0.5527969     0.0000000     0.06810     0.00051
    20    23    -0.0000000    -0.0000000    -0.0000000     0.53740     0.00000
    20    24    -0.0000000    -0.0000000    -0.0199654     0.56160     0.00001
    20    25    -0.0015048    -0.0000000     0.0000000     1.11500     0.00000
    20    26    -0.0000000     0.0000000    -0.3321961     1.24560     0.00337
    20    27    -0.0000000     0.0000000     0.0000000     1.40100     0.00000
    20    28     0.0000000    -0.5731754    -0.0000000     1.40670     0.01132
    20    29     0.0000000    -0.1627847    -0.0000000     1.97180     0.00128
    20    30    -0.0000000     0.1137118     0.0000000     2.07310     0.00066
    21    21     0.0000000     0.0000000    -7.9198360     0.00000     0.00000
    21    22     0.0000000     0.0000000    -0.0000000     0.06190     0.00000
    21    23    -0.0000000     0.0376689     0.0000000     0.53120     0.00002
    21    24    -0.0051554    -0.0000000     0.0000000     0.55540     0.00000
    21    25    -0.0000000     0.0000000    -0.0177762     1.10880     0.00001
    21    26     0.0187259    -0.0000000     0.0000000     1.23940     0.00001
    21    27     0.0000000    -0.4483463    -0.0000000     1.39480     0.00687
    21    28    -0.0000000    -0.0000000     0.0000000     1.40050     0.00000
    21    29     0.0000000     0.0000000    -0.0000000     1.96560     0.00000
    21    30    -0.0000000     0.0000000     0.0000000     2.06690     0.00000
    22    22     0.0000000    -0.0000000    -7.7491807     0.00000     0.00000
    22    23    -0.6555122    -0.0000000    -0.0000000     0.46930     0.00494
    22    24     0.0000000    -0.4292851    -0.0000000     0.49350     0.00223
    22    25     0.0000000     0.0000000    -0.0000000     1.04690     0.00000
    22    26    -0.0000000    -0.0576591     0.0000000     1.17750     0.00010
    22    27    -0.1907440    -0.0000000     0.0000000     1.33290     0.00119
    22    28     0.0000000     0.0000000     0.3566400     1.33860     0.00417
    22    29    -0.0000000     0.0000000    -0.3746744     1.90370     0.00655
    22    30     0.0000000    -0.0000000    -1.3746150     2.00500     0.09282
    23    23    -0.0000000     0.0000000    -7.3185740     0.00000     0.00000
    23    24    -0.0000000     0.0000000    -0.0000000     0.02420     0.00000
    23    25     0.0000000     0.0047246    -0.0000000     0.57760     0.00000
    23    26     0.0000000    -0.0000000    -0.0000000     0.70820     0.00000
    23    27    -0.0000000     0.0000000    -0.1022535     0.86360     0.00022
    23    28     0.5019843     0.0000000     0.0000000     0.86930     0.00537
    23    29     1.0307715     0.0000000     0.0000000     1.43440     0.03734
    23    30    -1.4370503    -0.0000000    -0.0000000     1.53570     0.07770
    24    24    -0.0000000    -0.0000000   -11.3298223     0.00000     0.00000
    24    25    -0.6948590    -0.0000000     0.0000000     0.55340     0.00655
    24    26     0.0000000     0.0000000    -0.1023991     0.68400     0.00018
    24    27     0.0000000     0.0000000    -0.0000000     0.83940     0.00000
    24    28    -0.0000000     0.2515346    -0.0000000     0.84510     0.00131
    24    29    -0.0000000     0.5690866    -0.0000000     1.41020     0.01119
    24    30    -0.0000000     0.6920165    -0.0000000     1.51150     0.01773
    25    25     0.0000000     0.0000000    -9.8143095     0.00000     0.00000
    25    26    -0.0167698     0.0000000    -0.0000000     0.13060     0.00000
    25    27    -0.0000000    -0.0075976     0.0000000     0.28600     0.00000
    25    28    -0.0000000    -0.0000000     0.0000000     0.29170     0.00000
    25    29    -0.0000000    -0.0000000    -0.0000000     0.85680     0.00000
    25    30    -0.0000000    -0.0000000    -0.0000000     0.95810     0.00000
    26    26    -0.0000000    -0.0000000    -8.7461854     0.00000     0.00000
    26    27    -0.0000000     0.0000000    -0.0000000     0.15540     0.00000
    26    28    -0.0000000    -0.6046977     0.0000000     0.16110     0.00144
    26    29     0.0000000     0.3275348    -0.0000000     0.72620     0.00191
    26    30    -0.0000000    -1.0846987     0.0000000     0.82750     0.02385
    27    27    -0.0000000    -0.0000000   -12.3158369     0.00000     0.00000
    27    28     0.3336372     0.0000000    -0.0000000     0.00570     0.00002
    27    29    -0.4827064    -0.0000000     0.0000000     0.57080     0.00326
    27    30    -0.0363181    -0.0000000     0.0000000     0.67210     0.00002
    28    28    -0.0000000     0.0000000    -7.4169377     0.00000     0.00000
    28    29    -0.0000000     0.0000000     1.7738436     0.56510     0.04356
    28    30     0.0000000    -0.0000000    -0.8013213     0.66640     0.01048
    29    29    -0.0000000     0.0000000    -9.1691746     0.00000     0.00000
    29    30     0.0000000    -0.0000000    -0.6624979     0.10130     0.00109
    30    30     0.0000000     0.0000000    -8.2627228     0.00000     0.00000
