0 0 -0.0 -0.0 -1.731729
0 1 -0.0 -0.0 0.0
0 2 -0.0 -0.1305754 -0.0
0 3 -0.0 -0.0 0.5261636
0 4 -0.056187 0.0 -0.0
0 5 0.2413064 0.0 -0.0
0 6 0.0 0.0 0.0
0 7 -0.0 -0.126261 -0.0
0 8 -0.5863388 0.0 0.0
0 9 0.0 -0.0 -0.5581443
0 10 0.0 -0.0 -0.0
0 11 -0.0 -0.4449772 0.0
0 12 0.0 -0.0 -1.6589658
0 13 0.0 -0.0 -0.0
0 14 -0.4838202 0.0 -0.0
0 15 -0.0 -0.0 -0.2292932
0 16 -0.0 0.0687076 0.0
0 17 -0.0 -0.0 -0.4960349
0 18 -0.0 -0.2187127 0.0
0 19 -0.4546383 0.0 0.0
0 20 -0.0 -0.2223401 -0.0
0 21 0.0 0.0 0.0
0 22 0.0 0.0 -0.7438973
0 23 -0.0461311 -0.0 0.0
0 24 -0.0 0.0 1.0326655
0 25 -0.0 -0.1436706 -0.0
0 26 0.0381802 0.0 0.0
0 27 -0.0 0.0 -0.0
0 28 -0.0 0.0 0.399297
0 29 0.0 -0.6052495 0.0
0 30 0.0 -0.5543404 -0.0
1 1 -0.0 -0.0 0.955731
1 2 -0.1889112 0.0 -0.0
1 3 0.0 0.0 -0.0
1 4 0.0 -0.0132874 0.0
1 5 -0.0 -0.0252141 -0.0
1 6 0.0 -0.0 0.4261199
1 7 -0.4933796 -0.0 0.0
1 8 0.0 0.0056527 -0.0
1 9 -0.0 -0.0 0.0
1 10 -0.0 0.0 0.0049838
1 11 0.0293354 0.0 -0.0
1 12 -0.0 0.0 0.0
1 13 -0.0 -0.0 0.0888036
1 14 0.0 0.0184917 0.0
1 15 0.0 0.0 0.0
1 16 -0.0214292 -0.0 -0.0
1 17 -0.0 -0.0 0.0
1 18 -0.4083304 0.0 0.0
1 19 -0.0 0.0234797 -0.0
1 20 -0.0067146 -0.0 0.0
1 21 0.0 -0.0 -0.028475
1 22 0.0 0.0 0.0
1 23 -0.0 0.0103327 -0.0
1 24 -0.0 -0.0 -0.0
1 25 0.4002276 0.0 -0.0
1 26 0.0 -0.0243635 0.0
1 27 0.0 -0.0 -0.2940885
1 28 -0.0 -0.0 -0.0
1 29 -0.0070699 0.0 -0.0
1 30 -0.0189951 -0.0 0.0
2 2 -0.0 -0.0 -0.076339
2 3 0.0 0.0140952 0.0
2 4 -0.0 -0.0 -0.0
2 5 -0.0 -0.0 0.0
2 6 -0.0047214 0.0 -0.0
2 7 -0.0 -0.0 -0.7641094
2 8 0.0 -0.0 -0.0
2 9 -0.0 0.1845591 -0.0
2 10 0.0002469 0.0 0.0
2 11 -0.0 -0.0 0.2680651
2 12 -0.0 -0.3243618 -0.0
2 13 0.0460316 0.0 0.0
2 14 -0.0 0.0 0.0
2 15 0.0 0.0106632 0.0
2 16 -0.0 -0.0 0.3820106
2 17 -0.0 -0.1704099 -0.0
2 18 -0.0 0.0 -0.0641949
2 19 -0.0 0.0 -0.0
2 20 -0.0 -0.0 0.0175165
2 21 -0.0020397 0.0 -0.0
2 22 -0.0 0.5006025 0.0
2 23 -0.0 -0.0 0.0
2 24 0.0 -0.2328431 -0.0
2 25 0.0 0.0 -0.7206621
2 26 0.0 -0.0 0.0
2 27 -0.4395381 0.0 -0.0
2 28 0.0 -0.0163238 -0.0
2 29 -0.0 0.0 -0.0171102
2 30 -0.0 0.0 0.0418962
3 3 -0.0 -0.0 -0.21401
3 4 -0.2587409 -0.0 0.0
3 5 -0.0043845 -0.0 0.0
3 6 0.0 0.0 -0.0
3 7 0.0 0.0311525 -0.0
3 8 -0.4505777 -0.0 0.0
3 9 0.0 0.0 -0.1044764
3 10 0.0 -0.0 0.0
3 11 0.0 0.0727899 0.0
3 12 0.0 0.0 -0.4823447
3 13 0.0 0.0 -0.0
3 14 0.0709053 -0.0 -0.0
3 15 -0.0 0.0 0.1735994
3 16 0.0 0.0580146 -0.0
3 17 -0.0 -0.0 -0.3466344
3 18 0.0 0.026552 -0.0
3 19 -0.4188147 -0.0 0.0
3 20 0.0 0.080988 0.0
3 21 0.0 0.0 -0.0
3 22 0.0 -0.0 -0.0794439
3 23 -0.0040367 0.0 0.0
3 24 -0.0 -0.0 0.4049209
3 25 0.0 -0.0027142 0.0
3 26 0.3919021 0.0 0.0
3 27 -0.0 -0.0 0.0
3 28 -0.0 0.0 0.1494024
3 29 -0.0 -0.0546933 -0.0
3 30 -0.0 0.2163218 0.0
4 4 -0.0 -0.0 -0.924352
4 5 -0.0 0.0 0.1505975
4 6 0.0 0.0980603 0.0
4 7 -0.0 -0.0 0.0
4 8 -0.0 -0.0 -0.6262089
4 9 -0.0097467 0.0 -0.0
4 10 0.0 0.2074468 0.0
4 11 -0.0 0.0 0.0
4 12 -0.0068047 0.0 -0.0
4 13 0.0 -0.0110928 -0.0
4 14 -0.0 -0.0 0.2209877
4 15 0.1566125 0.0 0.0
4 16 -0.0 0.0 -0.0
4 17 -0.2158393 -0.0 0.0
4 18 -0.0 -0.0 0.0
4 19 -0.0 0.0 0.00487
4 20 0.0 -0.0 0.0
4 21 0.0 0.5391361 0.0
4 22 -0.0469122 0.0 -0.0
4 23 -0.0 0.0 0.0506851
4 24 0.2022779 -0.0 -0.0
4 25 0.0 -0.0 -0.0
4 26 0.0 0.0 -0.6213334
4 27 0.0 -0.0083483 -0.0
4 28 -0.0956391 -0.0 0.0
4 29 -0.0 -0.0 0.0
4 30 0.0 0.0 -0.0
5 5 -0.0 -0.0 -0.847453
5 6 0.0 0.1649472 -0.0
5 7 -0.0 0.0 -0.0
5 8 0.0 0.0 0.4750216
5 9 -0.0022829 0.0 -0.0
5 10 -0.0 -0.163157 -0.0
5 11 -0.0 0.0 -0.0
5 12 0.0698973 0.0 -0.0
5 13 0.0 0.0085511 0.0
5 14 0.0 0.0 -0.1805055
5 15 0.095044 0.0 -0.0
5 16 -0.0 0.0 0.0
5 17 -0.3721817 -0.0 -0.0
5 18 -0.0 0.0 -0.0
5 19 0.0 -0.0 0.1249621
5 20 0.0 -0.0 0.0
5 21 -0.0 -0.3776857 -0.0
5 22 0.0464218 0.0 -0.0
5 23 -0.0 -0.0 0.1339737
5 24 0.0904346 0.0 -0.0
5 25 0.0 0.0 0.0
5 26 -0.0 -0.0 0.3967865
5 27 0.0 0.0047089 0.0
5 28 -0.3714281 0.0 -0.0
5 29 -0.0 -0.0 0.0
5 30 0.0 0.0 -0.0
6 6 -0.0 -0.0 -3.195564
6 7 -0.0166163 0.0 -0.0
6 8 -0.0 -0.043214 -0.0
6 9 -0.0 -0.0 0.0
6 10 0.0 0.0 0.109231
6 11 -0.0020993 0.0 -0.0
6 12 -0.0 0.0 0.0
6 13 -0.0 -0.0 0.0225947
6 14 -0.0 0.0053185 0.0
6 15 0.0 -0.0 0.0
6 16 -0.1657396 0.0 -0.0
6 17 -0.0 0.0 0.0
6 18 -0.0091106 0.0 -0.0
6 19 -0.0 -0.0680532 -0.0
6 20 -0.0212393 0.0 0.0
6 21 0.0 0.0 0.08438
6 22 0.0 0.0 0.0
6 23 0.0 -0.0508939 0.0
6 24 0.0 -0.0 -0.0
6 25 0.0115098 0.0 -0.0
6 26 0.0 0.0542992 0.0
6 27 0.0 -0.0 -0.019985
6 28 0.0 -0.0 0.0
6 29 -0.4060606 -0.0 0.0
6 30 -0.1476899 -0.0 0.0
7 7 0.0 0.0 3.432606
7 8 -0.0 -0.0 -0.0
7 9 -0.0 -2.7276346 0.0
7 10 -0.1016418 0.0 -0.0
7 11 0.0 0.0 -2.3378431
7 12 -0.0 0.5182112 0.0
7 13 -2.7413786 0.0 -0.0
7 14 -0.0 0.0 -0.0
7 15 0.0 0.0243145 -0.0
7 16 0.0 0.0 -0.0249011
7 17 -0.0 0.0280758 0.0
7 18 -0.0 0.0 0.1694193
7 19 -0.0 -0.0 -0.0
7 20 0.0 0.0 -0.0021497
7 21 -0.0071461 0.0 -0.0
7 22 0.0 0.2752282 -0.0
7 23 -0.0 0.0 -0.0
7 24 -0.0 -0.2010101 0.0
7 25 -0.0 0.0 -0.0164518
7 26 0.0 -0.0 -0.0
7 27 0.26028 0.0 -0.0
7 28 -0.0 -0.0317089 0.0
7 29 0.0 0.0 0.4411846
7 30 0.0 0.0 0.0817283
8 8 0.0 0.0 2.663596
8 9 0.1489833 -0.0 0.0
8 10 -0.0 -2.7399458 -0.0
8 11 0.0 -0.0 0.0
8 12 0.8859367 -0.0 0.0
8 13 0.0 0.102537 0.0
8 14 0.0 0.0 -2.218718
8 15 -2.3198991 0.0 -0.0
8 16 0.0 -0.0 -0.0
8 17 -1.0408252 0.0 -0.0
8 18 0.0 -0.0 0.0
8 19 -0.0 0.0 0.1894598
8 20 -0.0 0.0 -0.0
8 21 0.0 0.2808129 -0.0
8 22 0.2267502 -0.0 0.0
8 23 0.0 0.0 -0.0195372
8 24 -0.0791327 -0.0 0.0
8 25 -0.0 -0.0 0.0
8 26 -0.0 0.0 0.0218744
8 27 -0.0 0.0017289 0.0
8 28 -0.0061057 -0.0 0.0
8 29 -0.0 0.0 -0.0
8 30 -0.0 -0.0 -0.0
9 9 -0.0 -0.0 2.241934
9 10 -0.0 0.0 -0.0
9 11 -0.0 -1.0416551 -0.0
9 12 -0.0 -0.0 -1.0380179
9 13 -0.0 -0.0 0.0
9 14 0.0166138 -0.0 0.0
9 15 0.0 0.0 0.0680799
9 16 -0.0 -0.0496058 -0.0
9 17 0.0 -0.0 -0.6978384
9 18 -0.0 0.1749278 -0.0
9 19 0.1104842 -0.0 0.0
9 20 -0.0 0.1193273 -0.0
9 21 -0.0 -0.0 0.0
9 22 -0.0 0.0 0.7501775
9 23 0.1024498 -0.0 0.0
9 24 -0.0 -0.0 0.0197093
9 25 0.0 0.5613141 0.0
9 26 -0.0808963 0.0 0.0
9 27 -0.0 0.0 -0.0
9 28 0.0 -0.0 0.0236127
9 29 -0.0 -0.0378041 -0.0
9 30 -0.0 0.1267149 0.0
10 10 -0.0 0.0 1.652224
10 11 -0.0342578 0.0 -0.0
10 12 -0.0 0.0 0.0
10 13 -0.0 -0.0 0.0173097
10 14 -0.0 -1.0762679 0.0
10 15 0.0 -0.0 0.0
10 16 0.0064687 0.0 -0.0
10 17 -0.0 -0.0 0.0
10 18 -0.0754291 0.0 -0.0
10 19 -0.0 0.2008525 -0.0
10 20 -0.0655313 0.0 0.0
10 21 0.0 0.0 1.1157198
10 22 0.0 0.0 -0.0
10 23 -0.0 -0.0044887 -0.0
10 24 -0.0 -0.0 0.0
10 25 0.038608 -0.0 -0.0
10 26 0.0 0.5379631 0.0
10 27 0.0 -0.0 -0.081013
10 28 0.0 -0.0 0.0
10 29 -0.0048607 0.0 -0.0
10 30 0.0015432 0.0 -0.0
11 11 0.0 0.0 1.359221
11 12 -0.0 -0.4362003 -0.0
11 13 -0.9283471 0.0 -0.0
11 14 -0.0 -0.0 -0.0
11 15 0.0 0.0448139 0.0
11 16 0.0 0.0 0.1759918
11 17 -0.0 -0.3009939 -0.0
11 18 0.0 0.0 -1.7295012
11 19 -0.0 -0.0 -0.0
11 20 0.0 0.0 -0.0180413
11 21 -0.0200098 0.0 0.0
11 22 0.0 1.1173116 0.0
11 23 -0.0 0.0 -0.0
11 24 -0.0 -0.5303411 -0.0
11 25 0.0 0.0 -2.0838033
11 26 0.0 0.0 -0.0
11 27 -1.6705238 0.0 0.0
11 28 -0.0 -0.0689296 -0.0
11 29 0.0 0.0 -0.0403089
11 30 0.0 -0.0 -0.0308796
12 12 -0.0 0.0 0.593548
12 13 -0.0 -0.0 0.0
12 14 0.0485166 -0.0 0.0
12 15 0.0 -0.0 0.2628175
12 16 -0.0 0.0265121 -0.0
12 17 0.0 0.0 -1.5265472
12 18 -0.0 -0.5194566 0.0
12 19 0.6386929 -0.0 0.0
12 20 0.0 0.9359284 0.0
12 21 -0.0 -0.0 0.0
12 22 -0.0 -0.0 -0.3050042
12 23 0.7039146 -0.0 0.0
12 24 -0.0 0.0 1.3784612
12 25 -0.0 0.0026567 -0.0
12 26 -0.4860831 0.0 0.0
12 27 0.0 0.0 -0.0
12 28 0.0 -0.0 -0.1331876
12 29 0.0 -0.102923 -0.0
12 30 -0.0 0.7751403 0.0
13 13 -0.0 -0.0 2.271717
13 14 0.0 0.0324585 -0.0
13 15 0.0 0.0 -0.0
13 16 -0.1405643 0.0 -0.0
13 17 -0.0 -0.0 -0.0
13 18 -1.9890011 0.0 -0.0
13 19 0.0 -0.0157671 0.0
13 20 -0.0555422 0.0 -0.0
13 21 -0.0 -0.0 -0.0494155
13 22 0.0 0.0 -0.0
13 23 -0.0 -0.0128056 0.0
13 24 -0.0 -0.0 0.0
13 25 1.0481007 -0.0 -0.0
13 26 -0.0 -0.019176 0.0
13 27 0.0 0.0 -1.5211513
13 28 -0.0 -0.0 0.0
13 29 -0.0249752 0.0 -0.0
13 30 -0.1090043 0.0 -0.0
14 14 0.0 0.0 0.405488
14 15 -0.8639932 0.0 -0.0
14 16 0.0 -0.0 -0.0
14 17 -0.4303447 0.0 -0.0
14 18 0.0 0.0 0.0
14 19 0.0 0.0 -1.6910203
14 20 -0.0 0.0 -0.0
14 21 0.0 1.5478923 0.0
14 22 -0.2353294 0.0 0.0
14 23 0.0 0.0 -0.0935138
14 24 0.5487735 -0.0 -0.0
14 25 -0.0 0.0 0.0
14 26 0.0 0.0 -2.0303151
14 27 -0.0 -0.0304377 -0.0
14 28 0.5525976 -0.0 -0.0
14 29 0.0 0.0 0.0
14 30 -0.0 -0.0 0.0
15 15 -0.0 -0.0 1.651119
15 16 -0.0 -0.0622147 -0.0
15 17 -0.0 -0.0 -0.190271
15 18 0.0 0.0092752 -0.0
15 19 -1.8525845 0.0 -0.0
15 20 0.0 1.248953 0.0
15 21 0.0 0.0 -0.0
15 22 -0.0 -0.0 0.3664323
15 23 1.052315 -0.0 0.0
15 24 -0.0 0.0 1.1903465
15 25 -0.0 0.0068711 0.0
15 26 0.848885 -0.0 -0.0
15 27 -0.0 -0.0 0.0
15 28 0.0 -0.0 0.3675819
15 29 0.0 -0.0034269 -0.0
15 30 -0.0 0.0231359 0.0
16 16 -0.0 -0.0 -4.191626
16 17 0.0 0.1275203 -0.0
16 18 -0.0 -0.0 0.20844
16 19 -0.0 -0.0 -0.0
16 20 -0.0 -0.0 -0.3644646
16 21 0.0109756 0.0 -0.0
16 22 0.0 0.1372755 0.0
16 23 -0.0 0.0 -0.0
16 24 -0.0 -0.0633623 -0.0
16 25 0.0 -0.0 -0.111781
16 26 0.0 -0.0 0.0
16 27 -0.0501163 0.0 -0.0
16 28 0.0 -0.0177864 0.0
16 29 -0.0 -0.0 -0.8130685
16 30 -0.0 -0.0 -0.4055759
17 17 0.0 0.0 0.384424
17 18 -0.0 -0.2735093 0.0
17 19 -0.6840413 0.0 -0.0
17 20 -0.0 -2.3236313 -0.0
17 21 0.0 0.0 0.0
17 22 0.0 0.0 -1.6989154
17 23 -2.479859 0.0 -0.0
17 24 0.0 -0.0 -0.593746
17 25 0.0 0.0919678 -0.0
17 26 0.3449437 -0.0 -0.0
17 27 0.0 0.0 -0.0
17 28 -0.0 0.0 -0.0429653
17 29 -0.0 0.141026 0.0
17 30 0.0 0.8255907 -0.0
18 18 -0.0 -0.0 3.043703
18 19 -0.0 -0.0 -0.0
18 20 -0.0 -0.0 0.0149416
18 21 -0.0070994 0.0 -0.0
18 22 0.0 1.1085237 -0.0
18 23 -0.0 -0.0 -0.0
18 24 -0.0 -0.6552731 0.0
18 25 0.0 -0.0 -0.8281665
18 26 -0.0 -0.0 -0.0
18 27 0.0066021 -0.0 -0.0
18 28 -0.0 -0.1051583 0.0
18 29 -0.0 0.0 0.0327981
18 30 -0.0 -0.0 0.0915194
19 19 -0.0 -0.0 2.019576
19 20 -0.0 0.0 -0.0
19 21 0.0 1.4396568 -0.0
19 22 0.1609566 -0.0 -0.0
19 23 0.0 -0.0 -0.0203221
19 24 0.0217064 -0.0 0.0
19 25 -0.0 0.0 0.0
19 26 0.0 -0.0 -0.715588
19 27 -0.0 -0.0145507 0.0
19 28 0.0599356 -0.0 0.0
19 29 0.0 0.0 -0.0
19 30 -0.0 -0.0 -0.0
20 20 -0.0 0.0 0.947146
20 21 0.0024048 0.0 0.0
20 22 -0.0 -0.5679945 -0.0
20 23 0.0 -0.0 0.0
20 24 -0.0 -0.7285763 0.0
20 25 0.0 0.0 -0.0319043
20 26 -0.0 0.0 -0.0
20 27 -0.0074647 0.0 -0.0
20 28 -0.0 0.1331899 -0.0
20 29 -0.0 -0.0 -0.238118
20 30 -0.0 0.0 1.0475702
21 21 -0.0 -0.0 0.492365
21 22 -0.0 -0.0 -0.0
21 23 0.0 0.0579166 -0.0
21 24 0.0 0.0 0.0
21 25 -0.0026624 0.0 -0.0
21 26 -0.0 -0.4843694 0.0
21 27 -0.0 -0.0 -0.0050308
21 28 0.0 0.0 0.0
21 29 0.0252441 -0.0 -0.0
21 30 -0.0594155 -0.0 0.0
22 22 0.0 0.0 0.703596
22 23 -0.6084584 0.0 -0.0
22 24 0.0 -0.0 -0.2149302
22 25 -0.0 -0.5082087 0.0
22 26 -0.2142256 0.0 -0.0
22 27 -0.0 -0.0 -0.0
22 28 0.0 0.0 -0.8724299
22 29 -0.0 -0.2435105 -0.0
22 30 0.0 1.0512108 0.0
23 23 -0.0 -0.0 0.69039
23 24 0.0115509 0.0 0.0
23 25 0.0 0.0 -0.0
23 26 0.0 -0.0 -0.1312527
23 27 0.0 0.001563 0.0
23 28 -1.9829243 0.0 -0.0
23 29 -0.0 -0.0 0.0
23 30 0.0 0.0 -0.0
24 24 -0.0 -0.0 0.72331
24 25 0.0 0.3818265 0.0
24 26 0.3267324 -0.0 0.0
24 27 0.0 0.0 0.0
24 28 0.0 0.0 -1.6826799
24 29 -0.0 -0.4489817 -0.0
24 30 0.0 0.3868837 0.0
25 25 0.0 -0.0 -3.076187
25 26 -0.0 -0.0 -0.0
25 27 -0.8138951 0.0 -0.0
25 28 0.0 0.0528639 -0.0
25 29 0.0 0.0 -0.0664869
25 30 -0.0 -0.0 -0.0547592
26 26 0.0 -0.0 -4.135293
26 27 0.0 -0.0120861 0.0
26 28 0.2826733 -0.0 0.0
26 29 0.0 0.0 -0.0
26 30 -0.0 -0.0 0.0
27 27 -0.0 -0.0 -1.648338
27 28 0.0 0.0 0.0
27 29 -0.0075551 0.0 -0.0
27 30 0.0502291 -0.0 -0.0
28 28 -0.0 -0.0 0.517874
28 29 -0.0 -0.6605016 0.0
28 30 0.0 1.3987411 -0.0
29 29 -0.0 -0.0 -0.209781
29 30 -0.0 0.0 0.0988104
30 30 -0.0 0.0 -0.187641
