   1    1   0.00000    2.26030    10.00 100.00      0.00000   0.00000   0.00000 
   2    2   0.09470    5.73470    10.00 100.00     -0.00000  -0.00000   0.82100 
   3    3   0.00150    5.93950    10.00 100.00      0.10140   0.00000  -0.00000 
   4    4   0.01860    6.64610    10.00 100.00     -0.00000   0.33810   0.00000 
   5    5   0.00710    7.15640    10.00 100.00      0.00000  -0.20150  -0.00000 
   6    6   0.00000    7.78370    10.00 100.00      0.00000   0.00000   0.00000 
   7    7   0.00150    8.01690    10.00 100.00     -0.08790  -0.00000  -0.00000 
   8    8   0.02420    8.05020    10.00 100.00      0.00000   0.00000  -0.35020 
   9    9   0.10830    8.58560    10.00 100.00     -0.71770  -0.00000  -0.00000 
  10   10   0.00000    8.60270    10.00 100.00      0.00000   0.00000  -0.00000 
  11   11   0.00000    9.36140    10.00 100.00     -0.00000   0.00000  -0.00000 
  12   12   0.00260    9.46450    10.00 100.00     -0.00000   0.10650  -0.00000 
  13   13   0.00130    9.99120    10.00 100.00     -0.00000  -0.00000   0.07210 
  14   14   0.04220   10.41000    10.00 100.00      0.00000  -0.40660   0.00000 
  15   15   0.08130   10.46050    10.00 100.00     -0.00000   0.00000   0.56330 
  16   16   0.00020   10.84300    10.00 100.00     -0.02850  -0.00000  -0.00000 
  17   17   0.01250   10.97570    10.00 100.00      0.00000   0.00000  -0.21550 
  18   18   0.34280   11.62660    10.00 100.00     -0.00000  -0.00000  -1.09700 
  19   19   0.03560   11.64800    10.00 100.00     -0.35310  -0.00000   0.00000 
  20   20   0.00800   11.66080    10.00 100.00      0.00000  -0.16760   0.00000 
  21   21   0.02270   11.67920    10.00 100.00      0.00000  -0.28150  -0.00000 
  22   22   0.00000   11.98630    10.00 100.00     -0.00000   0.00000   0.00000 
  23   23   0.07620   12.01310    10.00 100.00     -0.00000  -0.50880   0.00000 
  24   24   0.00600   12.22280    10.00 100.00     -0.14170   0.00000  -0.00000 
  25   25   0.00000   12.27920    10.00 100.00     -0.00000   0.00000  -0.00000 
  26   26   0.07380   12.67480    10.00 100.00     -0.00000  -0.48750  -0.00000 
  27   27   0.00630   13.13110    10.00 100.00      0.13940   0.00000  -0.00000 
  28   28   0.08840   13.21800    10.00 100.00     -0.00000  -0.00000  -0.52260 
  29   29   0.18000   13.44290    10.00 100.00     -0.00000   0.00000   0.73920 
  30   30   0.00790   13.60390    10.00 100.00     -0.00000  -0.00000  -0.15400 
state state   Osc.      E(eV)      dum   dum        TrDx      TrDy       TrDz 
