   1    1   0.12800    4.74670    10.00 100.00      0.00000   1.04930  -0.00000 
   2    2   0.00000    5.08540    10.00 100.00      0.00000  -0.00000  -0.00000 
   3    3   0.03480    5.71030    10.00 100.00     -0.00000   0.49880  -0.00000 
   4    4   0.00670    5.88910    10.00 100.00     -0.00000  -0.00000   0.21490 
   5    5   0.00000    8.20000    10.00 100.00      0.00000   0.00000   0.00000 
   6    6   0.09450    8.94030    10.00 100.00      0.00000  -0.65680   0.00000 
   7    7   0.00810    9.39920    10.00 100.00     -0.00000   0.00000  -0.18710 
   8    8   0.39630    9.49930    10.00 100.00     -0.00000  -1.30490  -0.00000 
   9    9   0.00000   10.11290    10.00 100.00      0.00000  -0.00000   0.00000 
  10   10   0.05000   10.69770    10.00 100.00      0.00000   0.43690  -0.00000 
  11   11   0.26240   12.31400    10.00 100.00     -0.00000   0.00000   0.93270 
  12   12   0.02740   13.86160    10.00 100.00      0.00000  -0.00000   0.28410 
  13   13   0.01280   13.91280    10.00 100.00     -0.00000  -0.19410  -0.00000 
  14   14   0.00320   14.34050    10.00 100.00      0.09550  -0.00000  -0.00000 
  15   15   0.03550   14.94910    10.00 100.00      0.00000  -0.31120  -0.00000 
  16   16   0.00000   15.09730    10.00 100.00     -0.00000   0.00000   0.01010 
  17   17   0.00880   15.35640    10.00 100.00     -0.00000  -0.00000  -0.15310 
  18   18   0.10900   15.50000    10.00 100.00     -0.53580  -0.00000  -0.00000 
  19   19   0.00880   16.11010    10.00 100.00     -0.00000  -0.14970  -0.00000 
  20   20   0.11960   16.13610    10.00 100.00      0.00000   0.00000  -0.55010 
  21   21   0.02220   17.42340    10.00 100.00     -0.00000  -0.00000  -0.22820 
  22   22   0.15410   17.52220    10.00 100.00     -0.59920   0.00000   0.00000 
  23   23   0.07340   18.24760    10.00 100.00      0.00000  -0.00000   0.40510 
  24   24   0.04550   18.36610    10.00 100.00      0.00000  -0.31810  -0.00000 
  25   25   0.04120   18.73860    10.00 100.00      0.29950  -0.00000   0.00000 
  26   26   0.00780   18.77330    10.00 100.00     -0.00000  -0.00000   0.12990 
  27   27   0.02150   19.15090    10.00 100.00     -0.00000  -0.21410  -0.00000 
  28   28   0.00630   19.28450    10.00 100.00      0.11500  -0.00000  -0.00000 
  29   29   0.02160   19.67820    10.00 100.00      0.00000   0.00000   0.21170 
  30   30   0.06250   19.76180    10.00 100.00     -0.00000  -0.35930   0.00000 
state state   Osc.      E(eV)      dum   dum        TrDx      TrDy       TrDz 
