0.5	0.0
0.50475	0.0
0.5095	0.0
0.51425	0.0
0.519	0.0
0.52375	0.0
0.5285	0.0
0.53325	0.0
0.538	0.0
0.54275	0.0
0.5475	0.0
0.55225	0.0
0.5569999999999999	0.0
0.56175	0.0
0.5665	0.0
0.57125	0.0
0.576	0.0
0.58075	0.0
0.5855	0.0
0.5902499999999999	0.0
0.595	0.0
0.59975	0.0
0.6045	0.0
0.60925	0.0
0.614	0.0
0.61875	0.0
0.6234999999999999	0.0
0.62825	0.0
0.633	0.0
0.63775	0.0
0.6425	0.0
0.64725	0.0
0.652	0.0
0.65675	0.0
0.6615	0.0
0.66625	0.0
0.671	0.0
0.67575	0.0
0.6805	0.0
0.68525	0.0
0.69	0.0
0.69475	0.0
0.6995	0.0
0.70425	0.0
0.709	0.0
0.71375	0.0
0.7185	0.0
0.72325	0.0
0.728	0.0
0.73275	0.0
0.7375	0.0
0.74225	0.0
0.747	0.0
0.7517499999999999	0.0
0.7565	0.0
0.76125	0.0
0.766	0.0
0.77075	0.0
0.7755	0.0
0.78025	0.0
0.7849999999999999	0.0
0.78975	0.0
0.7945	0.0
0.79925	0.0
0.804	0.0
0.80875	0.0
0.8135	0.0
0.8182499999999999	0.0
0.823	0.0
0.82775	0.0
0.8325	0.0
0.83725	0.0
0.842	0.0
0.84675	0.0
0.8514999999999999	0.0
0.85625	0.0
0.861	0.0
0.86575	0.0
0.8705	0.0
0.87525	0.0
0.88	0.0
0.8847499999999999	0.0
0.8895	0.0
0.89425	0.0
0.899	0.0
0.90375	0.0
0.9085	0.0
0.91325	0.0
0.9179999999999999	0.0
0.92275	0.0
0.9275	0.0
0.93225	0.0
0.937	0.0
0.94175	0.0
0.9465	0.0
0.9512499999999999	0.0
0.956	0.0
0.96075	0.0
0.9655	0.0
0.9702500000000001	0.0
0.975	0.0
0.97975	0.0
0.9844999999999999	0.0
0.98925	0.0
0.994	0.0
0.99875	0.0
1.0034999999999998	0.0
1.0082499999999999	0.0
1.013	0.0
1.01775	0.0
1.0225	0.0
1.02725	0.0
1.032	0.0
1.03675	0.0
1.0415	0.0
1.0462500000000001	0.0
1.051	0.0
1.05575	0.0
1.0605	0.0
1.06525	0.0
1.0699999999999998	0.0
1.0747499999999999	0.0
1.0795	0.0
1.08425	0.0
1.089	0.0
1.09375	0.0
1.0985	0.0
1.10325	0.0
1.108	0.0
1.1127500000000001	0.0
1.1175	0.0
1.12225	0.0
1.127	0.0
1.13175	0.0
1.1364999999999998	0.0
1.1412499999999999	0.0
1.146	0.0
1.15075	0.0
1.1555	0.0
1.16025	0.0
1.165	0.0
1.16975	0.0
1.1745	0.0
1.1792500000000001	0.0
1.184	0.0
1.18875	0.0
1.1935	0.0
1.19825	0.0
1.2029999999999998	0.0
1.2077499999999999	0.0
1.2125	0.0
1.21725	0.0
1.222	0.0
1.22675	0.0
1.2315	0.0
1.23625	0.0
1.241	0.0
1.2457500000000001	0.0
1.2505	0.0
1.25525	0.0
1.26	0.0
1.2647499999999998	0.0
1.2694999999999999	0.0
1.2742499999999999	0.0
1.279	0.0
1.28375	0.0
1.2885	0.0
1.29325	0.0
1.298	0.0
1.30275	0.0
1.3075	0.0
1.3122500000000001	0.0
1.317	0.0
1.32175	0.0
1.3265	0.0
1.3312499999999998	0.0
1.3359999999999999	0.0
1.3407499999999999	0.0
1.3455	0.0
1.35025	0.0
1.355	0.0
1.35975	0.0
1.3645	0.0
1.36925	0.0
1.374	0.0
1.3787500000000001	0.0
1.3835	0.0
1.38825	0.0
1.393	0.0
1.3977499999999998	0.0
1.4024999999999999	0.0
1.40725	0.0
1.412	0.0
1.41675	0.0
1.4215	0.0
1.42625	0.0
1.431	0.0
1.43575	0.0
1.4405000000000001	0.0
1.44525	0.0
1.45	0.0
1.45475	0.0
1.4595	0.0
1.4642499999999998	0.0
1.4689999999999999	0.0
1.47375	0.0
1.4785	0.0
1.48325	0.0
1.488	0.0
1.49275	0.0
1.4975	0.0
1.50225	0.0
1.507	0.0
1.51175	0.0
1.5165	0.0
1.52125	0.0
1.526	0.0
1.53075	0.0
1.5354999999999999	0.0
1.54025	0.0
1.545	0.0
1.54975	0.0
1.5545	0.0
1.55925	0.0
1.564	0.0
1.5687499999999999	0.0
1.5735	0.0
1.57825	0.0
1.583	0.0
1.58775	0.0
1.5925	0.0
1.59725	0.0
1.6019999999999999	0.0
1.60675	0.0
1.6115	0.0
1.61625	0.0
1.621	0.0
1.62575	0.0
1.6305	0.0
1.6352499999999999	0.0
1.64	0.0
1.64475	0.0
1.6495	0.0
1.65425	0.0
1.659	0.0
1.66375	0.0
1.6684999999999999	0.0
1.67325	0.0
1.678	0.0
1.68275	0.0
1.6875	0.0
1.69225	0.0
1.697	0.0
1.7017499999999999	0.0
1.7065	0.0
1.71125	0.0
1.716	0.0
1.72075	0.0
1.7255	0.0
1.73025	0.0
1.7349999999999999	0.0
1.73975	0.0
1.7445	0.0
1.74925	0.0
1.754	0.0
1.75875	0.0
1.7635	0.0
1.7682499999999999	0.0
1.773	0.0
1.77775	0.0
1.7825	0.0
1.78725	0.0
1.792	0.0
1.79675	0.0
1.8014999999999999	0.0
1.80625	0.0
1.811	0.0
1.81575	0.0
1.8205	0.0
1.82525	0.0
1.83	0.0
1.8347499999999999	0.0
1.8395	0.0
1.84425	0.0
1.849	0.0
1.85375	0.0
1.8585	0.0
1.86325	0.0
1.8679999999999999	0.0
1.87275	0.0
1.8775	0.0
1.88225	0.0
1.887	0.0
1.89175	0.0
1.8965	0.0
1.9012499999999999	0.0
1.906	0.0
1.91075	0.0
1.9155	0.0
1.92025	0.0
1.925	0.0
1.9297499999999999	0.0
1.9344999999999999	0.0
1.93925	0.0
1.944	0.0
1.94875	0.0
1.9535	0.0
1.95825	0.0
1.9629999999999999	0.0
1.9677499999999999	0.0
1.9725	0.0
1.97725	0.0
1.982	0.0
1.98675	0.0
1.9915	0.0
1.9962499999999999	0.0
2.001	0.0
2.00575	0.0
2.0105	0.0
2.01525	0.0
2.02	0.0
2.02475	0.0
2.0294999999999996	0.0
2.03425	0.0
2.0389999999999997	0.0
2.04375	0.0
2.0484999999999998	0.0
2.0532500000000002	0.0
2.058	0.0
2.06275	0.0
2.0675	0.0
2.07225	0.0
2.077	0.0
2.08175	0.0
2.0865	0.0
2.09125	0.0
2.096	0.0
2.1007499999999997	0.0
2.1055	0.0
2.1102499999999997	0.0
2.115	0.0
2.11975	0.0
2.1245000000000003	0.0
2.12925	0.0
2.134	0.0
2.13875	0.0
2.1435	0.0
2.14825	0.0
2.153	0.0
2.15775	0.0
2.1624999999999996	0.0
2.16725	0.0
2.1719999999999997	0.0
2.17675	0.0
2.1814999999999998	0.0
2.1862500000000002	0.0
2.191	0.0
2.19575	0.0
2.2005	0.0
2.20525	0.0
2.21	0.0
2.21475	0.0
2.2195	0.0
2.22425	0.0
2.229	0.0
2.2337499999999997	0.0
2.2385	0.0
2.2432499999999997	0.0
2.248	0.0
2.25275	0.0
2.2575000000000003	0.0
2.26225	0.0
2.267	0.0
2.27175	0.0
2.2765	0.0
2.28125	0.0
2.286	0.0
2.29075	0.0
2.2954999999999997	0.0
2.30025	0.0
2.3049999999999997	0.0
2.30975	0.0
2.3145	0.0
2.3192500000000003	0.0
2.324	0.0
2.32875	0.0
2.3335	0.0
2.33825	0.0
2.343	0.0
2.34775	0.0
2.3525	0.0
2.3572499999999996	0.0
2.362	0.0
2.3667499999999997	0.0
2.3715	0.0
2.3762499999999998	0.0
2.3810000000000002	0.0
2.38575	0.0
2.3905	0.0
2.39525	0.0
2.4	0.0
2.40475	0.0
2.4095	0.0
2.41425	0.0
2.419	0.0
2.42375	0.0
2.4284999999999997	0.0
2.43325	0.0
2.4379999999999997	0.0
2.44275	0.0
2.4475	0.0
2.4522500000000003	0.0
2.457	0.0
2.46175	0.0
2.4665	0.0
2.47125	0.0
2.476	0.0
2.48075	0.0
2.4855	0.0
2.4902499999999996	0.0
2.495	0.0
2.4997499999999997	0.0
2.5045	0.0
2.5092499999999998	0.0
2.514	0.0
2.51875	0.0
2.5235	0.0
2.52825	0.0
2.533	0.0
2.53775	0.0
2.5425	0.0
2.54725	0.0
2.552	0.0
2.55675	0.0
2.5615	0.0
2.56625	0.0
2.5709999999999997	0.0
2.5757499999999998	0.0
2.5805	0.0
2.58525	0.0
2.59	0.0
2.59475	0.0
2.5995	0.0
2.60425	0.0
2.609	0.0
2.61375	0.0
2.6185	0.0
2.62325	0.0
2.628	0.0
2.63275	0.0
2.6374999999999997	0.0
2.6422499999999998	0.0
2.647	0.0
2.65175	0.0
2.6565	0.0
2.66125	0.0
2.666	0.0
2.67075	0.0
2.6755	0.0
2.68025	0.0
2.685	0.0
2.68975	0.0
2.6945	0.0
2.69925	0.0
2.7039999999999997	0.0
2.7087499999999998	0.0
2.7135	0.0
2.71825	0.0
2.723	0.0
2.72775	0.0
2.7325	0.0
2.73725	0.0
2.742	0.0
2.74675	0.0
2.7515	0.0
2.75625	0.0
2.761	0.0
2.76575	0.0
2.7704999999999997	0.0
2.7752499999999998	0.0
2.78	0.0
2.78475	0.0
2.7895	0.0
2.79425	0.0
2.799	0.0
2.80375	0.0
2.8085	0.0
2.81325	0.0
2.818	0.0
2.82275	0.0
2.8275	0.0
2.83225	0.0
2.8369999999999997	0.0
2.8417499999999998	0.0
2.8465	0.0
2.85125	0.0
2.856	0.0
2.86075	0.0
2.8655	0.0
2.87025	0.0
2.875	0.0
2.87975	0.0
2.8845	0.0
2.88925	0.0
2.894	0.0
2.89875	0.0
2.9034999999999997	0.0
2.90825	0.0
2.913	0.0
2.91775	0.0
2.9225	0.0
2.92725	0.0
2.932	0.0
2.93675	0.0
2.9415	0.0
2.94625	0.0
2.951	0.0
2.95575	0.0
2.9605	0.0
2.9652499999999997	0.0
2.9699999999999998	0.0
2.97475	0.0
2.9795	0.0
2.98425	0.0
2.989	0.0
2.99375	0.0
2.9985	0.0
3.00325	0.0
3.008	0.0
3.01275	0.0
3.0175	0.0
3.02225	0.0
3.027	0.0
3.0317499999999997	0.0
3.0364999999999998	0.0
3.04125	0.0
3.046	0.0
3.05075	0.0
3.0555	0.0
3.06025	0.0
3.065	0.0
3.06975	0.0
3.0745	0.0
3.07925	0.0
3.084	0.0
3.08875	0.0
3.0935	0.0
3.0982499999999997	0.0
3.1029999999999998	0.0
3.10775	0.0
3.1125	0.0
3.11725	0.0
3.122	0.0
3.12675	0.0
3.1315	0.0
3.13625	0.0
3.141	0.0
3.14575	0.0
3.1505	0.0
3.15525	0.0
3.16	0.0
3.1647499999999997	0.0
3.1694999999999998	0.0
3.17425	0.0
3.179	0.0
3.18375	0.0
3.1885	0.0
3.19325	0.0
3.198	0.0
3.20275	0.0
3.2075	0.0
3.21225	0.0
3.217	0.0
3.22175	0.0
3.2265	0.0
3.2312499999999997	0.0
3.2359999999999998	0.0
3.24075	0.0
3.2455	0.0
3.25025	0.0
3.255	0.0
3.25975	0.0
3.2645	0.0
3.26925	0.0
3.274	0.0
3.27875	0.0
3.2835	0.0
3.28825	0.0
3.293	0.0
3.2977499999999997	0.0
3.3024999999999998	0.0
3.30725	0.0
3.312	0.0
3.31675	0.0
3.3215	0.0
3.32625	0.0
3.331	0.0
3.33575	0.0
3.3405	0.0
3.34525	0.0
3.35	0.0
3.35475	0.0
3.3594999999999997	0.0
3.3642499999999997	0.0
3.3689999999999998	0.0
3.37375	0.0
3.3785	0.0
3.38325	0.0
3.388	0.0
3.39275	0.0
3.3975	0.0
3.40225	0.0
3.407	0.0
3.41175	0.0
3.4165	0.0
3.42125	0.0
3.4259999999999997	0.0
3.4307499999999997	0.0
3.4354999999999998	0.0
3.44025	0.0
3.445	0.0
3.44975	0.0
3.4545	0.0
3.45925	0.0
3.464	0.0
3.46875	0.0
3.4735	0.0
3.47825	0.0
3.483	0.0
3.48775	0.0
3.4924999999999997	0.0
3.4972499999999997	0.0
3.502	0.0
3.50675	0.0
3.5115	0.0
3.51625	0.0
3.521	0.0
3.52575	0.0
3.5305	0.0
3.53525	0.0
3.54	0.0
3.54475	0.0
3.5495	0.0
3.55425	0.0
3.5589999999999997	0.0
3.5637499999999998	0.0
3.5685	0.0
3.57325	0.0
3.578	0.0
3.58275	0.0
3.5875	0.0
3.59225	0.0
3.597	0.0
3.60175	0.0
3.6065	0.0
3.61125	0.0
3.616	0.0
3.62075	0.0
3.6254999999999997	0.0
3.6302499999999998	0.0
3.635	0.0
3.63975	0.0
3.6445	0.0
3.64925	0.0
3.654	0.0
3.65875	0.0
3.6635	0.0
3.66825	0.0
3.673	0.0
3.67775	0.0
3.6825	0.0
3.68725	0.0
3.6919999999999997	0.0
3.6967499999999998	0.0
3.7015	0.0
3.70625	0.0
3.711	0.0
3.71575	0.0
3.7205	0.0
3.72525	0.0
3.73	0.0
3.73475	0.0
3.7395	0.0
3.74425	0.0
3.749	0.0
3.7537499999999997	0.0
3.7584999999999997	0.0
3.7632499999999998	0.0
3.768	0.0
3.77275	0.0
3.7775	0.0
3.78225	0.0
3.787	0.0
3.79175	0.0
3.7965	0.0
3.80125	0.0
3.806	0.0
3.81075	0.0
3.8155	0.0
3.8202499999999997	0.0
3.8249999999999997	0.0
3.8297499999999998	0.0
3.8345	0.0
3.83925	0.0
3.844	0.0
3.84875	0.0
3.8535	0.0
3.85825	0.0
3.863	0.0
3.86775	0.0
3.8725	0.0
3.87725	0.0
3.882	0.0
3.8867499999999997	0.0
3.8914999999999997	0.0
3.8962499999999998	0.0
3.901	0.0
3.90575	0.0
3.9105	0.0
3.91525	0.0
3.92	0.0
3.92475	0.0
3.9295	0.0
3.93425	0.0
3.939	0.0
3.94375	0.0
3.9485	0.0
3.9532499999999997	0.0
3.9579999999999997	0.0
3.9627499999999998	0.0
3.9675	0.0
3.97225	0.0
3.977	0.0
3.98175	0.0
3.9865	0.0
3.99125	0.0
3.996	0.0
4.00075	8.4e-323
4.0055	1.464e-320
4.01025	2.497314e-318
4.015000000000001	4.1837601e-316
4.01975	6.8836924344e-314
4.0245	1.1123389049675e-311
4.029249999999999	1.76528073441101e-309
4.034	2.7513853489122823e-307
4.03875	4.2116283824261875e-305
4.0435	6.331544328179958e-303
4.0482499999999995	9.348248411741524e-301
4.053	1.3555383898899803e-298
4.05775	1.930431446106427e-296
4.0625	2.6999637288229674e-294
4.06725	3.708706461530645e-292
4.072	5.003201298096189e-290
4.0767500000000005	6.628793297265676e-288
4.0815	8.625453965370428e-286
4.08625	1.1022762018521545e-283
4.090999999999999	1.3834385877739396e-281
4.09575	1.7052588957789882e-279
4.1005	2.0643424679549548e-277
4.10525	2.4543367756491733e-275
4.109999999999999	2.8658110132186227e-273
4.11475	3.286411369436881e-271
4.1195	3.701325557593557e-269
4.12425	4.094054618714469e-267
4.129	4.44744886189432e-265
4.13375	4.7449241957827045e-263
4.1385000000000005	4.97174194348554e-261
4.14325	5.1162159030429426e-259
4.148	5.1707094235954035e-257
4.152749999999999	5.132304160220007e-255
4.1575	5.003059005171901e-253
4.16225	4.789827222950167e-251
4.167	4.503654392429722e-249
4.171749999999999	4.158830764039509e-247
4.1765	3.771711142515967e-245
4.18125	3.3594376585940974e-243
4.186	2.9387032436664206e-241
4.1907499999999995	2.524677229051422e-239
4.1955	2.1301833130650783e-237
4.2002500000000005	1.7651803253479077e-235
4.205	1.436554684396574e-233
4.20975	1.1481965344781692e-231
4.214499999999999	9.013039729001968e-230
4.21925	6.948440191730855e-228
4.224	5.260952087276149e-226
4.22875	3.9120315988956417e-224
4.233499999999999	2.856941490182317e-222
4.23825	2.049091363534054e-220
4.243	1.4433853206207248e-218
4.24775	9.985371566149343e-217
4.2524999999999995	6.784333062760401e-215
4.25725	4.527006057940938e-213
4.2620000000000005	2.966716010383675e-211
4.26675	1.9094217254200533e-209
4.2715	1.2069484701094416e-207
4.27625	7.492669598148468e-206
4.281	4.568203268337467e-204
4.28575	2.735364730617752e-202
4.2905	1.6085925396880976e-200
4.295249999999999	9.290473355117263e-199
4.3	5.269757354627322e-197
4.30475	2.935650701336647e-195
4.3095	1.6061241987532867e-193
4.3142499999999995	8.6300806793314e-192
4.319	4.554194460535885e-190
4.32375	2.360311216595691e-188
4.3285	1.2014009038853402e-186
4.33325	6.005755159818949e-185
4.338	2.9485485042651667e-183
4.3427500000000006	1.4217063865244147e-181
4.3475	6.73244070124894e-180
4.35225	3.131094274253639e-178
4.356999999999999	1.4301471854347831e-176
4.36175	6.415437997738628e-175
4.3665	2.8263951097909033e-173
4.37125	1.2229266762275364e-171
4.3759999999999994	5.1967155856506006e-170
4.38075	2.168794800738565e-168
4.3855	8.889328647050179e-167
4.39025	3.578330471583939e-165
4.395	1.414662740755102e-163
4.39975	5.492706184959623e-162
4.4045000000000005	2.0945021291522524e-160
4.40925	7.843975500248825e-159
4.414	2.8850452919878746e-157
4.418749999999999	1.0421495060961946e-155
4.4235	3.69716134070948e-154
4.42825	1.2881539333303538e-152
4.433	4.407863218141089e-151
4.437749999999999	1.4813218854916751e-149
4.4425	4.8891318992906274e-148
4.44725	1.5848021547428117e-146
4.452	5.045211032889592e-145
4.4567499999999995	1.5774100560636214e-143
4.4615	4.843628859017793e-142
4.4662500000000005	1.4606901332871272e-140
4.471	4.326197259466792e-139
4.47575	1.2583907713349171e-137
4.480499999999999	3.594890911084679e-136
4.48525	1.0085951884272331e-134
4.49	2.77913121733159e-133
4.49475	7.52076810309699e-132
4.499499999999999	1.998832156230896e-130
4.50425	5.2173676606447564e-129
4.509	1.3374807526536138e-127
4.51375	3.36732181967607e-126
4.5184999999999995	8.326120514590357e-125
4.52325	2.0219096521238942e-123
4.528	4.8221618503270854e-122
4.53275	1.12949107840914e-120
4.5375	2.598273186122365e-119
4.54225	5.870131127629272e-118
4.547	1.3024821448855077e-116
4.55175	2.8382898156871354e-115
4.5565	6.074390167408719e-114
4.56125	1.2767610154491043e-112
4.566	2.6355880375197965e-111
4.57075	5.343261467548309e-110
4.5755	1.0638889788167204e-108
4.5802499999999995	2.080401594308603e-107
4.585	3.995388640723857e-106
4.5897499999999996	7.535843448773465e-105
4.5945	1.3959365852752314e-103
4.59925	2.53957180038565e-102
4.604	4.5374963323798596e-101
4.60875	7.962199639519381e-100
4.6135	1.3721791715932063e-98
4.61825	2.3224670848747952e-97
4.623	3.860551026738512e-96
4.62775	6.302458739276631e-95
4.6325	1.0104892781323817e-93
4.63725	1.591161979996062e-92
4.6419999999999995	2.460696552676258e-91
4.64675	3.7373408966971097e-90
4.6514999999999995	5.574787920021391e-89
4.65625	8.166857389098491e-88
4.661	1.1750127474004647e-86
4.66575	1.660317590080656e-85
4.6705	2.3040969257131386e-84
4.67525	3.1403011953530062e-83
4.68	4.203420608485946e-82
4.68475	5.525802752494956e-81
4.6895	7.134259336227794e-80
4.69425	9.046141791508412e-79
4.699	1.1265199150651624e-77
4.70375	1.377765613671034e-76
4.7085	1.6549039542420299e-75
4.7132499999999995	1.9522311157808277e-74
4.718	2.261781523456655e-73
4.72275	2.573540801522415e-72
4.7275	2.8758911788763777e-71
4.73225	3.156274916932403e-70
4.737	3.402030351134591e-69
4.74175	3.601326761747533e-68
4.7465	3.7441036012334246e-67
4.75125	3.822910855536193e-66
4.756	3.83355297740875e-65
4.76075	3.7754589464120805e-64
4.7655	3.6517330295436033e-63
4.77025	3.4688799626884727e-62
4.7749999999999995	3.2362384124784536e-61
4.77975	2.965191385345256e-60
4.7844999999999995	2.6682464211787987e-59
4.78925	2.358088639924593e-58
4.794	2.0467052386543269e-57
4.79875	1.744662638458789e-56
4.8035	1.4605909492294577e-55
4.80825	1.2008996936444261e-54
4.813	9.697188717644361e-54
4.81775	7.690347165718352e-53
4.8225	5.989726996780132e-52
4.82725	4.581725810171962e-51
4.832	3.4420101567161593e-50
4.83675	2.539546585904554e-49
4.8415	1.840183808609623e-48
4.8462499999999995	1.3095654565419613e-47
4.851	9.15280481635549e-47
4.85575	6.282640014556664e-46
4.8605	4.2353678491398956e-45
4.86525	2.804148956548306e-44
4.87	1.8233582582500194e-43
4.87475	1.1644046247281693e-42
4.8795	7.302924648129265e-42
4.88425	4.4983236792674e-41
4.889	2.721231999252629e-40
4.89375	1.616744607054939e-39
4.8985	9.433617372330447e-39
4.90325	5.406000458538926e-38
4.9079999999999995	3.0425301020380926e-37
4.91275	1.681723813275991e-36
4.9174999999999995	9.129257323694023e-36
4.92225	4.867177759914267e-35
4.927	2.5484725015794478e-34
4.93175	1.3105200821551213e-33
4.9365	6.618634420006657e-33
4.94125	3.282873069168733e-32
4.946	1.5991926077345691e-31
4.95075	7.650828033976149e-31
4.9555	3.594819526719525e-30
4.96025	1.6588485145352864e-29
4.965	7.517913923799721e-29
4.9697499999999994	3.34617734326631e-28
4.9745	1.462721160784128e-27
4.9792499999999995	6.279645373765086e-27
4.984	2.647705502299161e-26
4.98875	1.0963903937201445e-25
4.9935	4.458838578679731e-25
4.99825	1.780898889178312e-24
5.003	6.985825941600765e-24
5.00775	2.6912698293844815e-23
5.0125	1.0182577155371119e-22
5.01725	3.783721483557869e-22
5.022	1.3808343967486111e-21
5.02675	4.949086191574661e-21
5.0315	1.742085325862044e-20
5.03625	6.022472316286547e-20
5.0409999999999995	2.0447545662480892e-19
5.04575	6.818181307157666e-19
5.0504999999999995	2.2328363269548032e-18
5.05525	7.181352047571298e-18
5.06	2.2683837643067887e-17
5.06475	7.037004481270332e-17
5.0695	2.1439769383959196e-16
5.07425	6.415246910006041e-16
5.079	1.8852442607626505e-15
5.08375	5.441051832887642e-15
5.0885	1.542265286410263e-14
5.09325	4.293349943454057e-14
5.098	1.173801007920568e-13
5.1027499999999995	3.151763721785228e-13
5.1075	8.311392864042985e-13
5.1122499999999995	2.1525584573330888e-12
5.117	5.475163371656807e-12
5.12175	1.3677294399634695e-11
5.1265	3.3555544642980374e-11
5.13125	8.085174062271884e-11
5.136	1.9132663815719085e-10
5.14075	4.446542948878374e-10
5.1455	1.0149170000976052e-09
5.15025	2.275095059321709e-09
5.155	5.008752268358554e-09
5.15975	1.0829802623254285e-08
5.1645	2.299707044470472e-08
5.16925	4.7960695697838e-08
5.1739999999999995	9.823345462914068e-08
5.17875	1.9760336921413585e-07
5.1834999999999996	3.9038242509833723e-07
5.18825	7.574381136144037e-07
5.193	1.4433279980885992e-06
5.19775	2.7011201487017605e-06
5.2025	4.964594174348159e-06
5.20725	8.961580055010666e-06
5.212	1.5887165100582266e-05
5.21675	2.766108514046956e-05
5.2215	4.729911367097185e-05
5.22625	7.943241679142725e-05
5.231	0.0001310097249709289
5.2357499999999995	0.00021221216592012465
5.2405	0.0003375965545203506
5.2452499999999995	0.0005274565840608384
5.25	0.0008093500813276258
5.25475	0.0012196833524476412
5.2595	0.0018051727216704667
5.26425	0.0026239249725186404
5.269	0.0037458039914117108
5.27375	0.005251697080951339
5.2785	0.00723128157115029
5.28325	0.009778941800970792
5.288	0.012987615867947395
5.29275	0.01694056900143956
5.2975	0.021701389220669266
5.30225	0.027302855065674366
5.3069999999999995	0.0337356883293337
5.31175	0.040938513808758105
5.3165	0.048790532011751674
5.32125	0.05710840352403774
5.326	0.06564860016877795
5.33075	0.07411598847220198
5.3355	0.08217871096977332
5.34025	0.0894886031335844
5.345	0.09570554879173297
5.34975	0.10052347455470882
5.3545	0.10369524677547638
5.35925	0.10505366111847445
5.364	0.10452604532215178
5.3687499999999995	0.10214070034200155
5.3735	0.09802438535621127
5.3782499999999995	0.09239115767245429
5.383	0.08552393496545109
5.38775	0.07775098951682867
5.3925	0.06942008798638295
5.39725	0.06087309442805487
5.402	0.052423568874434556
5.40675	0.044339293833247945
5.4115	0.03683086726190704
5.41625	0.030046653124291684
5.421	0.024073611398830852
5.42575	0.018942939529053814
5.430499999999999	0.014639103610723877
5.43525	0.011110729664670119
5.4399999999999995	0.008281932027913424
5.44475	0.006062918458008043
5.4495	0.004359059302970982
5.45425	0.0030779730444289565
5.459	0.0021345082192645907
5.46375	0.0014537570551125757
5.4685	0.000972404195354042
5.47325	0.000638796895774361
5.478	0.00041213524368917143
5.48275	0.00026114258396307664
5.4875	0.00016250870293601615
5.49225	9.931995989707574e-05
5.497	5.961525852738207e-05
5.5017499999999995	3.5143038831476926e-05
5.5065	2.0346146990074675e-05
5.5112499999999995	1.1568739119889399e-05
5.516	6.460272870158175e-06
5.52075	3.543045106155328e-06
5.5255	1.908373973809815e-06
5.53025	1.0095115064417555e-06
5.535	5.244692694019341e-07
5.53975	2.676022766415965e-07
5.5445	1.3409745823361267e-07
5.54925	6.599518836756908e-08
5.554	3.189811240704415e-08
5.55875	1.5141840951781336e-08
5.5634999999999994	7.0591654467845425e-09
5.56825	3.2321315295248212e-09
5.5729999999999995	1.4534017392075015e-09
5.57775	6.418644310672559e-10
5.5825	2.7839531912449837e-10
5.58725	1.18588215097855e-10
5.592	4.961147286916024e-11
5.59675	2.0383731655364617e-11
5.6015	8.225195906846039e-12
5.60625	3.259641157160109e-12
5.611	1.2686865019473299e-12
5.61575	4.849532011518295e-13
5.6205	1.8205655741163064e-13
5.62525	6.712337834552502e-14
5.63	2.430537194989235e-14
5.6347499999999995	8.643541492623098e-15
5.6395	3.0188543158938557e-15
5.6442499999999995	1.0355082757055572e-15
5.649	3.488397587544494e-16
5.65375	1.1541423185775103e-16
5.6585	3.7501940293336955e-17
5.66325	1.1967655943633153e-17
5.668	3.7508132112040666e-18
5.67275	1.1545234631201626e-18
5.6775	3.4901257454755896e-19
5.68225	1.0361923221895791e-19
5.687	3.0213473031768367e-20
5.69175	8.652107663431264e-21
5.6964999999999995	2.433347671280145e-21
5.70125	6.721208971114585e-22
5.7059999999999995	1.8232726483472419e-22
5.71075	4.8575448616205387e-23
5.7155	1.2709925590241209e-23
5.72025	3.266105285157146e-24
5.725	8.242867852752098e-25
5.72975	2.0430899101513499e-25
5.7345	4.973448271570296e-26
5.73925	1.1890187852053851e-26
5.744	2.791777555916774e-27
5.74875	6.437746803152216e-28
5.7535	1.457967909863157e-28
5.75825	3.242822834504947e-29
5.763	7.083766383332345e-30
5.7677499999999995	1.520127922786414e-30
5.7725	3.223819069611255e-31
5.7772499999999996	7.707730926172931e-32
5.782	6.603342912748551e-32
5.78675	2.5351537301693404e-31
5.7915	1.1759362261748034e-30
5.79625	5.409681788901254e-30
5.801	2.4451151439783096e-29
5.80575	1.08541388062073e-28
5.8105	4.732087038849053e-28
5.81525	2.026147578165336e-27
5.82	8.520212188236382e-27
5.82475	3.518768787892725e-26
5.8294999999999995	1.42722365806177e-25
5.83425	5.685312297341931e-25
5.8389999999999995	2.224219274703381e-24
5.84375	8.545979737861599e-24
5.8485	3.224832056135632e-23
5.85325	1.1951249974394528e-22
5.858	4.349912718909863e-22
5.86275	1.5549224722074086e-21
5.8675	5.458809290367028e-21
5.87225	1.882123375033915e-20
5.877	6.373224830409027e-20
5.88175	2.1194900160940308e-19
5.8865	6.922524403487879e-19
5.891249999999999	2.220539997237739e-18
5.896	6.99541831481771e-18
5.9007499999999995	2.1643613193233308e-17
5.9055	6.576681687424208e-17
5.91025	1.9626590702940757e-16
5.915	5.752331335659636e-16
5.91975	1.6557848554600993e-15
5.9245	4.680851928291067e-15
5.92925	1.2995915675931707e-14
5.934	3.54364208678228e-14
5.93875	9.489728814851247e-14
5.9435	2.495851474516391e-13
5.94825	6.446806831471721e-13
5.953	1.6354285013368907e-12
5.95775	4.074548122420369e-12
5.9624999999999995	9.969843136909373e-12
5.96725	2.39584205392155e-11
5.9719999999999995	5.654432536659682e-11
5.97675	1.3106322630823024e-10
5.9815	2.983552379896615e-10
5.98625	6.670332203786432e-10
5.991	1.464610843518869e-09
5.99575	3.1583336777748544e-09
6.0005	6.688900904684309e-09
6.00525	1.391273449377939e-08
6.01	2.8420467475598107e-08
6.01475	5.7017861098691905e-08
6.0195	1.1234444698313754e-07
6.024249999999999	2.17396868738944e-07
6.029	4.1315778721210064e-07
6.0337499999999995	7.711512833410714e-07
6.0385	1.4135924377619746e-06
6.04325	2.544894747026782e-06
6.048	4.499626045767149e-06
6.05275	7.813470976933287e-06
6.0575	1.3325164196239916e-05
6.06225	2.2318351838147686e-05
6.067	3.671238971250784e-05
6.07175	5.930948795687056e-05
6.0765	9.410152875742729e-05
6.08125	0.00014663247597038428
6.086	0.00022440092436466097
6.09075	0.0003372718539080768
6.0954999999999995	0.0004978477433333137
6.10025	0.0007217286918423664
6.1049999999999995	0.0010275722881146504
6.10975	0.001436851155851471
6.1145	0.001973204810478622
6.11925	0.0026612981745888498
6.124	0.0035251361459469944
6.12875	0.004585843654110192
6.1335	0.005859001226770702
6.13825	0.007351719644000924
6.143	0.009059730984404626
6.14775	0.01096485034205647
6.1525	0.013033204141324656
6.1572499999999994	0.015214610647717588
6.162	0.017443425343056596
6.1667499999999995	0.019641027423785075
6.1715	0.021719934965890753
6.17625	0.02358931852238452
6.181	0.02516146866667737
6.18575	0.026358598914484874
6.1905	0.027119265298732504
6.19525	0.02740368130398774
6.2	0.02719730973736878
6.20475	0.026512310648121425
6.2095	0.025386688219426155
6.21425	0.023881268438244868
6.218999999999999	0.02207490692419863
6.22375	0.02005852984290216
6.2284999999999995	0.017928719327832958
6.23325	0.015781554516404547
6.2379999999999995	0.013707315557369166
6.24275	0.011786473397161183
6.2475	0.010087157600535418
6.25225	0.008664057953182813
6.257	0.00755851122173506
6.26175	0.006799382252438797
6.2665	0.006404286530623901
6.27125	0.006380723633353242
6.276	0.006726788785434253
6.28075	0.007431283226492742
6.2855	0.008473226095899967
6.2902499999999995	0.009820950275603944
6.295	0.011431111867797468
6.2997499999999995	0.013248032021231027
6.3045	0.015203803124448084
6.30925	0.017219522547431355
6.314	0.019207872631786867
6.31875	0.02107706498232752
6.3235	0.02273594071643465
6.32825	0.024099803290420115
6.333	0.02509639461896484
6.33775	0.02567134002682345
6.3425	0.02579240221387196
6.34725	0.025452001124784303
6.351999999999999	0.02466765958172193
6.35675	0.02348029230053143
6.3614999999999995	0.021950527055650714
6.36625	0.020153487757205026
6.3709999999999996	0.01817264267332195
6.37575	0.01609340260164468
6.3805	0.013997136098990288
6.38525	0.011956161906748244
6.39	0.010030106656384617
6.39475	0.008263811479430458
6.3995	0.006686768596548961
6.40425	0.005313897896201365
6.409	0.004147354134705759
6.41375	0.003178996365111282
6.4185	0.00239315006919797
6.4232499999999995	0.0017693380742874374
6.428	0.0012847324682643574
6.4327499999999995	0.0009161689363415349
6.4375	0.0006416517902947687
6.44225	0.0004413511303521546
6.447	0.00029814673715503027
6.45175	0.00019780481693864655
6.4565	0.00012888567501540178
6.46125	8.247710759126297e-05
6.466	5.183500903171651e-05
6.47075	3.199439627216291e-05
6.4755	1.939481516754831e-05
6.48025	1.1546712575191018e-05
6.484999999999999	6.751372185203077e-06
6.48975	3.876919018951896e-06
6.4944999999999995	2.1864643145181505e-06
6.49925	1.211041545691529e-06
6.504	6.587743412869735e-07
6.50875	3.519453999867004e-07
6.5135	1.8466087779223234e-07
6.51825	9.51558477323538e-08
6.523	4.8156737217143796e-08
6.52775	2.393534052680312e-08
6.5325	1.1683774096325602e-08
6.53725	5.601285079470731e-09
6.542	2.6372614517875486e-09
6.54675	1.2194940381449216e-09
6.5515	5.538181196007857e-10
6.5562499999999995	2.470106193130663e-10
6.561	1.0819945493972278e-10
6.5657499999999995	4.654740840792402e-11
6.5705	1.9666493082282008e-11
6.57525	8.160548043171374e-12
6.58	3.3256206850226786e-12
6.58475	1.3310276710603683e-12
6.5895	5.231936210344009e-13
6.59425	2.019755413927821e-13
6.599	7.657660465644961e-14
6.60375	2.8513755154881267e-14
6.6085	1.0427344222312932e-14
6.61325	3.7450186909184744e-15
6.617999999999999	1.3209769914399383e-15
6.62275	4.576121022032317e-16
6.6274999999999995	1.5569000562614204e-16
6.63225	5.2021749296473234e-17
6.637	1.7071439915774744e-17
6.64175	5.501946214559069e-18
6.6465	1.7415001323792137e-18
6.65125	5.413668611840559e-19
6.656	1.6528019179915283e-19
6.66075	4.955767613947101e-20
6.6655	1.4593586710734534e-20
6.67025	4.2205994419704744e-21
6.675	1.1988013299016476e-21
6.679749999999999	3.3441155826497606e-22
6.6845	9.161705504556966e-23
6.6892499999999995	2.4650876182912352e-23
6.694	6.514024349042412e-24
6.6987499999999995	1.6905475064847058e-24
6.7035	4.308899511684777e-25
6.70825	1.078614705598645e-25
6.713	2.651717732077367e-26
6.71775	6.4024947800008555e-27
6.7225	1.5182110846982331e-27
6.72725	3.5357053644800867e-28
6.732	8.08687930775551e-29
6.73675	1.8165478419608378e-29
6.7415	4.007501592040626e-30
6.74625	8.682835065224165e-31
6.7509999999999994	1.84761033954363e-31
6.75575	3.8611813611161703e-32
6.7604999999999995	7.924849125173827e-33
6.76525	1.5974335046149083e-33
6.77	3.1623909610605344e-34
6.77475	6.148501955879511e-35
6.7795	1.1740431409855944e-35
6.78425	2.2017083037142554e-36
6.789	4.055052578111267e-37
6.79375	7.334899768821041e-38
6.7985	1.3030253417417565e-38
6.80325	2.2733825663687405e-39
6.808	3.89540998350907e-40
6.812749999999999	6.555333713619693e-41
6.8175	1.0834214314454689e-41
6.8222499999999995	1.7585755217471683e-42
6.827	2.8034034914761594e-43
6.8317499999999995	4.389056592032535e-44
6.8365	6.74866290880164e-45
6.84125	1.0191198857141919e-45
6.846	1.5114500539640145e-46
6.85075	2.201523418475409e-47
6.8555	3.149298333199864e-48
6.86025	4.424511025551833e-49
6.865	6.104888615810324e-50
6.86975	8.272774608774897e-51
6.8745	1.1009957037975886e-51
6.87925	1.4390670887953634e-52
6.8839999999999995	1.8473000518125839e-53
6.88875	2.3289213829550103e-54
6.8934999999999995	2.883587929477395e-55
6.89825	3.5064895913813794e-56
6.903	4.1876742725321465e-57
6.90775	4.911726977777987e-58
6.9125	5.65791641337093e-59
6.91725	6.400881994993536e-60
6.922	7.111874740084642e-61
6.92675	7.760493896114448e-62
6.9315	8.316787575587295e-63
6.93625	8.753522270451065e-64
6.941	9.048384717781332e-65
6.945749999999999	9.185869234998611e-66
6.9505	9.158628528804531e-67
6.9552499999999995	8.968124214575058e-68
6.96	8.624496889248484e-69
6.9647499999999996	8.145671831174534e-70
6.9695	7.555810089002377e-71
6.97425	6.883291192168328e-72
6.979	6.15846157176624e-73
6.98375	5.411395968982067e-74
6.9885	4.669897801988737e-75
6.99325	3.9579146399723736e-76
6.998	3.2944768137701885e-77
7.00275	2.6931929675043486e-78
7.007499999999999	2.1622677592181173e-79
7.01225	1.7049531842988585e-80
7.0169999999999995	1.3203115684671622e-81
7.02175	1.0041564526452453e-82
7.0264999999999995	7.5004500427774435e-84
7.03125	5.502173067785483e-85
7.036	3.964077671242038e-86
7.04075	2.8048590928295186e-87
7.0455	1.949130540393432e-88
7.05025	1.3302454704016746e-89
7.055	8.91627871744857e-91
7.05975	5.8694372968258494e-92
7.0645	3.794637407138888e-93
7.06925	2.4093787986625774e-94
7.074	1.502452912316951e-95
7.078749999999999	9.201479012554585e-97
7.0835	5.534461803882813e-98
7.0882499999999995	3.269295176612974e-99
7.093	1.896679095336521e-100
7.09775	1.0806736593581088e-101
7.1025	6.047226827472979e-103
7.10725	3.323371847736019e-104
7.112	1.7937528283773653e-105
7.11675	9.508395672344654e-107
7.1215	4.950087515396521e-108
7.12625	2.5309262673080655e-109
7.131	1.2708874580385186e-110
7.13575	6.267519286559232e-112
7.140499999999999	3.035604925949621e-113
7.14525	1.4439621298583094e-114
7.1499999999999995	6.745704960803993e-116
7.15475	3.094994389117879e-117
7.1594999999999995	1.3946119244924733e-118
7.16425	6.171743483001316e-120
7.169	2.6823987903868347e-121
7.17375	1.1449850248867075e-122
7.1785	4.7999559664113305e-124
7.18325	1.9762217944887467e-125
7.188	7.990889044115431e-127
7.19275	3.173331924526389e-128
7.1975	1.2376472634862557e-129
7.20225	4.740664876459427e-131
7.207	1.7833747355377815e-132
7.211749999999999	6.58880946347875e-134
7.2165	2.3907395832721803e-135
7.2212499999999995	8.51958774667582e-137
7.226	2.9817132341973887e-138
7.23075	1.0248826714067115e-139
7.2355	3.459739596485473e-141
7.24025	1.1470270465250695e-142
7.245	3.7347788404028893e-144
7.24975	1.194310100703824e-145
7.2545	3.75085525909375e-147
7.25925	1.156923094282004e-148
7.264	3.504609710419422e-150
7.26875	1.0426434373878082e-151
7.273499999999999	3.0464422703732213e-153
7.27825	8.742005512546614e-155
7.2829999999999995	2.463713390258526e-156
7.28775	6.819150513809124e-158
7.2924999999999995	1.8536654422496286e-159
7.29725	4.948726075567396e-161
7.302	1.2975271724301498e-162
7.30675	3.3411847643947457e-164
7.3115	8.44978206538215e-166
7.31625	2.0987055353913504e-167
7.321	5.119393264180294e-169
7.32575	1.2264404391927035e-170
7.3305	2.885595259870495e-172
7.33525	6.667842830563356e-174
7.34	1.5131998080158306e-175
7.3447499999999994	3.372626011743949e-177
7.3495	7.382459575341401e-179
7.3542499999999995	1.5870658782610426e-180
7.359	3.35081010121793e-182
7.36375	6.948093628207093e-184
7.3685	1.4149545590642617e-185
7.37325	2.8299600723135983e-187
7.378	5.558775158834084e-189
7.38275	1.0723557691681382e-190
7.3875	2.0317003794827057e-192
7.39225	3.780431867590662e-194
7.397	6.908506233292292e-196
7.40175	1.239903473670405e-197
7.406499999999999	2.1855089243763455e-199
7.41125	3.783365300704199e-201
7.4159999999999995	6.432280176694135e-203
7.42075	1.0740206077277207e-204
7.4254999999999995	1.7612510311922915e-206
7.43025	2.8365529236913973e-208
7.435	4.486642914976506e-210
7.43975	6.969684286439318e-212
7.4445	1.063324180783231e-213
7.44925	1.5932328749697414e-215
7.454	2.3445193025970713e-217
7.45875	3.388358475636797e-219
7.4635	4.809344347954236e-221
7.468249999999999	6.7041447237505074e-223
7.473	9.178292054420609e-225
7.4777499999999995	1.2340744175245104e-226
7.4825	1.6296029816128825e-228
7.4872499999999995	2.1134075586981196e-230
7.492	2.6918179617600264e-232
7.49675	3.367201464996937e-234
7.5015	4.136694998760709e-236
7.50625	4.991130042405565e-238
7.511	5.914325930031032e-240
7.51575	6.88291818975936e-242
7.5205	7.866851379185184e-244
7.52525	8.830601121520745e-246
7.53	9.735103548286016e-248
7.53475	1.0540273182886919e-249
7.539499999999999	1.120789731738086e-251
7.54425	1.1704622314895199e-253
7.5489999999999995	1.2004709359451043e-255
7.55375	1.2092243396179006e-257
7.5584999999999996	1.1962531516670459e-259
7.56325	1.1622519790845113e-261
7.568	1.109017702012464e-263
7.57275	1.0392921499426185e-265
7.5775	9.565282482132368e-268
7.58225	8.646073794723716e-270
7.587	7.67540075178518e-272
7.59175	6.691818717443436e-274
7.5965	5.729916047954534e-276
7.601249999999999	4.818516329836483e-278
7.606	3.979599759415433e-280
7.6107499999999995	3.2279473416116445e-282
7.6155	2.571428608492956e-284
7.6202499999999995	2.0117938952527332e-286
7.625	1.5458006485254561e-288
7.62975	1.1664992636355322e-290
7.6345	8.64522772151232e-293
7.63925	6.29258934257025e-295
7.644	4.498247300721e-297
7.64875	3.1580445354790967e-299
7.6535	2.177479911367795e-301
7.65825	1.4745212932145947e-303
7.663	9.806384656664482e-306
7.66775	6.405127587354329e-308
7.672499999999999	4.10873025793163e-310
7.67725	2.588501733592e-312
7.6819999999999995	1.6015860397e-314
7.68675	9.732246e-317
7.6915	5.80814e-319
7.69625	3.404e-321
7.701	2e-323
7.70575	0.0
7.7105	0.0
7.71525	0.0
7.72	0.0
7.72475	0.0
7.7295	0.0
7.734249999999999	0.0
7.739	0.0
7.7437499999999995	0.0
7.7485	0.0
7.7532499999999995	0.0
7.758	0.0
7.76275	0.0
7.7675	0.0
7.77225	0.0
7.777	0.0
7.78175	0.0
7.7865	0.0
7.79125	0.0
7.795999999999999	0.0
7.80075	0.0
7.805499999999999	0.0
7.81025	0.0
7.8149999999999995	0.0
7.81975	0.0
7.8245	0.0
7.82925	0.0
7.834	0.0
7.83875	0.0
7.8435	0.0
7.84825	0.0
7.853	0.0
7.85775	0.0
7.8625	0.0
7.867249999999999	0.0
7.872	0.0
7.8767499999999995	0.0
7.8815	0.0
7.8862499999999995	0.0
7.891	0.0
7.89575	0.0
7.9005	0.0
7.90525	0.0
7.91	0.0
7.91475	0.0
7.9195	0.0
7.92425	0.0
7.928999999999999	0.0
7.93375	0.0
7.9384999999999994	0.0
7.94325	0.0
7.9479999999999995	0.0
7.95275	0.0
7.9575	0.0
7.96225	0.0
7.967	0.0
7.97175	0.0
7.9765	0.0
7.98125	0.0
7.986	0.0
7.99075	0.0
7.9955	0.0
8.00025	0.0
8.004999999999999	0.0
8.00975	0.0
8.0145	0.0
8.01925	0.0
8.024000000000001	0.0
8.028749999999999	0.0
8.0335	0.0
8.03825	0.0
8.043	0.0
8.04775	0.0
8.0525	0.0
8.05725	0.0
8.062	0.0
8.066749999999999	0.0
8.0715	0.0
8.07625	0.0
8.081	0.0
8.08575	0.0
8.090499999999999	0.0
8.09525	0.0
8.1	8e-323
8.10475	1.409e-320
8.1095	2.404667e-318
8.11425	4.03084727e-316
8.119	6.635880831e-314
8.123750000000001	1.072906300751e-311
8.128499999999999	1.703672047145367e-309
8.13325	2.6568753803880734e-307
8.138	4.069277955941599e-305
8.14275	6.121030050854947e-303
8.1475	9.0425860894796e-301
8.152249999999999	1.3119635739173126e-298
8.157	1.8694415321750533e-296
8.16175	2.6161520483891127e-294
8.1665	3.5956305363852295e-292
8.17125	4.8534227728555496e-290
8.176	6.4340165199486804e-288
8.18075	8.3767818260110955e-286
8.185500000000001	1.0711078979535027e-283
8.190249999999999	1.3450865298636751e-281
8.195	1.6589305694171284e-279
8.19975	2.009403623823957e-277
8.2045	2.3903810478734897e-275
8.20925	2.7927243851156386e-273
8.213999999999999	3.204424193810924e-271
8.21875	3.611045091678884e-269
8.2235	3.996472286189299e-267
8.22825	4.343918659011639e-265
8.233	4.637111596103646e-263
8.23775	4.861545957474977e-261
8.2425	5.005670148395606e-259
8.247250000000001	5.0618706750314346e-257
8.251999999999999	5.0271384600648185e-255
8.25675	4.903335763809982e-253
8.2615	4.6970307588286726e-251
8.26625	4.4189202090378646e-249
8.271	4.0829108744819633e-247
8.275749999999999	3.704969392830823e-245
8.2805	3.3018727637935793e-243
8.28525	2.889994577122286e-241
8.29	2.4842466129173243e-239
8.29475	2.0972652910525937e-237
8.2995	1.7388936327244884e-235
8.30425	1.4159686875884175e-233
8.309000000000001	1.1323880209695332e-231
8.313749999999999	8.89401521471803e-230
8.3185	6.860589814091477e-228
8.32325	5.197398597939882e-226
8.328	3.8669769224711756e-224
8.33275	2.8256483955422896e-222
8.337499999999999	2.0278024562392805e-220
8.34225	1.429203772613509e-218
8.347	9.892900650007708e-217
8.35175	6.725338157378067e-215
8.3565	4.490199001693267e-213
8.36125	2.944272730091709e-211
8.366	1.896057347381938e-209
8.370750000000001	1.1991841659778218e-207
8.375499999999999	7.448713782947272e-206
8.38025	4.543993199892053e-204
8.385	2.722419478085217e-202
8.38975	1.6018926123953868e-200
8.3945	9.257052745242836e-199
8.399249999999999	5.253794271532024e-197
8.404	2.92842679257578e-195
8.40875	1.6030854235053645e-193
8.413499999999999	8.618663868316328e-192
8.41825	4.550762871609019e-190
8.423	2.3598774671968044e-188
8.42775	1.2018649928228828e-186
8.432500000000001	6.011500700917633e-185
8.437249999999999	2.9530520597146525e-183
8.442	1.4246897148585385e-181
8.44675	6.750414787913266e-180
8.4515	3.1412435830409737e-178
8.45625	1.4356010060558387e-176
8.460999999999999	6.443574856766335e-175
8.46575	2.840409699339654e-173
8.4705	1.2296912432326728e-171
8.475249999999999	5.228440359155379e-170
8.48	2.18327891694031e-168
8.48475	8.953797501459966e-167
8.4895	3.6063369364571606e-165
8.494250000000001	1.4265477607162516e-163
8.498999999999999	5.542010156961967e-162
8.50375	2.1145078559036218e-160
8.5085	7.923412626319808e-159
8.51325	2.915924185125269e-157
8.518	1.0539042780516748e-155
8.52275	3.7409946872108777e-154
8.5275	1.3041693819788113e-152
8.53225	4.465210047031331e-151
8.536999999999999	1.5014496432378837e-149
8.54175	4.958389434639455e-148
8.5465	1.6081682385701263e-146
8.55125	5.1225158650986776e-145
8.556	1.60249295296544e-143
8.56075	4.92345450499637e-142
8.5655	1.4856096597587606e-140
8.57025	4.402511353681531e-139
8.575	1.2813189208148268e-137
8.57975	3.6624776111220174e-136
8.5845	1.0281434245355298e-134
8.58925	2.834610625764358e-133
8.594	7.675277808330108e-132
8.598749999999999	2.041060046138185e-130
8.6035	5.3306288288320155e-129
8.60825	1.3672945746196562e-127
8.613	3.444345604877596e-126
8.61775	8.521427198593791e-125
8.6225	2.0705176581151516e-123
8.62725	4.940905230254087e-122
8.632	1.157964095914402e-120
8.63675	2.665291094666063e-119
8.6415	6.024974141061072e-118
8.64625	1.337601388550878e-116
8.651	2.9164814547156075e-115
8.65575	6.245291472647516e-114
8.660499999999999	1.313430779478968e-112
8.66525	2.7128304503731386e-111
8.67	5.502994746821722e-110
8.67475	1.0963179616937794e-108
8.679499999999999	2.145037778312779e-107
8.68425	4.1218705260169008e-106
8.689	7.778838068418829e-105
8.69375	1.4417703850512266e-103
8.6985	2.624450916565345e-102
8.70325	4.691824877827679e-101
8.708	8.237702757895417e-100
8.71275	1.4204679044972382e-98
8.7175	2.405568443208062e-97
8.722249999999999	4.000967238674661e-96
8.727	6.535416302482649e-95
8.73175	1.048437397208899e-93
8.7365	1.6518580901808952e-92
8.741249999999999	2.556018250088885e-91
8.746	3.8843302828546117e-90
8.75075	5.797347530376084e-89
8.7555	8.497741290084461e-88
8.76025	1.2233160088768253e-86
8.765	1.729556675309574e-85
8.76975	2.401551593195603e-84
8.7745	3.2749903831337633e-83
8.77925	4.386206978667621e-82
8.783999999999999	5.76938071678643e-81
8.78875	7.452985226333575e-80
8.7935	9.45566999131466e-79
8.79825	1.1781900142852134e-77
8.802999999999999	1.441781182741406e-76
8.80775	1.7327836968868313e-75
8.8125	2.0452685387970655e-74
8.81725	2.370922222070304e-73
8.822	2.699263369567609e-72
8.82675	3.018103991090284e-71
8.8315	3.3142412835868864e-70
8.83625	3.574333162296602e-69
8.841	3.785880685852281e-68
8.84575	3.938218425313495e-67
8.8505	4.023404165928471e-66
8.85525	4.036904796033293e-65
8.86	3.9779959635907055e-64
8.864749999999999	3.849826463060021e-63
8.8695	3.659139387589031e-62
8.87425	3.415684413208027e-61
8.879	3.131392499920073e-60
8.88375	2.8194101623288986e-59
8.8885	2.4931017245600904e-58
8.89325	2.165123740507895e-57
8.898	1.8466578206094957e-56
8.90275	1.546860400704085e-55
8.9075	1.2725556939191384e-54
8.91225	1.0281665245890499e-53
8.917	8.158514801693391e-53
8.92175	6.357988475061071e-52
8.926499999999999	4.8661932446873114e-51
8.93125	3.65779996358151e-50
8.936	2.7002970104690434e-49
8.94075	1.9577809781043204e-48
8.9455	1.3940477766989989e-47
8.95025	9.748823244459555e-47
8.955	6.695572532089241e-46
8.95975	4.516315013610573e-45
8.9645	2.991863106430653e-44
8.96925	1.9465259369063625e-43
8.974	1.2437687936880994e-42
8.97875	7.805129298013602e-42
8.9835	4.810403781658566e-41
8.988249999999999	2.911682037317024e-40
8.993	1.7308815425548305e-39
8.99775	1.010535863323488e-38
9.0025	5.794248269851769e-38
9.007249999999999	3.262897665107024e-37
9.012	1.8045577752668103e-36
9.01675	9.801648265734187e-36
9.0215	5.228636145975308e-35
9.02625	2.7392944190065617e-34
9.031	1.4094510226445036e-33
9.03575	7.122332591473302e-33
9.0405	3.5347238940201644e-32
9.04525	1.7228589599571744e-31
9.049999999999999	8.24716988247239e-31
9.05475	3.877226211180491e-30
9.0595	1.790186690811267e-29
9.06425	8.117765332630948e-29
9.068999999999999	3.6152276160670717e-28
9.07375	1.5812326877398389e-27
9.0785	6.792300728975508e-27
9.08325	2.865490764407764e-26
9.088	1.187249798800659e-25
9.09275	4.83110171008714e-25
9.0975	1.930684196371915e-24
9.10225	7.577697896851969e-24
9.107	2.920951306128681e-23
9.111749999999999	1.1057891688266032e-22
9.1165	4.1113204735029984e-22
9.12125	1.501244103990814e-21
9.126	5.383717749377984e-21
9.130749999999999	1.8961567491352868e-20
9.1355	6.558842072324251e-20
9.14025	2.228132924108479e-19
9.145	7.43388781540181e-19
9.14975	2.4358575911556658e-18
9.1545	7.838785314803024e-18
9.15925	2.477459884164766e-17
9.164	7.689984708531762e-17
9.16875	2.3442574564063317e-16
9.1735	7.01852935172376e-16
9.17825	2.0637064404509192e-15
9.183	5.959512062633012e-15
9.18775	1.6901858884400278e-14
9.192499999999999	4.7078132215631236e-14
9.19725	1.2878490492827366e-13
9.202	3.459964825757871e-13
9.20675	9.129340184546716e-13
9.2115	2.365745821264997e-12
9.21625	6.020849305743554e-12
9.221	1.5049026881351765e-11
9.22575	3.694197099687667e-11
9.2305	8.906205109005031e-11
9.23525	2.1087558817167582e-10
9.24	4.90366627177424e-10
9.24475	1.1198928947826104e-09
9.2495	2.511846276507914e-09
9.254249999999999	5.533126636103807e-09
9.259	1.1970413349263765e-08
9.26375	2.5433648745590523e-08
9.2685	5.3072454769073854e-08
9.273249999999999	1.0876537628230922e-07
9.278	2.189138013242161e-07
9.28275	4.327295993560771e-07
9.2875	8.400807776439757e-07
9.29225	1.6017195519134394e-06
9.297	2.999251543657009e-06
9.30175	5.5156955922891335e-06
9.3065	9.962048987683404e-06
9.31125	1.7670874435050666e-05
9.315999999999999	3.0784236964146766e-05
9.32075	5.266956487377668e-05
9.3255	8.850178949515389e-05
9.33025	0.00014605127695868904
9.334999999999999	0.0002367116590814202
9.33975	0.00037678614508945444
9.3445	0.0005890215509866551
9.34925	0.0009043331055343559
9.354	0.001363598952523614
9.35875	0.002019323376377907
9.3635	0.0029368791181965496
9.36825	0.00419495449788872
9.373	0.00588476903240213
9.377749999999999	0.008107604862370797
9.3825	0.010970254713460978
9.38725	0.01457813047589266
9.392	0.019026019564964265
9.396749999999999	0.024386811969125396
9.4015	0.030698920561492555
9.40625	0.0379535291068747
9.411	0.046083155515475135
9.41575	0.05495323182882485
9.4205	0.06435840202458536
9.42525	0.0740249718056509
9.43	0.08362039863280175
9.43475	0.09276992406280803
9.439499999999999	0.10107951588775031
9.44425	0.10816334012072644
9.449	0.11367318046435913
9.45375	0.11732671664520597
9.458499999999999	0.11893147573688224
9.46325	0.11840163045756229
9.468	0.11576560416850358
9.47275	0.11116354475296802
9.4775	0.10483497982076746
9.48225	0.09709816655707242
9.487	0.08832361329657863
9.49175	0.07890483397706878
9.4965	0.0692295291283361
9.50125	0.05965407689279031
9.506	0.05048354760057598
9.51075	0.04195856119894023
9.5155	0.03424934680445265
9.520249999999999	0.02745648789322633
9.525	0.021617161070356668
9.52975	0.016715267002263123
9.5345	0.012693721416858199
9.53925	0.009467288093828082
9.544	0.006934628681232348
9.54875	0.00498863611197503
9.5535	0.003524532053558121
9.55825	0.002445581936434179
9.563	0.0016665731886996965
9.56775	0.001115395783867834
9.5725	0.0007331611242841067
9.57725	0.0004733114140699079
9.581999999999999	0.0003001299386564906
9.58675	0.00018698726460000286
9.5915	0.00011457056275504118
9.59625	6.925902948125421e-05
9.600999999999999	4.173782924636943e-05
9.60575	2.5890913930311426e-05
9.6105	1.7980285649008364e-05
9.61525	1.610399936101301e-05
9.62	1.992439006280511e-05
9.62475	3.066816299707807e-05
9.6295	5.141756961984002e-05
9.63425	8.773329758139958e-05
9.639	0.00014867089285936608
9.643749999999999	0.00024826853952004165
9.6485	0.00040758850835029904
9.65325	0.0006573797058651563
9.658	0.001041385603735246
9.662749999999999	0.0016202416951774784
9.6675	0.0024757832072982155
9.67225	0.003715416304134396
9.677	0.005476002774457092
9.68175	0.007926490031642551
9.6865	0.01126832046749958
9.69125	0.01573252588174986
9.696	0.021572412061185466
9.70075	0.029050923656299143
9.705499999999999	0.038422194636842974
9.71025	0.049907449385090674
9.715	0.0636662934849849
9.71975	0.079765436005436
9.724499999999999	0.0981478757761173
9.72925	0.11860637981937658
9.734	0.1407654848775148
9.73875	0.16407608905147486
9.7435	0.18782586392276415
9.74825	0.21116720868299382
9.753	0.23316241664194773
9.75775	0.2528433881434198
9.7625	0.26928095525029644
9.76725	0.28165707302988574
9.772	0.28933213314291467
9.77675	0.2918997081001459
9.7815	0.28922220781945485
9.786249999999999	0.2814430949763434
9.791	0.2689741498736035
9.79575	0.25245935813019127
9.8005	0.23271982864207405
9.80525	0.2106862958961058
9.81	0.18732691102628105
9.81475	0.1635780551358602
9.8195	0.1402848892062591
9.82425	0.11815653083043276
9.829	0.09773847390131672
9.83375	0.07940253366321708
9.8385	0.06335255756036241
9.84325	0.049642646752434606
9.847999999999999	0.03820381110795732
9.85275	0.02887482989839832
9.8575	0.021433503413608224
9.86225	0.015625282537517472
9.866999999999999	0.011187256050934067
9.87175	0.007866476724332857
9.8765	0.005432477426442739
9.88125	0.0036844832231655083
9.886	0.0024542354273685237
9.89075	0.0016055241522200095
9.8955	0.001031521893129633
9.90025	0.0006508801714561889
9.905	0.0004033523739069881
9.909749999999999	0.00024548738398287356
9.9145	0.000146735340133445
9.91925	8.6139283078391e-05
9.924	4.9662521638032675e-05
9.928749999999999	2.812012625626723e-05
9.9335	1.563747937491916e-05
9.93825	8.54038045729072e-06
9.943	4.580877422956336e-06
9.94775	2.413132164110481e-06
9.9525	1.248459706691595e-06
9.95725	6.343499893668392e-07
9.962	3.1655146526087014e-07
9.96675	1.5513889862808162e-07
9.971499999999999	7.467204828420378e-08
9.97625	3.529851290886635e-08
9.981	1.6387614495512428e-08
9.98575	7.47198606397059e-09
9.990499999999999	3.345933861143168e-09
9.99525	1.4714978621140328e-09
