   1    1   0.00000    2.54720    10.00 100.00      0.00000   0.00000  -0.00000 
   2    2   0.11310    6.38270    10.00 100.00     -0.00000   0.00000   0.85050 
   3    3   0.00150    6.47090    10.00 100.00      0.09790  -0.00000  -0.00000 
   4    4   0.01420    6.87990    10.00 100.00      0.00000   0.29000  -0.00000 
   5    5   0.02040    7.36440    10.00 100.00     -0.00000  -0.33600  -0.00000 
   6    6   0.02980    8.04450    10.00 100.00      0.00000  -0.00000  -0.38870 
   7    7   0.00000    8.08570    10.00 100.00     -0.00000  -0.00000  -0.00000 
   8    8   0.01830    8.49230    10.00 100.00     -0.29690  -0.00000  -0.00000 
   9    9   0.00000    8.59170    10.00 100.00     -0.00000  -0.00000  -0.00000 
  10   10   0.09280    9.11210    10.00 100.00     -0.64480   0.00000   0.00000 
  11   11   0.00000    9.65070    10.00 100.00      0.00000   0.00000   0.00000 
  12   12   0.00610    9.90400    10.00 100.00      0.00000   0.15810  -0.00000 
  13   13   0.00010   10.29110    10.00 100.00     -0.00000  -0.00000  -0.01460 
  14   14   0.04190   10.73530    10.00 100.00     -0.00000   0.00000   0.39920 
  15   15   0.03840   10.76660    10.00 100.00     -0.00000  -0.38170   0.00000 
  16   16   0.00170   11.26050    10.00 100.00     -0.00000   0.00000  -0.07880 
  17   17   0.01470   11.49900    10.00 100.00      0.22880  -0.00000  -0.00000 
  18   18   0.00000   11.69310    10.00 100.00     -0.00000  -0.01000   0.00000 
  19   19   0.36090   11.81400    10.00 100.00     -0.00000  -0.00000  -1.11670 
  20   20   0.03370   11.89820    10.00 100.00     -0.00000  -0.34020   0.00000 
  21   21   0.09860   12.15090    10.00 100.00      0.00000  -0.57560   0.00000 
  22   22   0.00000   12.31820    10.00 100.00      0.00000   0.00000  -0.00000 
  23   23   0.01590   12.36410    10.00 100.00     -0.22880  -0.00000   0.00000 
  24   24   0.00000   12.39370    10.00 100.00     -0.00000  -0.00000   0.00000 
  25   25   0.00520   12.43920    10.00 100.00     -0.13080   0.00000  -0.00000 
  26   26   0.05180   12.93140    10.00 100.00     -0.00000  -0.40450  -0.00000 
  27   27   0.07790   13.23580    10.00 100.00     -0.00000  -0.00000  -0.49010 
  28   28   0.00680   13.42510    10.00 100.00      0.14390  -0.00000  -0.00000 
  29   29   0.05440   13.58310    10.00 100.00     -0.00000   0.00000   0.40430 
  30   30   0.00000   13.85070    10.00 100.00     -0.00000   0.00000  -0.00000 
state state   Osc.      E(eV)      dum   dum        TrDx      TrDy       TrDz 
