0.5	0.0
0.50475	0.0
0.5095	0.0
0.51425	0.0
0.519	0.0
0.52375	0.0
0.5285	0.0
0.53325	0.0
0.538	0.0
0.54275	0.0
0.5475	0.0
0.55225	0.0
0.5569999999999999	0.0
0.56175	0.0
0.5665	0.0
0.57125	0.0
0.576	0.0
0.58075	0.0
0.5855	0.0
0.5902499999999999	0.0
0.595	0.0
0.59975	0.0
0.6045	0.0
0.60925	0.0
0.614	0.0
0.61875	0.0
0.6234999999999999	0.0
0.62825	0.0
0.633	0.0
0.63775	0.0
0.6425	0.0
0.64725	0.0
0.652	0.0
0.65675	0.0
0.6615	0.0
0.66625	0.0
0.671	0.0
0.67575	0.0
0.6805	0.0
0.68525	0.0
0.69	0.0
0.69475	0.0
0.6995	0.0
0.70425	0.0
0.709	0.0
0.71375	0.0
0.7185	0.0
0.72325	0.0
0.728	0.0
0.73275	0.0
0.7375	0.0
0.74225	0.0
0.747	0.0
0.7517499999999999	0.0
0.7565	0.0
0.76125	0.0
0.766	0.0
0.77075	0.0
0.7755	0.0
0.78025	0.0
0.7849999999999999	0.0
0.78975	0.0
0.7945	0.0
0.79925	0.0
0.804	0.0
0.80875	0.0
0.8135	0.0
0.8182499999999999	0.0
0.823	0.0
0.82775	0.0
0.8325	0.0
0.83725	0.0
0.842	0.0
0.84675	0.0
0.8514999999999999	0.0
0.85625	0.0
0.861	0.0
0.86575	0.0
0.8705	0.0
0.87525	0.0
0.88	0.0
0.8847499999999999	0.0
0.8895	0.0
0.89425	0.0
0.899	0.0
0.90375	0.0
0.9085	0.0
0.91325	0.0
0.9179999999999999	0.0
0.92275	0.0
0.9275	0.0
0.93225	0.0
0.937	0.0
0.94175	0.0
0.9465	0.0
0.9512499999999999	0.0
0.956	0.0
0.96075	0.0
0.9655	0.0
0.9702500000000001	0.0
0.975	0.0
0.97975	0.0
0.9844999999999999	0.0
0.98925	0.0
0.994	0.0
0.99875	0.0
1.0034999999999998	0.0
1.0082499999999999	0.0
1.013	0.0
1.01775	0.0
1.0225	0.0
1.02725	0.0
1.032	0.0
1.03675	0.0
1.0415	0.0
1.0462500000000001	0.0
1.051	0.0
1.05575	0.0
1.0605	0.0
1.06525	0.0
1.0699999999999998	0.0
1.0747499999999999	0.0
1.0795	0.0
1.08425	0.0
1.089	0.0
1.09375	0.0
1.0985	0.0
1.10325	0.0
1.108	0.0
1.1127500000000001	0.0
1.1175	0.0
1.12225	0.0
1.127	0.0
1.13175	0.0
1.1364999999999998	0.0
1.1412499999999999	0.0
1.146	0.0
1.15075	0.0
1.1555	0.0
1.16025	0.0
1.165	0.0
1.16975	0.0
1.1745	0.0
1.1792500000000001	0.0
1.184	0.0
1.18875	0.0
1.1935	0.0
1.19825	0.0
1.2029999999999998	0.0
1.2077499999999999	0.0
1.2125	0.0
1.21725	0.0
1.222	0.0
1.22675	0.0
1.2315	0.0
1.23625	0.0
1.241	0.0
1.2457500000000001	0.0
1.2505	0.0
1.25525	0.0
1.26	0.0
1.2647499999999998	0.0
1.2694999999999999	0.0
1.2742499999999999	0.0
1.279	0.0
1.28375	0.0
1.2885	0.0
1.29325	0.0
1.298	0.0
1.30275	0.0
1.3075	0.0
1.3122500000000001	0.0
1.317	0.0
1.32175	0.0
1.3265	0.0
1.3312499999999998	0.0
1.3359999999999999	0.0
1.3407499999999999	0.0
1.3455	0.0
1.35025	0.0
1.355	0.0
1.35975	0.0
1.3645	0.0
1.36925	0.0
1.374	0.0
1.3787500000000001	0.0
1.3835	0.0
1.38825	0.0
1.393	0.0
1.3977499999999998	0.0
1.4024999999999999	0.0
1.40725	0.0
1.412	0.0
1.41675	0.0
1.4215	0.0
1.42625	0.0
1.431	0.0
1.43575	0.0
1.4405000000000001	0.0
1.44525	0.0
1.45	0.0
1.45475	0.0
1.4595	0.0
1.4642499999999998	0.0
1.4689999999999999	0.0
1.47375	0.0
1.4785	0.0
1.48325	0.0
1.488	0.0
1.49275	0.0
1.4975	0.0
1.50225	0.0
1.507	0.0
1.51175	0.0
1.5165	0.0
1.52125	0.0
1.526	0.0
1.53075	0.0
1.5354999999999999	0.0
1.54025	0.0
1.545	0.0
1.54975	0.0
1.5545	0.0
1.55925	0.0
1.564	0.0
1.5687499999999999	0.0
1.5735	0.0
1.57825	0.0
1.583	0.0
1.58775	0.0
1.5925	0.0
1.59725	0.0
1.6019999999999999	0.0
1.60675	0.0
1.6115	0.0
1.61625	0.0
1.621	0.0
1.62575	0.0
1.6305	0.0
1.6352499999999999	0.0
1.64	0.0
1.64475	0.0
1.6495	0.0
1.65425	0.0
1.659	0.0
1.66375	0.0
1.6684999999999999	0.0
1.67325	0.0
1.678	0.0
1.68275	0.0
1.6875	0.0
1.69225	0.0
1.697	0.0
1.7017499999999999	0.0
1.7065	0.0
1.71125	0.0
1.716	0.0
1.72075	0.0
1.7255	0.0
1.73025	0.0
1.7349999999999999	0.0
1.73975	0.0
1.7445	0.0
1.74925	0.0
1.754	0.0
1.75875	0.0
1.7635	0.0
1.7682499999999999	0.0
1.773	0.0
1.77775	0.0
1.7825	0.0
1.78725	0.0
1.792	0.0
1.79675	0.0
1.8014999999999999	0.0
1.80625	0.0
1.811	0.0
1.81575	0.0
1.8205	0.0
1.82525	0.0
1.83	0.0
1.8347499999999999	0.0
1.8395	0.0
1.84425	0.0
1.849	0.0
1.85375	0.0
1.8585	0.0
1.86325	0.0
1.8679999999999999	0.0
1.87275	0.0
1.8775	0.0
1.88225	0.0
1.887	0.0
1.89175	0.0
1.8965	0.0
1.9012499999999999	0.0
1.906	0.0
1.91075	0.0
1.9155	0.0
1.92025	0.0
1.925	0.0
1.9297499999999999	0.0
1.9344999999999999	0.0
1.93925	0.0
1.944	0.0
1.94875	0.0
1.9535	0.0
1.95825	0.0
1.9629999999999999	0.0
1.9677499999999999	0.0
1.9725	0.0
1.97725	0.0
1.982	0.0
1.98675	0.0
1.9915	0.0
1.9962499999999999	0.0
2.001	0.0
2.00575	0.0
2.0105	0.0
2.01525	0.0
2.02	0.0
2.02475	0.0
2.0294999999999996	0.0
2.03425	0.0
2.0389999999999997	0.0
2.04375	0.0
2.0484999999999998	0.0
2.0532500000000002	0.0
2.058	0.0
2.06275	0.0
2.0675	0.0
2.07225	0.0
2.077	0.0
2.08175	0.0
2.0865	0.0
2.09125	0.0
2.096	0.0
2.1007499999999997	0.0
2.1055	0.0
2.1102499999999997	0.0
2.115	0.0
2.11975	0.0
2.1245000000000003	0.0
2.12925	0.0
2.134	0.0
2.13875	0.0
2.1435	0.0
2.14825	0.0
2.153	0.0
2.15775	0.0
2.1624999999999996	0.0
2.16725	0.0
2.1719999999999997	0.0
2.17675	0.0
2.1814999999999998	0.0
2.1862500000000002	0.0
2.191	0.0
2.19575	0.0
2.2005	0.0
2.20525	0.0
2.21	0.0
2.21475	0.0
2.2195	0.0
2.22425	0.0
2.229	0.0
2.2337499999999997	0.0
2.2385	0.0
2.2432499999999997	0.0
2.248	0.0
2.25275	0.0
2.2575000000000003	0.0
2.26225	0.0
2.267	0.0
2.27175	0.0
2.2765	0.0
2.28125	0.0
2.286	0.0
2.29075	0.0
2.2954999999999997	0.0
2.30025	0.0
2.3049999999999997	0.0
2.30975	0.0
2.3145	0.0
2.3192500000000003	0.0
2.324	0.0
2.32875	0.0
2.3335	0.0
2.33825	0.0
2.343	0.0
2.34775	0.0
2.3525	0.0
2.3572499999999996	0.0
2.362	0.0
2.3667499999999997	0.0
2.3715	0.0
2.3762499999999998	0.0
2.3810000000000002	0.0
2.38575	0.0
2.3905	0.0
2.39525	0.0
2.4	0.0
2.40475	0.0
2.4095	0.0
2.41425	0.0
2.419	0.0
2.42375	0.0
2.4284999999999997	0.0
2.43325	0.0
2.4379999999999997	0.0
2.44275	0.0
2.4475	0.0
2.4522500000000003	0.0
2.457	0.0
2.46175	0.0
2.4665	0.0
2.47125	0.0
2.476	0.0
2.48075	0.0
2.4855	0.0
2.4902499999999996	0.0
2.495	0.0
2.4997499999999997	0.0
2.5045	0.0
2.5092499999999998	0.0
2.514	0.0
2.51875	0.0
2.5235	0.0
2.52825	0.0
2.533	0.0
2.53775	0.0
2.5425	0.0
2.54725	0.0
2.552	0.0
2.55675	0.0
2.5615	0.0
2.56625	0.0
2.5709999999999997	0.0
2.5757499999999998	0.0
2.5805	0.0
2.58525	0.0
2.59	0.0
2.59475	0.0
2.5995	0.0
2.60425	0.0
2.609	0.0
2.61375	0.0
2.6185	0.0
2.62325	0.0
2.628	0.0
2.63275	0.0
2.6374999999999997	0.0
2.6422499999999998	0.0
2.647	0.0
2.65175	0.0
2.6565	0.0
2.66125	0.0
2.666	0.0
2.67075	0.0
2.6755	0.0
2.68025	0.0
2.685	0.0
2.68975	0.0
2.6945	0.0
2.69925	0.0
2.7039999999999997	0.0
2.7087499999999998	0.0
2.7135	0.0
2.71825	0.0
2.723	0.0
2.72775	0.0
2.7325	0.0
2.73725	0.0
2.742	0.0
2.74675	0.0
2.7515	0.0
2.75625	0.0
2.761	0.0
2.76575	0.0
2.7704999999999997	0.0
2.7752499999999998	0.0
2.78	0.0
2.78475	0.0
2.7895	0.0
2.79425	0.0
2.799	0.0
2.80375	0.0
2.8085	0.0
2.81325	0.0
2.818	0.0
2.82275	0.0
2.8275	0.0
2.83225	0.0
2.8369999999999997	0.0
2.8417499999999998	0.0
2.8465	0.0
2.85125	0.0
2.856	0.0
2.86075	0.0
2.8655	0.0
2.87025	0.0
2.875	0.0
2.87975	0.0
2.8845	0.0
2.88925	0.0
2.894	0.0
2.89875	0.0
2.9034999999999997	0.0
2.90825	0.0
2.913	0.0
2.91775	0.0
2.9225	0.0
2.92725	0.0
2.932	0.0
2.93675	0.0
2.9415	0.0
2.94625	0.0
2.951	0.0
2.95575	0.0
2.9605	0.0
2.9652499999999997	0.0
2.9699999999999998	0.0
2.97475	0.0
2.9795	0.0
2.98425	0.0
2.989	0.0
2.99375	0.0
2.9985	0.0
3.00325	0.0
3.008	0.0
3.01275	0.0
3.0175	0.0
3.02225	0.0
3.027	0.0
3.0317499999999997	0.0
3.0364999999999998	0.0
3.04125	0.0
3.046	0.0
3.05075	0.0
3.0555	0.0
3.06025	0.0
3.065	0.0
3.06975	0.0
3.0745	0.0
3.07925	0.0
3.084	0.0
3.08875	0.0
3.0935	0.0
3.0982499999999997	0.0
3.1029999999999998	0.0
3.10775	0.0
3.1125	0.0
3.11725	0.0
3.122	0.0
3.12675	0.0
3.1315	0.0
3.13625	0.0
3.141	0.0
3.14575	0.0
3.1505	0.0
3.15525	0.0
3.16	0.0
3.1647499999999997	0.0
3.1694999999999998	0.0
3.17425	0.0
3.179	0.0
3.18375	0.0
3.1885	0.0
3.19325	0.0
3.198	0.0
3.20275	0.0
3.2075	0.0
3.21225	0.0
3.217	0.0
3.22175	0.0
3.2265	0.0
3.2312499999999997	0.0
3.2359999999999998	0.0
3.24075	0.0
3.2455	0.0
3.25025	0.0
3.255	0.0
3.25975	0.0
3.2645	0.0
3.26925	0.0
3.274	0.0
3.27875	0.0
3.2835	0.0
3.28825	0.0
3.293	0.0
3.2977499999999997	0.0
3.3024999999999998	0.0
3.30725	0.0
3.312	0.0
3.31675	0.0
3.3215	0.0
3.32625	0.0
3.331	0.0
3.33575	0.0
3.3405	0.0
3.34525	0.0
3.35	0.0
3.35475	0.0
3.3594999999999997	0.0
3.3642499999999997	0.0
3.3689999999999998	0.0
3.37375	0.0
3.3785	0.0
3.38325	0.0
3.388	0.0
3.39275	0.0
3.3975	0.0
3.40225	0.0
3.407	0.0
3.41175	0.0
3.4165	0.0
3.42125	0.0
3.4259999999999997	0.0
3.4307499999999997	0.0
3.4354999999999998	0.0
3.44025	0.0
3.445	0.0
3.44975	0.0
3.4545	0.0
3.45925	0.0
3.464	0.0
3.46875	0.0
3.4735	0.0
3.47825	0.0
3.483	0.0
3.48775	0.0
3.4924999999999997	0.0
3.4972499999999997	0.0
3.502	0.0
3.50675	0.0
3.5115	0.0
3.51625	0.0
3.521	0.0
3.52575	0.0
3.5305	0.0
3.53525	0.0
3.54	0.0
3.54475	0.0
3.5495	0.0
3.55425	0.0
3.5589999999999997	0.0
3.5637499999999998	0.0
3.5685	0.0
3.57325	0.0
3.578	0.0
3.58275	0.0
3.5875	0.0
3.59225	0.0
3.597	0.0
3.60175	0.0
3.6065	0.0
3.61125	0.0
3.616	0.0
3.62075	0.0
3.6254999999999997	0.0
3.6302499999999998	0.0
3.635	0.0
3.63975	0.0
3.6445	0.0
3.64925	0.0
3.654	0.0
3.65875	0.0
3.6635	0.0
3.66825	0.0
3.673	0.0
3.67775	0.0
3.6825	0.0
3.68725	0.0
3.6919999999999997	0.0
3.6967499999999998	0.0
3.7015	0.0
3.70625	0.0
3.711	0.0
3.71575	0.0
3.7205	0.0
3.72525	0.0
3.73	0.0
3.73475	0.0
3.7395	0.0
3.74425	0.0
3.749	0.0
3.7537499999999997	0.0
3.7584999999999997	0.0
3.7632499999999998	0.0
3.768	0.0
3.77275	0.0
3.7775	0.0
3.78225	0.0
3.787	0.0
3.79175	0.0
3.7965	0.0
3.80125	0.0
3.806	0.0
3.81075	0.0
3.8155	0.0
3.8202499999999997	0.0
3.8249999999999997	0.0
3.8297499999999998	0.0
3.8345	0.0
3.83925	0.0
3.844	0.0
3.84875	0.0
3.8535	0.0
3.85825	0.0
3.863	0.0
3.86775	0.0
3.8725	0.0
3.87725	0.0
3.882	0.0
3.8867499999999997	0.0
3.8914999999999997	0.0
3.8962499999999998	0.0
3.901	0.0
3.90575	0.0
3.9105	0.0
3.91525	0.0
3.92	0.0
3.92475	0.0
3.9295	0.0
3.93425	0.0
3.939	0.0
3.94375	0.0
3.9485	0.0
3.9532499999999997	0.0
3.9579999999999997	0.0
3.9627499999999998	0.0
3.9675	0.0
3.97225	0.0
3.977	0.0
3.98175	0.0
3.9865	0.0
3.99125	0.0
3.996	0.0
4.00075	0.0
4.0055	0.0
4.01025	0.0
4.015000000000001	0.0
4.01975	0.0
4.0245	0.0
4.029249999999999	0.0
4.034	0.0
4.03875	0.0
4.0435	0.0
4.0482499999999995	0.0
4.053	0.0
4.05775	0.0
4.0625	0.0
4.06725	0.0
4.072	0.0
4.0767500000000005	0.0
4.0815	0.0
4.08625	0.0
4.090999999999999	0.0
4.09575	0.0
4.1005	0.0
4.10525	0.0
4.109999999999999	0.0
4.11475	0.0
4.1195	0.0
4.12425	0.0
4.129	0.0
4.13375	0.0
4.1385000000000005	0.0
4.14325	0.0
4.148	0.0
4.152749999999999	0.0
4.1575	0.0
4.16225	0.0
4.167	0.0
4.171749999999999	0.0
4.1765	0.0
4.18125	0.0
4.186	0.0
4.1907499999999995	0.0
4.1955	0.0
4.2002500000000005	0.0
4.205	0.0
4.20975	0.0
4.214499999999999	0.0
4.21925	0.0
4.224	0.0
4.22875	0.0
4.233499999999999	0.0
4.23825	0.0
4.243	0.0
4.24775	0.0
4.2524999999999995	0.0
4.25725	0.0
4.2620000000000005	0.0
4.26675	0.0
4.2715	0.0
4.27625	0.0
4.281	0.0
4.28575	0.0
4.2905	0.0
4.295249999999999	0.0
4.3	0.0
4.30475	0.0
4.3095	0.0
4.3142499999999995	0.0
4.319	0.0
4.32375	0.0
4.3285	0.0
4.33325	0.0
4.338	0.0
4.3427500000000006	0.0
4.3475	0.0
4.35225	0.0
4.356999999999999	0.0
4.36175	0.0
4.3665	0.0
4.37125	0.0
4.3759999999999994	0.0
4.38075	0.0
4.3855	0.0
4.39025	0.0
4.395	0.0
4.39975	0.0
4.4045000000000005	0.0
4.40925	0.0
4.414	0.0
4.418749999999999	0.0
4.4235	0.0
4.42825	0.0
4.433	0.0
4.437749999999999	0.0
4.4425	0.0
4.44725	0.0
4.452	0.0
4.4567499999999995	0.0
4.4615	0.0
4.4662500000000005	0.0
4.471	0.0
4.47575	0.0
4.480499999999999	0.0
4.48525	0.0
4.49	0.0
4.49475	0.0
4.499499999999999	0.0
4.50425	0.0
4.509	0.0
4.51375	0.0
4.5184999999999995	0.0
4.52325	0.0
4.528	0.0
4.53275	0.0
4.5375	0.0
4.54225	0.0
4.547	0.0
4.55175	0.0
4.5565	0.0
4.56125	0.0
4.566	0.0
4.57075	0.0
4.5755	0.0
4.5802499999999995	0.0
4.585	0.0
4.5897499999999996	0.0
4.5945	0.0
4.59925	0.0
4.604	0.0
4.60875	0.0
4.6135	0.0
4.61825	0.0
4.623	0.0
4.62775	0.0
4.6325	0.0
4.63725	0.0
4.6419999999999995	0.0
4.64675	0.0
4.6514999999999995	0.0
4.65625	0.0
4.661	0.0
4.66575	0.0
4.6705	0.0
4.67525	0.0
4.68	0.0
4.68475	0.0
4.6895	0.0
4.69425	0.0
4.699	0.0
4.70375	0.0
4.7085	0.0
4.7132499999999995	0.0
4.718	0.0
4.72275	0.0
4.7275	0.0
4.73225	0.0
4.737	0.0
4.74175	0.0
4.7465	0.0
4.75125	0.0
4.756	0.0
4.76075	0.0
4.7655	0.0
4.77025	0.0
4.7749999999999995	0.0
4.77975	0.0
4.7844999999999995	0.0
4.78925	0.0
4.794	0.0
4.79875	0.0
4.8035	0.0
4.80825	0.0
4.813	0.0
4.81775	0.0
4.8225	0.0
4.82725	0.0
4.832	0.0
4.83675	0.0
4.8415	0.0
4.8462499999999995	0.0
4.851	0.0
4.85575	0.0
4.8605	0.0
4.86525	0.0
4.87	0.0
4.87475	0.0
4.8795	0.0
4.88425	0.0
4.889	0.0
4.89375	0.0
4.8985	0.0
4.90325	0.0
4.9079999999999995	0.0
4.91275	0.0
4.9174999999999995	0.0
4.92225	0.0
4.927	0.0
4.93175	0.0
4.9365	0.0
4.94125	5e-324
4.946	5.73e-322
4.95075	9.8487e-320
4.9555	1.6663095e-317
4.96025	2.76886141e-315
4.965	4.51863974044e-313
4.9697499999999994	7.242278162175e-311
4.9745	1.1399968978332205e-308
4.9792499999999995	1.762353893944251e-306
4.984	2.6757378369918954e-304
4.98875	3.9898354252197335e-302
4.9935	5.842885675105633e-300
4.99825	8.403511139085733e-298
5.003	1.1870121272299593e-295
5.00775	1.6466849509613538e-293
5.0125	2.2435040694237773e-291
5.01725	3.001955093734299e-289
5.022	3.944959106465357e-287
5.02675	5.091453767918157e-285
5.0315	6.453600656410584e-283
5.03625	8.033843293757501e-281
5.0409999999999995	9.822128440765088e-279
5.04575	1.179366659788495e-276
5.0504999999999995	1.3907628080772128e-274
5.05525	1.6107134112330218e-272
5.06	1.8320801355902847e-270
5.06475	2.0465937410391058e-268
5.0695	2.245328050477916e-266
5.07425	2.419295663017351e-264
5.079	2.5601126552427405e-262
5.08375	2.6606649625936074e-260
5.0885	2.7157031080101358e-258
5.09325	2.722296173207701e-256
5.098	2.6800903845307013e-254
5.1027499999999995	2.591340562579522e-252
5.1075	2.4607105447047027e-250
5.1122499999999995	2.2948671647646304e-248
5.117	2.101916979193815e-246
5.12175	1.890751916900798e-244
5.1265	1.670377090438428e-242
5.13125	1.4492906322796978e-240
5.136	1.2349729063000434e-238
5.14075	1.0335235077338269e-236
5.1455	8.494626207111122e-235
5.15025	6.856921407901844e-233
5.155	5.435945011732668e-231
5.15975	4.232353387252879e-229
5.1645	3.2363074653157985e-227
5.16925	2.430404787500089e-225
5.1739999999999995	1.7925382581261072e-223
5.17875	1.298432088409459e-221
5.1834999999999996	9.237001848479655e-220
5.18825	6.453626182947042e-218
5.193	4.428305413698799e-216
5.19775	2.9842301272606953e-214
5.2025	1.9750952277541766e-212
5.20725	1.283821822079042e-210
5.212	8.1956320440563e-209
5.21675	5.138319851059474e-207
5.2215	3.1638858225118476e-205
5.22625	1.9132928766450655e-203
5.231	1.1363263862137572e-201
5.2357499999999995	6.62804903599466e-200
5.2405	3.7969013955026745e-198
5.2452499999999995	2.13616064343416e-196
5.25	1.1803192348325778e-194
5.25475	6.405101914221051e-193
5.2595	3.4136075372669814e-191
5.26425	1.7867431170843776e-189
5.269	9.184840763343338e-188
5.27375	4.637053745555552e-186
5.2785	2.2991833851202404e-184
5.28325	1.1196082238220365e-182
5.288	5.35450750755682e-181
5.29275	2.5149767147791747e-179
5.2975	1.1601372986089445e-177
5.30225	5.255884289421041e-176
5.3069999999999995	2.33853129358938e-174
5.31175	1.0218839096749534e-172
5.3165	4.385518228850295e-171
5.32125	1.8484225783760768e-169
5.326	7.651429721204112e-168
5.33075	3.1106052955550855e-166
5.3355	1.241961705444928e-164
5.34025	4.870039544427559e-163
5.345	1.875502964303216e-161
5.34975	7.093556083668613e-160
5.3545	2.6349431112365967e-158
5.35925	9.612568866804118e-157
5.364	3.4440438305140942e-155
5.3687499999999995	1.2118778844009455e-153
5.3735	4.18803241995381e-152
5.3782499999999995	1.421419255457387e-150
5.383	4.738003076923831e-149
5.38775	1.5510631036685314e-147
5.3925	4.986830193567971e-146
5.39725	1.574637819845266e-144
5.402	4.883124088893794e-143
5.40675	1.4872220906949173e-141
5.4115	4.448513156464885e-140
5.41625	1.306817421682419e-138
5.421	3.770300246318593e-137
5.42575	1.0683115946048121e-135
5.430499999999999	2.9729043191718613e-134
5.43525	8.125028754668033e-133
5.4399999999999995	2.1808704394446524e-131
5.44475	5.749046346453597e-130
5.4495	1.4884105450311232e-128
5.45425	3.78451866336221e-127
5.459	9.45060363596323e-126
5.46375	2.3177651646112784e-124
5.4685	5.5826486783176566e-123
5.47325	1.3206026049374514e-121
5.478	3.068068033095715e-120
5.48275	7.000334721919636e-119
5.4875	1.5686772986606383e-117
5.49225	3.4523069417559704e-116
5.497	7.461844184275292e-115
5.5017499999999995	1.5839589970626918e-113
5.5065	3.302194720958953e-112
5.5112499999999995	6.761178582462424e-111
5.516	1.359574842940457e-109
5.52075	2.6850032607558146e-108
5.5255	5.2077184865348505e-107
5.53025	9.919988444292295e-106
5.535	1.8558198580597975e-104
5.53975	3.4097414844984835e-103
5.5445	6.152733068173189e-102
5.54925	1.0903744817130033e-100
5.554	1.8977730227573908e-99
5.55875	3.243947694817061e-98
5.5634999999999994	5.445834036812205e-97
5.56825	8.978751365300161e-96
5.5729999999999995	1.453879703003231e-94
5.57775	2.3120753647379025e-93
5.5825	3.61107479250785e-92
5.58725	5.539007657366987e-91
5.592	8.34427160832084e-90
5.59675	1.2345420387869514e-88
5.6015	1.7938425401442502e-87
5.60625	2.5599043551541113e-86
5.611	3.5877662829054566e-85
5.61575	4.938391695791099e-84
5.6205	6.675870565255546e-83
5.62525	8.863214636037371e-82
5.63	1.1556747107429883e-80
5.6347499999999995	1.4799291952242536e-79
5.6395	1.8612608837973672e-78
5.6442499999999995	2.2989765820403992e-77
5.649	2.788835057671376e-76
5.65375	3.322554363141644e-75
5.6585	3.887606919739051e-74
5.66325	4.4673870610229184e-73
5.668	5.041802185261972e-72
5.67275	5.588290920081792e-71
5.6775	6.083215422810508e-70
5.68225	6.503518353585399e-69
5.687	6.828487657473362e-68
5.69175	7.041443062538686e-67
5.6964999999999995	7.131153743151607e-66
5.70125	7.092819566521878e-65
5.7059999999999995	6.928496612654552e-64
5.71075	6.646914470962425e-63
5.7155	6.262707907536692e-62
5.72025	5.7951570169722474e-61
5.725	5.266586757800238e-60
5.72975	4.700610461401871e-59
5.7345	4.1204084330857936e-58
5.73925	3.5472129111870636e-57
5.744	2.999129580403816e-56
5.74875	2.4903717928057704e-55
5.7535	2.0309261503597173e-54
5.75825	1.6266160724677577e-53
5.763	1.2794902222393212e-52
5.7677499999999995	9.884389897897515e-52
5.7725	7.499352186916068e-51
5.7772499999999996	5.588028539916252e-50
5.782	4.089351727858121e-49
5.78675	2.9390792815194914e-48
5.7915	2.074574909404331e-47
5.79625	1.43816238448202e-46
5.801	9.791465870698726e-46
5.80575	6.547092668926929e-45
5.8105	4.2994237013493903e-44
5.81525	2.772892218767482e-43
5.82	1.756372855192028e-42
5.82475	1.0926005843378007e-41
5.8294999999999995	6.675243692056729e-41
5.83425	4.00528852369968e-40
5.8389999999999995	2.3602688352823614e-39
5.84375	1.3659981854924235e-38
5.8485	7.764254411072011e-38
5.85325	4.334214263967341e-37
5.858	2.3761944724448458e-36
5.86275	1.2794242266858434e-35
5.8675	6.76562844496377e-35
5.87225	3.5136840039496355e-34
5.877	1.79216604238456e-33
5.88175	8.97748671980068e-33
5.8865	4.4166428656799e-32
5.891249999999999	2.1339821363035684e-31
5.896	1.012628766658437e-30
5.9007499999999995	4.71922546087003e-30
5.9055	2.1599921682187317e-29
5.91025	9.709449590282464e-29
5.915	4.286452650442892e-28
5.91975	1.8584994408173304e-27
5.9245	7.913850164972274e-27
5.92925	3.309590007397887e-26
5.934	1.3593195231267395e-25
5.93875	5.483147096972868e-25
5.9435	2.1721970719434593e-24
5.94825	8.451417095302946e-24
5.953	3.2293924962887693e-23
5.95775	1.211917656195714e-22
5.9624999999999995	4.466695818987166e-22
5.96725	1.6168161111772908e-21
5.9719999999999995	5.747723434135841e-21
5.97675	2.0067445032962894e-20
5.9815	6.88096400350495e-20
5.98625	2.317221099787172e-19
5.991	7.663843849550731e-19
5.99575	2.4893548311071987e-18
6.0005	7.941233159260412e-18
6.00525	2.4879982709883787e-17
6.01	7.655493386976968e-17
6.01475	2.313434893421393e-16
6.0195	6.865977286668989e-16
6.024249999999999	2.001282637890473e-15
6.029	5.728955878400893e-15
6.0337499999999995	1.610658660045871e-14
6.0385	4.447260110082329e-14
6.04325	1.2059867457167797e-13
6.048	3.211837193870594e-13
6.05275	8.400893825281933e-13
6.0575	2.1580348479461827e-12
6.06225	5.444429712840762e-12
6.067	1.3489856261394986e-11
6.07175	3.282639820333758e-11
6.0765	7.845129724321938e-11
6.08125	1.841357053724386e-10
6.086	4.2446010278665416e-10
6.09075	9.609410021729734e-10
6.0954999999999995	2.13657212920516e-09
6.10025	4.665512719532473e-09
6.1049999999999995	1.0005577985015446e-08
6.10975	2.10739511675223e-08
6.1145	4.3592396196543756e-08
6.11925	8.855977395828656e-08
6.124	1.7669458540446637e-07
6.12875	3.462350002494313e-07
6.1335	6.663151361194831e-07
6.13825	1.259358490771023e-06
6.143	2.3376530524046522e-06
6.14775	4.26159054088279e-06
6.1525	7.629997037312647e-06
6.1572499999999994	1.3416461954115352e-05
6.162	2.316928448802465e-05
6.1667499999999995	3.929598917305098e-05
6.1715	6.545529935059815e-05
6.17625	0.0001070785264126111
6.181	0.00017203663649367502
6.18575	0.00027145664969716217
6.1905	0.00042066948622335854
6.19525	0.0006402395844478452
6.2	0.000956984750851715
6.20475	0.0014048452832228526
6.2095	0.0020254100583711908
6.21425	0.0028678630714182845
6.218999999999999	0.003988089036762829
6.22375	0.0054466850614846825
6.2284999999999995	0.007305680366909395
6.23325	0.009623876807306305
6.2379999999999995	0.012450890892979127
6.24275	0.015820193253239724
6.2475	0.019741680814396218
6.25225	0.024194544600535967
6.257	0.02912136735270697
6.26175	0.03442445379679699
6.2665	0.03996532399523539
6.27125	0.0455680666309504
6.276	0.05102686088117426
6.28075	0.05611747032373019
6.2855	0.06061195664702168
6.2902499999999995	0.0642953414264654
6.295	0.06698255270021732
6.2997499999999995	0.06853380848389376
6.3045	0.06886666046881738
6.30925	0.06796325408533557
6.314	0.06587191522226771
6.31875	0.0627028673604347
6.3235	0.05861860736577756
6.32825	0.05382010940114771
6.333	0.04853048601109201
6.33775	0.04297794933581199
6.3425	0.03737986453483334
6.34725	0.031929398805042954
6.351999999999999	0.02678580754474661
6.35675	0.022068851457450488
6.3614999999999995	0.017857296246598865
6.36625	0.014190988890824216
6.3709999999999996	0.011075685143821384
6.37575	0.008489644936066855
6.3805	0.006391009122209855
6.38525	0.004725092691583316
6.39	0.0034309328015837874
6.39475	0.0024466681935370743
6.3995	0.0017135584582270093
6.40425	0.0011786470089245578
6.409	0.0007962135724876591
6.41375	0.0005282461968807473
6.4185	0.00034419469014476597
6.4232499999999995	0.00022025863224801442
6.428	0.0001384276016244169
6.4327499999999995	8.54423993418182e-05
6.4375	5.179468081386474e-05
6.44225	3.0835988233131726e-05
6.447	1.802982726957811e-05
6.45175	1.0353477535039807e-05
6.4565	5.8390461732447426e-06
6.46125	3.2341380813164715e-06
6.466	1.759284965682579e-06
6.47075	9.398851960878392e-07
6.4755	4.931447472820932e-07
6.48025	2.5411774840145824e-07
6.484999999999999	1.2860461993258743e-07
6.48975	6.392034737583745e-08
6.4944999999999995	3.120201686964332e-08
6.49925	1.495847061920633e-08
6.504	7.042919148378271e-09
6.50875	3.256710822797845e-09
6.5135	1.4789949007943393e-09
6.51825	6.596523903359543e-10
6.523	2.8895125757158477e-10
6.52775	1.2430683873276935e-10
6.5325	5.252020827012518e-11
6.53725	2.1793091479628436e-11
6.542	8.881211829382269e-12
6.54675	3.5545661448078843e-12
6.5515	1.3972108716771403e-12
6.5562499999999995	5.393842946497166e-13
6.561	2.045010876290457e-13
6.5657499999999995	7.614719884384959e-14
6.5705	2.7846667322378333e-14
6.57525	1.000123208543732e-14
6.58	3.5277253763641072e-15
6.58475	1.2220726295272351e-15
6.5895	4.1577679797050594e-16
6.59425	1.3892629947779091e-16
6.599	4.5590008147156166e-17
6.60375	1.4693181945082164e-17
6.6085	4.6507503535233105e-18
6.61325	1.4457432843248624e-18
6.617999999999999	4.413877990295206e-19
6.62275	1.3234588705463384e-19
6.6274999999999995	3.897279551820192e-20
6.63225	1.1271290757820376e-20
6.637	3.2014500631869584e-21
6.64175	8.930603242035384e-22
6.6465	2.4466725165270428e-22
6.65125	6.583121585280434e-23
6.656	1.739597975386121e-23
6.66075	4.514679193793119e-24
6.6655	1.1507099864835518e-24
6.67025	2.8804865893166047e-25
6.675	7.081526762787376e-26
6.679749999999999	1.70982077241444e-26
6.6845	4.054790653687935e-27
6.6892499999999995	9.458223049339912e-28
6.694	2.232624506486143e-28
6.6987499999999995	8.127132877947342e-29
6.7035	1.5510728257712222e-28
6.70825	6.274723990274087e-28
6.713	2.658475225475221e-27
6.71775	1.1098959980843836e-26
6.7225	4.551616706572747e-26
6.72725	1.8332162818785151e-25
6.732	7.251417254765398e-25
6.73675	2.8170404247565362e-24
6.7415	1.0747915609927677e-23
6.74625	4.027322431264045e-23
6.7509999999999994	1.4820728067533551e-22
6.75575	5.356531476551111e-22
6.7604999999999995	1.9013355495158354e-21
6.76525	6.628188638698706e-21
6.77	2.269300120612433e-20
6.77475	7.63044729703876e-20
6.7795	2.5198172373925027e-19
6.78425	8.172389789946147e-19
6.789	2.6030954148245363e-18
6.79375	8.143143469280407e-18
6.7985	2.5018142984844956e-17
6.80325	7.548819459547194e-17
6.808	2.2369897379179144e-16
6.812749999999999	6.510433833344813e-16
6.8175	1.8608735017316605e-15
6.8222499999999995	5.223778559849025e-15
6.827	1.4401696354979523e-14
6.8317499999999995	3.899451526749109e-14
6.8365	1.036941812283006e-13
6.84125	2.708109570698724e-13
6.846	6.946068500143406e-13
6.85075	1.7497374062253309e-12
6.8555	4.328801539946795e-12
6.86025	1.0517764903487872e-11
6.865	2.5098064286167983e-11
6.86975	5.881904653346473e-11
6.8745	1.35380688275079e-10
6.87925	3.0602467106285415e-10
6.8839999999999995	6.793868655342704e-10
6.88875	1.481285725525657e-09
6.8934999999999995	3.171914802290719e-09
6.89825	6.670604223857109e-09
6.903	1.3777480950333366e-08
6.90775	2.79470163432848e-08
6.9125	5.5675235559602686e-08
6.91725	1.0893054138539914e-07
6.922	2.093139847761156e-07
6.92675	3.950097484114071e-07
6.9315	7.321134176665308e-07
6.93625	1.332630975328351e-06
6.941	2.3823327749338662e-06
6.945749999999999	4.1826924468357264e-06
6.9505	7.212244201977474e-06
6.9552499999999995	1.2213662050353272e-05
6.96	2.031338778666749e-05
6.9647499999999996	3.318026149570275e-05
6.9695	5.322776540791087e-05
6.97425	8.386053884333383e-05
6.979	0.00012975916672801628
6.98375	0.00019718752336204433
6.9885	0.00029429426715971396
6.99325	0.0004313652515915119
6.998	0.000620968400024852
7.00275	0.0008779197740331334
7.007499999999999	0.0012189928347199103
7.01225	0.0016622964216367804
7.0169999999999995	0.002226264648703293
7.02175	0.0029282363402487357
7.0264999999999995	0.00378265296795668
7.03125	0.004798969038156055
7.036	0.00597944030024384
7.04075	0.007317022078266855
7.0455	0.008793659072331178
7.05025	0.010379265469440015
7.055	0.012031669111443592
7.05975	0.013697720437147048
7.0645	0.01531564873063173
7.06925	0.016818596909609837
7.074	0.01813910219055036
7.078749999999999	0.01921413960605152
7.0835	0.01999023569919928
7.0882499999999995	0.020428113533388175
7.093	0.02050636061292934
7.09775	0.020223718416410446
7.1025	0.019599761781083632
7.10725	0.0186739418186656
7.112	0.017503173202823134
7.11675	0.016158320129490002
7.1215	0.014720045236881744
7.12625	0.013274513985161919
7.131	0.011909390210956893
7.13575	0.010710429300567863
7.140499999999999	0.009758799610153754
7.14525	0.009129075053666317
7.1499999999999995	0.00888767936016695
7.15475	0.009091458548496906
7.1594999999999995	0.009786036013457101
7.16425	0.01100367343630371
7.169	0.01276051330456821
7.17375	0.015053291725816752
7.1785	0.017855846519311158
7.18325	0.021115959943792714
7.188	0.02475322123077808
7.19275	0.02865863165446061
7.1975	0.03269657967400642
7.20225	0.03670958304643543
7.207	0.04052585129738379
7.211749999999999	0.0439693122900606
7.2165	0.04687133559715044
7.2212499999999995	0.04908304503469808
7.226	0.050486909006607225
7.23075	0.0510062764859077
7.2355	0.050611704488083636
7.24025	0.04932328048267975
7.245	0.04720862798764282
7.24975	0.044376819394990545
7.2545	0.040968921245339476
7.25925	0.037146285068050955
7.264	0.03307791471627505
7.26875	0.028928263772619617
7.273499999999999	0.02484665375425974
7.27825	0.020959195740187463
7.2829999999999995	0.01736370547772942
7.28775	0.014127693210071391
7.2924999999999995	0.011289146831485096
7.29725	0.008859556749857401
7.302	0.006828477212221652
7.30675	0.005168883295409858
7.3115	0.0038426477744302125
7.31625	0.0028055978260792514
7.321	0.0020117834957114546
7.32575	0.0014167657556271695
7.3305	0.0009798866622436322
7.33525	0.0006656020125572731
7.34	0.00044403212462378543
7.3447499999999994	0.00029092104642043035
7.3495	0.00018719613397845297
7.3542499999999995	0.0001182985970765781
7.359	7.342150760276718e-05
7.36375	4.475360104521407e-05
7.3685	2.6791292064253182e-05
7.37325	1.5751441922681153e-05
7.378	9.095110047880507e-06
7.38275	5.157706024323014e-06
7.3875	2.8725407351249256e-06
7.39225	1.5712192521743889e-06
7.397	8.440503850072586e-07
7.40175	4.4530845114470055e-07
7.406499999999999	2.307355364217151e-07
7.41125	1.1741647041405315e-07
7.4159999999999995	5.868195040386787e-08
7.42075	2.8803220122153825e-08
7.4254999999999995	1.3884764927966797e-08
7.43025	6.573505097975095e-09
7.435	3.0564441283080313e-09
7.43975	1.3957155051352655e-09
7.4445	6.259481058563025e-10
7.44925	2.757025231189433e-10
7.454	1.1926256244499784e-10
7.45875	5.0667388038087204e-11
7.4635	2.114043314673046e-11
7.468249999999999	8.662838755026684e-12
7.473	3.4863225486103142e-12
7.4777499999999995	1.3779576920247838e-12
7.4825	5.348908720712286e-13
7.4872499999999995	2.0391795848248213e-13
7.492	7.634959664311168e-14
7.49675	2.8074950813440046e-14
7.5015	1.0138932826126869e-14
7.50625	3.5960562132678155e-15
7.511	1.2526267527447944e-15
7.51575	4.2852669192369287e-16
7.5205	1.4397764257626575e-16
7.52525	4.750870833640047e-17
7.53	1.5396158459732525e-17
7.53475	4.900185333845003e-18
7.539499999999999	1.5316996905149865e-18
7.54425	4.702141863883333e-19
7.5489999999999995	1.417681967662027e-19
7.55375	4.1978110616106946e-20
7.5584999999999996	1.2207534054864685e-20
7.56325	3.4865346522799805e-21
7.568	9.779598202474505e-22
7.57275	2.6940709113853586e-22
7.5775	7.288833303971616e-23
7.58225	1.9367251750433112e-23
7.587	5.0540433464904014e-24
7.59175	1.2953016282514834e-24
7.5965	3.2603471537625304e-25
7.601249999999999	8.059679339834243e-26
7.606	1.956737942317658e-26
7.6107499999999995	4.665611296314681e-27
7.6155	1.092560325794131e-27
7.6202499999999995	2.5127152907515667e-28
7.625	5.675473809649276e-29
7.62975	1.2589890410914297e-29
7.6345	2.7428544372631095e-30
7.63925	5.868735754114852e-31
7.644	1.2332392404657454e-31
7.64875	2.545136618119347e-32
7.6535	5.1586474474469025e-33
7.65825	1.0268844603721359e-33
7.663	2.007558918381372e-34
7.66775	3.8545705827722525e-35
7.672499999999999	7.268498245701799e-36
7.67725	1.3460908180945442e-36
7.6819999999999995	2.4483021749746537e-37
7.68675	4.373374410794275e-38
7.6915	7.672365525257664e-39
7.69625	1.3219130669226435e-39
7.701	2.2368532374726793e-40
7.70575	3.7173467200243875e-41
7.7105	6.067218479831087e-42
7.71525	9.725393510456003e-43
7.72	1.5310371054756519e-43
7.72475	2.367147030648597e-44
7.7295	3.594394463551288e-45
7.734249999999999	5.360276885378763e-46
7.739	7.850723745804843e-47
7.7437499999999995	1.1292579374243366e-47
7.7485	1.595282469554333e-48
7.7532499999999995	2.213313934946675e-49
7.758	3.015847856586258e-50
7.76275	4.0358667897692344e-51
7.7675	5.304264870068294e-52
7.77225	6.846593863669568e-53
7.777	8.679304297656102e-54
7.78175	1.0805783158096019e-54
7.7865	1.3212608477873513e-55
7.79125	1.5866526752374812e-56
7.795999999999999	1.8712687081983754e-57
7.80075	2.167461674006065e-58
7.805499999999999	2.465628736260307e-59
7.81025	2.7546404705602135e-60
7.8149999999999995	3.0224780049614718e-61
7.81975	3.257034501840306e-62
7.8245	3.4470100819120137e-63
7.82925	3.582809629655096e-64
7.834	3.65734472209666e-65
7.83875	3.6666465265241e-66
7.8435	3.610215927771972e-67
7.84825	3.491067897866943e-68
7.853	3.315464618845533e-69
7.85775	3.092370235363253e-70
7.8625	2.8326933031918097e-71
7.867249999999999	2.548405958302306e-72
7.872	2.2516384299605723e-73
7.8767499999999995	1.953843064307365e-74
7.8815	1.6651052394227788e-75
7.8862499999999995	1.393653089051597e-76
7.891	1.1455885406884284e-77
7.89575	9.248336525508119e-79
7.9005	7.33262664360618e-80
7.90525	5.709742271216926e-81
7.91	4.3665096341778356e-82
7.91475	3.279542963359025e-83
7.9195	2.4190966013406886e-84
7.92425	1.7524840844095426e-85
7.928999999999999	1.246854963047082e-86
7.93375	8.712419506729919e-88
7.9384999999999994	5.9789180901361894e-89
7.94325	4.029650804537328e-90
7.9479999999999995	2.6673082456703077e-91
7.95275	1.7339636398506814e-92
7.9575	1.1070513089364708e-93
7.96225	6.941550663997105e-95
7.967	4.2747057994163386e-96
7.97175	2.58533572593651e-97
7.9765	1.5356372894493166e-98
7.98125	8.958211996815758e-100
7.986	5.132335127397776e-101
7.99075	2.887816958884966e-102
7.9955	1.5958251408090922e-103
8.00025	8.66087812991932e-105
8.004999999999999	4.616358593604534e-106
8.00975	2.4165630516612606e-107
8.0145	1.2423893206818977e-108
8.01925	6.273043120579035e-110
8.024000000000001	3.110712115672221e-111
8.028749999999999	1.514964140548008e-112
8.0335	7.246125810421518e-114
8.03825	3.4038496736462614e-115
8.043	1.5703478275800108e-116
8.04775	7.115121635501904e-118
8.0525	3.166137592836675e-119
8.05725	1.383688158808733e-120
8.062	5.938922377672063e-122
8.066749999999999	2.503445021796988e-123
8.0715	1.036404886945976e-124
8.07625	4.213876765941787e-126
8.081	1.6826554389683586e-127
8.08575	6.59886952303777e-129
8.090499999999999	2.5415863745079744e-130
8.09525	9.613935196899711e-132
8.1	3.571564453075658e-133
8.10475	1.3030970990106602e-134
8.1095	4.669345915412283e-136
8.11425	1.6432222387821468e-137
8.119	5.6793357468346916e-139
8.123750000000001	1.9277902001304282e-140
8.128499999999999	6.426625268674217e-142
8.13325	2.104103849722112e-143
8.138	6.765693963962817e-145
8.14275	2.136576818749504e-146
8.1475	6.62652223540075e-148
8.152249999999999	2.0184304609357186e-149
8.157	6.038136246339804e-151
8.16175	1.7739975251827193e-152
8.1665	5.11875207926937e-154
8.17125	1.4505615652251887e-155
8.176	4.0370973410599697e-157
8.18075	1.1034769371867078e-158
8.185500000000001	2.9622266518558596e-160
8.190249999999999	7.809698968778714e-162
8.195	2.0221403138198503e-163
8.19975	5.1422035702351535e-165
8.2045	1.2842460193303833e-166
8.20925	3.14998275034323e-168
8.213999999999999	7.588031191737398e-170
8.21875	1.7951924949623066e-171
8.2235	4.171131916206636e-173
8.22825	9.518265413146778e-175
8.233	2.1331563145362872e-176
8.23775	4.6951398850162013e-178
8.2425	1.0149283305208248e-179
8.247250000000001	2.1546820792952234e-181
8.251999999999999	4.4925405763426124e-183
8.25675	9.199448693502955e-185
8.2615	1.8500888234892984e-186
8.26625	3.6541329300677445e-188
8.271	7.088218379733336e-190
8.275749999999999	1.3503639052982329e-191
8.2805	2.526536270297668e-193
8.28525	4.6425996910352924e-195
8.29	8.378338905707972e-197
8.29475	1.4849628670115809e-198
8.2995	2.584843469006228e-200
8.30425	4.418897093253727e-202
8.309000000000001	7.4191561517032e-204
8.313749999999999	1.223365194393203e-205
8.3185	1.9811561798618022e-207
8.32325	3.150955655414783e-209
8.328	4.921832770593093e-211
8.33275	7.550442429463582e-213
8.337499999999999	1.137572100022058e-214
8.34225	1.683241570326425e-216
8.347	2.446104175351043e-218
8.35175	3.491117244794582e-220
8.3565	4.8934471726817975e-222
8.36125	6.7363766032323295e-224
8.366	9.107491989920137e-226
8.370750000000001	1.2092949010943063e-227
8.375499999999999	1.576981614492673e-229
8.38025	2.0196774801356193e-231
8.385	2.5403783365978654e-233
8.38975	3.138164915749096e-235
8.3945	3.8072737937891857e-237
8.399249999999999	4.536421926113024e-239
8.404	5.3085236538556987e-241
8.40875	6.100916167502145e-243
8.413499999999999	6.886163698469386e-245
8.41825	7.633445554682298e-247
8.423	8.310456234780423e-249
8.42775	8.885668476047046e-251
8.432500000000001	9.330745183039184e-253
8.437249999999999	9.62284604141583e-255
8.442	9.746568294038034e-257
8.44675	9.695292313556241e-259
8.4515	9.471768384459504e-261
8.45625	9.087872307194643e-263
8.460999999999999	8.56356004811711e-265
8.46575	7.925149493767486e-267
8.4705	7.203135152838958e-269
8.475249999999999	6.429787922034286e-271
8.48	5.6368011978829e-273
8.48475	4.8532176943572904e-275
8.4895	4.103815345596039e-277
8.494250000000001	3.4080568803785775e-279
8.498999999999999	2.7796290542320305e-281
8.50375	2.2265263291351317e-283
8.5085	1.7515793331689324e-285
8.51325	1.3532959251297598e-287
8.518	1.0268729659793585e-289
8.52275	7.652470279015374e-292
8.5275	5.6007677916319665e-294
8.53225	4.0258210593981497e-296
8.536999999999999	2.841988735168833e-298
8.54175	1.970385584864574e-300
8.5465	1.3416556861645763e-302
8.55125	8.972054731774534e-305
8.556	5.892556256477223e-307
8.56075	3.800813371279616e-309
8.5655	2.407744157436e-311
8.57025	1.4979768947e-313
8.575	9.1529455e-316
8.57975	5.492597e-318
8.5845	3.237e-320
8.58925	1.9e-322
8.594	0.0
8.598749999999999	0.0
8.6035	0.0
8.60825	0.0
8.613	0.0
8.61775	0.0
8.6225	0.0
8.62725	0.0
8.632	0.0
8.63675	0.0
8.6415	0.0
8.64625	0.0
8.651	0.0
8.65575	0.0
8.660499999999999	0.0
8.66525	0.0
8.67	0.0
8.67475	0.0
8.679499999999999	0.0
8.68425	0.0
8.689	0.0
8.69375	0.0
8.6985	0.0
8.70325	0.0
8.708	0.0
8.71275	0.0
8.7175	0.0
8.722249999999999	0.0
8.727	0.0
8.73175	0.0
8.7365	0.0
8.741249999999999	0.0
8.746	0.0
8.75075	0.0
8.7555	0.0
8.76025	0.0
8.765	0.0
8.76975	0.0
8.7745	0.0
8.77925	0.0
8.783999999999999	0.0
8.78875	1.5e-323
8.7935	2.875e-321
8.79825	4.9438e-319
8.802999999999999	8.3551333e-317
8.80775	1.3867679713e-314
8.8125	2.260555666104e-312
8.81725	3.61899175756164e-310
8.822	5.690113988379433e-308
8.82675	8.786488071501681e-306
8.8315	1.3325105787828983e-303
8.83625	1.984663999596809e-301
8.841	2.903115422833963e-299
8.84575	4.1706389859472836e-297
8.8505	5.884395826368936e-295
8.85525	8.153839218874038e-293
8.86	1.1096432942561353e-290
8.864749999999999	1.4830835812808482e-288
8.8695	1.946744003439021e-286
8.87425	2.5096493675653318e-284
8.879	3.17744642500045e-282
8.88375	3.9509761588772555e-280
8.8885	4.824936100216172e-278
8.89325	5.786816454574679e-276
8.898	6.816302158073435e-274
8.90275	7.885313141994888e-272
8.9075	8.95880410157563e-270
8.91225	9.996365343595492e-268
8.917	1.095456621521577e-265
8.92175	1.1789875908046234e-263
8.926499999999999	1.2461900169765736e-261
8.93125	1.293660406135981e-259
8.936	1.3189164632714276e-257
8.94075	1.320612114688445e-255
8.9455	1.2986563673199031e-253
8.95025	1.2542213984131731e-251
8.955	1.1896388746613318e-249
8.95975	1.1081972638102932e-247
8.9645	1.013864657525577e-245
8.96925	9.10969589647113e-244
8.974	8.038754380893569e-242
8.97875	6.966820542161299e-240
8.9835	5.9298194843690744e-238
8.988249999999999	4.956890285131912e-236
8.993	4.0694725623089466e-234
8.99775	3.281163921276918e-232
9.0025	2.598236712643897e-230
9.007249999999999	2.020647170466653e-228
9.012	1.5433457975046067e-226
9.01675	1.1577025368896397e-224
9.0215	8.528874242651216e-223
9.02625	6.170884549223134e-221
9.031	4.384944656176461e-219
9.03575	3.060143525393096e-217
9.0405	2.0973961201932412e-215
9.04525	1.411822533399334e-213
9.049999999999999	9.333418566741944e-212
9.05475	6.0598567890345444e-210
9.0595	3.8640698049138793e-208
9.06425	2.4198505828839739e-206
9.068999999999999	1.488309049890391e-204
9.07375	8.989979037032057e-203
9.0785	5.3331674538385954e-201
9.08325	3.1072253100474404e-199
9.088	1.7779570113497057e-197
9.09275	9.991501340597562e-196
9.0975	5.514437647683241e-194
9.10225	2.9890466599524e-192
9.107	1.5912013671437853e-190
9.111749999999999	8.319142750702152e-189
9.1165	4.271623769175375e-187
9.12125	2.1541125796920074e-185
9.126	1.0668534943883107e-183
9.130749999999999	5.189220866232179e-182
9.1355	2.478908587953232e-180
9.14025	1.1630003701634007e-178
9.145	5.358709058745554e-177
9.14975	2.4249427426610306e-175
9.1545	1.077714641978746e-173
9.15925	4.7039972870121576e-172
9.164	2.016467963182992e-170
9.16875	8.489391751914728e-169
9.1735	3.510126823533049e-167
9.17825	1.4253779161805056e-165
9.183	5.684577976617581e-164
9.18775	2.2265241757686963e-162
9.192499999999999	8.564807111041281e-161
9.19725	3.23570367925259e-159
9.202	1.2005517453850292e-157
9.20675	4.3747577460735e-156
9.2115	1.5656263380947843e-154
9.21625	5.502793470184997e-153
9.221	1.899499975942959e-151
9.22575	6.439562403150617e-150
9.2305	2.1440475089706294e-148
9.23525	7.010894588864901e-147
9.24	2.2515077952849307e-145
9.24475	7.101244355452069e-144
9.2495	2.1996644896587666e-142
9.254249999999999	6.691745494125219e-141
9.259	1.999324882955936e-139
9.26375	5.866624771083617e-138
9.2685	1.6906520553168014e-136
9.273249999999999	4.784991234702932e-135
9.278	1.330053287323866e-133
9.28275	3.630930364120853e-132
9.2875	9.734816811172942e-131
9.29225	2.5632952431535226e-129
9.297	6.628732053669581e-128
9.30175	1.6835393884862738e-126
9.3065	4.1993017570000724e-125
9.31125	1.0287074148880901e-123
9.315999999999999	2.474956906001626e-122
9.32075	5.847960050764008e-121
9.3255	1.3570696488873103e-119
9.33025	3.0928642774173337e-118
9.334999999999999	6.92278066543388e-117
9.33975	1.5218129177550854e-115
9.3445	3.2855111472116265e-114
9.34925	6.966355102731494e-113
9.354	1.4506720926528131e-111
9.35875	2.9668383827628276e-110
9.3635	5.959083983555485e-109
9.36825	1.1755094043249597e-107
9.373	2.2773705189147973e-106
9.377749999999999	4.3331354538465914e-105
9.3825	8.097143217412688e-104
9.38725	1.486012152523098e-102
9.392	2.6783904380352413e-101
9.396749999999999	4.741179470935114e-100
9.4015	8.242517715844817e-99
9.40625	1.407324887309807e-97
9.411	2.3598795186334087e-96
9.41575	3.8863890949626254e-95
9.4205	6.285845629961478e-94
9.42525	9.984863410709822e-93
9.43	1.5576917862498071e-91
9.43475	2.3866125282271727e-90
9.439499999999999	3.5912305499784556e-89
9.44425	5.307202298788879e-88
9.449	7.702806395160055e-87
9.45375	1.0979771621515056e-85
9.458499999999999	1.537087589704958e-84
9.46325	2.1133182813916176e-83
9.468	2.853594034067214e-82
9.47275	3.784255505091275e-81
9.4775	4.928669524979513e-80
9.48225	6.304344414920178e-79
9.487	7.919744081919909e-78
9.49175	9.771097558635004e-77
9.4965	1.1839586518556535e-75
9.50125	1.4089341836570582e-74
9.506	1.6466673004910057e-73
9.51075	1.8900878972109036e-72
9.5155	2.1306843974258126e-71
9.520249999999999	2.3589418467359282e-70
9.525	2.564934790439857e-69
9.52975	2.7390275878780855e-68
9.5345	2.8726153008441686e-67
9.53925	2.95882661675898e-66
9.544	2.9931091106736847e-65
9.54875	2.9736275074076523e-64
9.5535	2.901426456193662e-63
9.55825	2.78033772603792e-62
9.563	2.6166432957265577e-61
9.56775	2.4185355648885978e-60
9.5725	2.195439217345405e-59
9.57725	1.957272715443496e-58
9.581999999999999	1.713729413951221e-57
9.58675	1.4736493075215785e-56
9.5915	1.2445347353842024e-55
9.59625	1.0322404773043683e-54
9.600999999999999	8.408445862696331e-54
9.60575	6.726847221615453e-53
9.6105	5.2852846326501476e-52
9.61525	4.078365851439858e-51
9.62	3.090757753702774e-50
9.62475	2.300407303162437e-49
9.6295	1.6815333787720053e-48
9.63425	1.207166658958575e-47
9.639	8.511183542586857e-47
9.643749999999999	5.893505115094705e-46
9.6485	4.0079136679262323e-45
9.65325	2.6768500013975804e-44
9.658	1.7558632873952578e-43
9.662749999999999	1.1311451703332258e-42
9.6675	7.156603841480957e-42
9.67225	4.446892117565174e-41
9.677	2.71373349076528e-40
9.68175	1.6264427461193977e-39
9.6865	9.573513410728318e-39
9.69125	5.534328127720283e-38
9.696	3.1420959575986555e-37
9.70075	1.7520034937561538e-36
9.705499999999999	9.59425984343568e-36
9.71025	5.159991301166234e-35
9.715	2.725507912560928e-34
9.71975	1.4138616330256435e-33
9.724499999999999	7.203231232802756e-33
9.72925	3.6041992164017677e-32
9.734	1.7711331184890373e-31
9.73875	8.547804973093467e-31
9.7435	4.051529356393505e-30
9.74825	1.8860116017573717e-29
9.753	8.622450592167965e-29
9.75775	3.871489213506689e-28
9.7625	1.7072077646254008e-27
9.76725	7.393595479446834e-27
9.772	3.1447489338931754e-26
9.77675	1.313642697967976e-25
9.7815	5.389264739939363e-25
9.786249999999999	2.171414656828143e-24
9.791	8.592449656649234e-24
9.79575	3.339275200973643e-23
9.8005	1.2745251587696753e-22
9.80525	4.777553926891661e-22
9.81	1.75882960688675e-21
9.81475	6.3592064131174336e-21
9.8195	2.2580994287782104e-20
9.82425	7.874884348984713e-20
9.829	2.697157405853639e-19
9.83375	9.072550313155881e-19
9.8385	2.997184394413542e-18
9.84325	9.724303941193388e-18
9.847999999999999	3.0985932549699523e-17
9.85275	9.696870647308366e-17
9.8575	2.980297497125462e-16
9.86225	8.995982841833079e-16
9.866999999999999	2.666850088384414e-15
9.87175	7.764429892810778e-15
9.8765	2.2201459585035345e-14
9.88125	6.234684277972179e-14
9.886	1.7195245837162741e-13
9.89075	4.657611894563595e-13
9.8955	1.239022490732281e-12
9.90025	3.2370996359543195e-12
9.905	8.306038287424429e-12
9.909749999999999	2.0931134820837873e-11
9.9145	5.180272503881051e-11
9.91925	1.2591382631130395e-10
9.924	3.005766375212693e-10
9.928749999999999	7.046898344061307e-10
9.9335	1.6225637756121505e-09
9.93825	3.6691589828773757e-09
9.943	8.148773913110144e-09
9.94775	1.777374690910655e-08
9.9525	3.8073841663618795e-08
9.95725	8.0100530404101e-08
9.962	1.6550269452896667e-07
9.96675	3.358425590279312e-07
9.971499999999999	6.693100969483325e-07
9.97625	1.3100262783805204e-06
9.981	2.5182197333442416e-06
9.98575	4.754099016897301e-06
9.990499999999999	8.814624321470663e-06
9.99525	1.6050936500977397e-05
