 Ground state dipole moment in X,Y,Z:   -0.000000   -0.000000    0.587431 a.u.

 Transition dipole moment between ground state (0) and excited states (a.u.)
     i     j         X             Y             Z        Diff.(eV)   Oscil.str
     0     1     0.0000000     1.1027449     0.0000000     4.57850     0.13641
     0     2    -0.0000000     0.0000000     0.0000000     4.94250     0.00000
     0     3     0.0000000     0.5178085     0.0000000     5.60010     0.03679
     0     4    -0.0000000     0.0000000     0.1335677     5.80490     0.00254
     0     5     0.0000000     0.0000000     0.0000000     8.35170     0.00000
     0     6     0.0000000    -0.7089215    -0.0000000     8.83020     0.10872
     0     7    -0.0000000    -0.0000000    -0.2565595     9.15040     0.01476
     0     8     0.0000000    -1.3030269     0.0000000     9.45050     0.39312
     0     9     0.0000000    -0.0000000     0.0000000     9.99910     0.00000
     0    10     0.0000000     0.5059356     0.0000000    10.41690     0.06533
     0    11     0.0000000     0.0000000     0.9268581    12.38780     0.26072
     0    12    -0.0000000    -0.0000000     0.2832314    13.44190     0.02642
     0    13     0.0000000    -0.1893029     0.0000000    13.80190     0.01212
     0    14     0.0824038    -0.0000000    -0.0000000    13.96540     0.00232
     0    15    -0.0000000    -0.3373019     0.0000000    14.61830     0.04075
     0    16    -0.0000000     0.0000000     0.0768382    14.81370     0.00214
     0    17    -0.0000000    -0.0000000    -0.1431995    15.26580     0.00767
     0    18    -0.5258652    -0.0000000    -0.0000000    15.47910     0.10487
     0    19     0.0000000    -0.1125830    -0.0000000    16.12730     0.00501
     0    20     0.0000000    -0.0000000    -0.5322614    16.16300     0.11218
     0    21    -0.0000000    -0.0000000    -0.2553438    17.06120     0.02725
     0    22    -0.6030803     0.0000000     0.0000000    17.39530     0.15500
     0    23    -0.0000000    -0.3212582     0.0000000    17.92240     0.04532
     0    24     0.0000000     0.0000000     0.3707721    17.97430     0.06054
     0    25    -0.0000000     0.0000000     0.1560020    18.76610     0.01119
     0    26     0.0855859     0.0000000     0.0000000    18.85000     0.00338
     0    27    -0.2728485    -0.0000000     0.0000000    19.07740     0.03480
     0    28    -0.0000000    -0.2197122    -0.0000000    19.08020     0.02257
     0    29    -0.0000000     0.0000000    -0.4241812    19.54930     0.08618
     0    30     0.0000000    -0.3499512    -0.0000000    19.64590     0.05894
 
 Note: In below output the case of i=j corresponds to electronic contribution to dipole moment of excited state i
 Transition dipole moment between excited states (a.u.):
     i     j         X             Y             Z        Diff.(eV)   Oscil.str
     1     1    -0.0000000     0.0000000     7.8848717     0.00000     0.00000
     1     2     2.8993973     0.0000000    -0.0000000     0.36400     0.07497
     1     3    -0.0000000    -0.0000000     2.8452640     1.02160     0.20262
     1     4    -0.0000000     3.0510650     0.0000000     1.22640     0.27970
     1     5     0.8020705     0.0000000    -0.0000000     3.77320     0.05947
     1     6     0.0000000     0.0000000     0.5461691     4.25170     0.03107
     1     7     0.0000000    -0.6004815    -0.0000000     4.57190     0.04039
     1     8     0.0000000     0.0000000    -0.5243992     4.87200     0.03282
     1     9     1.0204342    -0.0000000     0.0000000     5.42060     0.13829
     1    10     0.0000000     0.0000000    -0.1090805     5.83840     0.00170
     1    11     0.0000000     0.0180793     0.0000000     7.80930     0.00006
     1    12     0.0000000    -0.6179711     0.0000000     8.86340     0.08293
     1    13    -0.0000000     0.0000000    -0.6096399     9.22340     0.08398
     1    14     0.0000000     0.0000000    -0.0000000     9.38690     0.00000
     1    15     0.0000000     0.0000000    -0.0620443    10.03980     0.00095
     1    16    -0.0000000     0.3020708    -0.0000000    10.23520     0.02288
     1    17     0.0000000     0.8439194    -0.0000000    10.68730     0.18648
     1    18     0.0000000    -0.0000000    -0.0000000    10.90060     0.00000
     1    19    -0.0000000     0.0000000     0.0291260    11.54880     0.00024
     1    20     0.0000000     0.0495961    -0.0000000    11.58450     0.00070
     1    21    -0.0000000    -0.0269398     0.0000000    12.48270     0.00022
     1    22     0.0000000     0.0000000     0.0000000    12.81680     0.00000
     1    23     0.0000000     0.0000000    -0.0036876    13.34390     0.00000
     1    24     0.0000000     0.0154507    -0.0000000    13.39580     0.00008
     1    25     0.0000000     0.0265609    -0.0000000    14.18760     0.00025
     1    26     0.0000000    -0.0000000    -0.0000000    14.27150     0.00000
     1    27    -0.0000000    -0.0000000     0.0000000    14.49890     0.00000
     1    28    -0.0000000     0.0000000     0.0250430    14.50170     0.00022
     1    29     0.0000000    -0.0230410    -0.0000000    14.97080     0.00019
     1    30    -0.0000000     0.0000000     0.0072317    15.06740     0.00002
     2     2     0.0000000    -0.0000000     9.1444236     0.00000     0.00000
     2     3     0.5108010    -0.0000000     0.0000000     0.65760     0.00420
     2     4     0.0000000     0.0000000    -0.0000000     0.86240     0.00000
     2     5    -0.0000000    -0.0000000    -1.1503511     3.40920     0.11053
     2     6     1.8713639    -0.0000000    -0.0000000     3.88770     0.33355
     2     7    -0.0000000    -0.0000000    -0.0000000     4.20790     0.00000
     2     8     0.8214517     0.0000000     0.0000000     4.50800     0.07453
     2     9    -0.0000000     0.0000000     0.6747935     5.05660     0.05641
     2    10     0.6397366     0.0000000     0.0000000     5.47440     0.05489
     2    11     0.0000000     0.0000000     0.0000000     7.44530     0.00000
     2    12    -0.0000000    -0.0000000    -0.0000000     8.49940     0.00000
     2    13     0.2223320    -0.0000000     0.0000000     8.85940     0.01073
     2    14     0.0000000    -0.6013128     0.0000000     9.02290     0.07993
     2    15     0.0868778    -0.0000000     0.0000000     9.67580     0.00179
     2    16     0.0000000     0.0000000     0.0000000     9.87120     0.00000
     2    17    -0.0000000    -0.0000000    -0.0000000    10.32330     0.00000
     2    18     0.0000000     0.9947631    -0.0000000    10.53660     0.25545
     2    19    -0.1403710     0.0000000    -0.0000000    11.18480     0.00540
     2    20    -0.0000000    -0.0000000    -0.0000000    11.22050     0.00000
     2    21     0.0000000     0.0000000     0.0000000    12.11870     0.00000
     2    22    -0.0000000     0.0953563    -0.0000000    12.45280     0.00277
     2    23    -0.0182599     0.0000000    -0.0000000    12.97990     0.00011
     2    24    -0.0000000    -0.0000000    -0.0000000    13.03180     0.00000
     2    25    -0.0000000    -0.0000000     0.0000000    13.82360     0.00000
     2    26     0.0000000    -0.0214952     0.0000000    13.90750     0.00016
     2    27    -0.0000000     0.0540972    -0.0000000    14.13490     0.00101
     2    28    -0.6450160     0.0000000    -0.0000000    14.13770     0.14410
     2    29    -0.0000000    -0.0000000     0.0000000    14.60680     0.00000
     2    30    -0.2128413     0.0000000    -0.0000000    14.70340     0.01632
     3     3    -0.0000000     0.0000000    10.1225794     0.00000     0.00000
     3     4    -0.0000000    -0.3115851     0.0000000     0.20480     0.00049
     3     5    -1.1415305     0.0000000     0.0000000     2.75160     0.08785
     3     6    -0.0000000    -0.0000000    -1.2629217     3.23010     0.12622
     3     7    -0.0000000    -1.4274774     0.0000000     3.55030     0.17724
     3     8     0.0000000     0.0000000     1.7927614     3.85040     0.30319
     3     9     0.9832604     0.0000000    -0.0000000     4.39900     0.10420
     3    10     0.0000000    -0.0000000    -0.1227626     4.81680     0.00178
     3    11    -0.0000000     1.3504177     0.0000000     6.78770     0.30326
     3    12    -0.0000000    -0.1164508    -0.0000000     7.84180     0.00261
     3    13     0.0000000     0.0000000    -0.4767687     8.20180     0.04568
     3    14    -0.0000000     0.0000000     0.0000000     8.36530     0.00000
     3    15     0.0000000     0.0000000    -0.0526532     9.01820     0.00061
     3    16    -0.0000000    -0.4851016     0.0000000     9.21360     0.05312
     3    17    -0.0000000    -0.1492168    -0.0000000     9.66570     0.00527
     3    18     0.0000000    -0.0000000    -0.0000000     9.87900     0.00000
     3    19    -0.0000000    -0.0000000     0.0246406    10.52720     0.00016
     3    20     0.0000000     0.9041492    -0.0000000    10.56290     0.21155
     3    21     0.0000000     0.0045183    -0.0000000    11.46110     0.00001
     3    22    -0.0000000    -0.0000000    -0.0000000    11.79520     0.00000
     3    23     0.0000000     0.0000000     0.0130283    12.32230     0.00005
     3    24    -0.0000000    -0.0175258     0.0000000    12.37420     0.00009
     3    25    -0.0000000     0.0753320    -0.0000000    13.16600     0.00183
     3    26     0.0000000    -0.0000000    -0.0000000    13.24990     0.00000
     3    27    -0.0000000    -0.0000000     0.0000000    13.47730     0.00000
     3    28    -0.0000000     0.0000000     0.2254365    13.48010     0.01678
     3    29    -0.0000000     0.0814368    -0.0000000    13.94920     0.00227
     3    30    -0.0000000     0.0000000     0.0609277    14.04580     0.00128
     4     4    -0.0000000     0.0000000     7.8289436     0.00000     0.00000
     4     5    -0.0000000    -0.0000000     0.0000000     2.54680     0.00000
     4     6    -0.0000000    -0.0854118    -0.0000000     3.02530     0.00054
     4     7     0.0000000    -0.0000000    -1.4724120     3.34550     0.17770
     4     8    -0.0000000     0.1786414     0.0000000     3.64560     0.00285
     4     9     0.0000000    -0.0000000    -0.0000000     4.19420     0.00000
     4    10    -0.0000000     1.5076428     0.0000000     4.61200     0.25683
     4    11    -0.0000000     0.0000000     0.8165916     6.58290     0.10754
     4    12    -0.0000000    -0.0000000    -0.0761568     7.63700     0.00109
     4    13    -0.0000000    -0.3724616     0.0000000     7.99700     0.02718
     4    14     0.0162476     0.0000000    -0.0000000     8.16050     0.00005
     4    15    -0.0000000    -0.6527659     0.0000000     8.81340     0.09201
     4    16    -0.0000000    -0.0000000     0.0709203     9.00880     0.00111
     4    17    -0.0000000    -0.0000000    -0.1092620     9.46090     0.00277
     4    18     0.0315432     0.0000000    -0.0000000     9.67420     0.00024
     4    19     0.0000000     1.1631865     0.0000000    10.32240     0.34217
     4    20    -0.0000000     0.0000000    -0.0210623    10.35810     0.00011
     4    21    -0.0000000     0.0000000    -0.0213863    11.25630     0.00013
     4    22     0.0376249    -0.0000000    -0.0000000    11.59040     0.00040
     4    23     0.0000000     0.0000741     0.0000000    12.11750     0.00000
     4    24    -0.0000000    -0.0000000    -0.1016295    12.16940     0.00308
     4    25     0.0000000    -0.0000000     0.0997588    12.96120     0.00316
     4    26    -0.0064055    -0.0000000    -0.0000000    13.04510     0.00001
     4    27    -0.0006942    -0.0000000    -0.0000000    13.27250     0.00000
     4    28     0.0000000     0.4138268     0.0000000    13.27530     0.05570
     4    29    -0.0000000    -0.0000000     0.1608585    13.74440     0.00871
     4    30     0.0000000     0.1362139     0.0000000    13.84100     0.00629
     5     5     0.0000000    -0.0000000     7.2433587     0.00000     0.00000
     5     6     0.1585699    -0.0000000    -0.0000000     0.47850     0.00029
     5     7    -0.0000000     0.0000000    -0.0000000     0.79870     0.00000
     5     8    -0.0353054     0.0000000    -0.0000000     1.09880     0.00003
     5     9     0.0000000     0.0000000     0.4789465     1.64740     0.00926
     5    10    -0.6787624     0.0000000     0.0000000     2.06520     0.02331
     5    11    -0.0000000     0.0000000     0.0000000     4.03610     0.00000
     5    12     0.0000000    -0.0000000    -0.0000000     5.09020     0.00000
     5    13     0.0201248    -0.0000000     0.0000000     5.45020     0.00005
     5    14    -0.0000000    -0.0288020     0.0000000     5.61370     0.00011
     5    15     0.0081046    -0.0000000     0.0000000     6.26660     0.00001
     5    16    -0.0000000     0.0000000     0.0000000     6.46200     0.00000
     5    17     0.0000000    -0.0000000    -0.0000000     6.91410     0.00000
     5    18     0.0000000     0.0624780    -0.0000000     7.12740     0.00068
     5    19    -0.0759394     0.0000000     0.0000000     7.77560     0.00110
     5    20     0.0000000    -0.0000000    -0.0000000     7.81130     0.00000
     5    21     0.0000000    -0.0000000     0.0000000     8.70950     0.00000
     5    22     0.0000000    -0.4512544     0.0000000     9.04360     0.04512
     5    23    -0.0310361     0.0000000     0.0000000     9.57070     0.00023
     5    24    -0.0000000     0.0000000    -0.0000000     9.62260     0.00000
     5    25    -0.0000000    -0.0000000    -0.0000000    10.41440     0.00000
     5    26     0.0000000     0.7433331    -0.0000000    10.49830     0.14212
     5    27    -0.0000000    -0.7593614     0.0000000    10.72570     0.15152
     5    28    -0.4879921     0.0000000    -0.0000000    10.72850     0.06259
     5    29    -0.0000000    -0.0000000    -0.0000000    11.19760     0.00000
     5    30    -0.1686100     0.0000000    -0.0000000    11.29420     0.00787
     6     6     0.0000000    -0.0000000     7.8441440     0.00000     0.00000
     6     7     0.0000000     0.1041739     0.0000000     0.32020     0.00009
     6     8    -0.0000000    -0.0000000     1.4543497     0.62030     0.03214
     6     9     0.0456070     0.0000000     0.0000000     1.16890     0.00006
     6    10    -0.0000000    -0.0000000    -0.4282367     1.58670     0.00713
     6    11     0.0000000    -0.9201119    -0.0000000     3.55760     0.07379
     6    12     0.0000000     0.0505026     0.0000000     4.61170     0.00029
     6    13     0.0000000    -0.0000000     0.0184990     4.97170     0.00004
     6    14    -0.0000000    -0.0000000     0.0000000     5.13520     0.00000
     6    15     0.0000000    -0.0000000     0.0222691     5.78810     0.00007
     6    16    -0.0000000    -0.0540332     0.0000000     5.98350     0.00043
     6    17    -0.0000000     0.1931062     0.0000000     6.43560     0.00588
     6    18     0.0000000     0.0000000     0.0000000     6.64890     0.00000
     6    19    -0.0000000    -0.0000000    -0.0305438     7.29710     0.00017
     6    20     0.0000000     0.0728275    -0.0000000     7.33280     0.00095
     6    21     0.0000000    -0.4345789    -0.0000000     8.23100     0.03808
     6    22     0.0000000    -0.0000000    -0.0000000     8.56510     0.00000
     6    23    -0.0000000    -0.0000000     0.0311124     9.09220     0.00022
     6    24     0.0000000     0.4580259     0.0000000     9.14410     0.04700
     6    25    -0.0000000     0.8404611     0.0000000     9.93590     0.17195
     6    26    -0.0000000     0.0000000     0.0000000    10.01980     0.00000
     6    27     0.0000000     0.0000000    -0.0000000    10.24720     0.00000
     6    28    -0.0000000    -0.0000000    -0.0285370    10.25000     0.00020
     6    29    -0.0000000     0.3044614     0.0000000    10.71910     0.02434
     6    30    -0.0000000    -0.0000000    -0.0131680    10.81570     0.00005
     7     7    -0.0000000    -0.0000000     8.0231175     0.00000     0.00000
     7     8     0.0000000    -0.9941519    -0.0000000     0.30010     0.00727
     7     9     0.0000000     0.0000000     0.0000000     0.84870     0.00000
     7    10    -0.0000000    -2.0392663    -0.0000000     1.26650     0.12904
     7    11     0.0000000    -0.0000000    -0.4535021     3.23740     0.01631
     7    12     0.0000000     0.0000000     0.0502251     4.29150     0.00027
     7    13     0.0000000     0.5407542    -0.0000000     4.65150     0.03332
     7    14    -0.0062928    -0.0000000    -0.0000000     4.81500     0.00000
     7    15     0.0000000     0.0250083    -0.0000000     5.46790     0.00008
     7    16     0.0000000    -0.0000000    -0.0618321     5.66330     0.00053
     7    17     0.0000000     0.0000000     0.1080527     6.11540     0.00175
     7    18    -0.0379116    -0.0000000     0.0000000     6.32870     0.00022
     7    19    -0.0000000    -0.1296549    -0.0000000     6.97690     0.00287
     7    20     0.0000000     0.0000000     0.0086057     7.01260     0.00001
     7    21     0.0000000     0.0000000    -0.0006669     7.91080     0.00000
     7    22    -0.0167407     0.0000000     0.0000000     8.24490     0.00006
     7    23    -0.0000000    -0.6279346    -0.0000000     8.77200     0.08474
     7    24     0.0000000    -0.0000000     0.0094105     8.82390     0.00002
     7    25    -0.0000000    -0.0000000     0.0195560     9.61570     0.00009
     7    26    -0.0229651     0.0000000     0.0000000     9.69960     0.00013
     7    27     0.0042165    -0.0000000     0.0000000     9.92700     0.00000
     7    28    -0.0000000    -0.5657473    -0.0000000     9.92980     0.07787
     7    29    -0.0000000    -0.0000000     0.0719157    10.39890     0.00132
     7    30    -0.0000000     0.8503062    -0.0000000    10.49550     0.18591
     8     8     0.0000000    -0.0000000     9.0893849     0.00000     0.00000
     8     9     1.2948737     0.0000000     0.0000000     0.54860     0.02254
     8    10     0.0000000     0.0000000    -0.2225099     0.96640     0.00117
     8    11    -0.0000000    -1.6601637     0.0000000     2.93730     0.19834
     8    12     0.0000000     0.0409832    -0.0000000     3.99140     0.00016
     8    13    -0.0000000    -0.0000000    -0.9911449     4.35140     0.10473
     8    14    -0.0000000    -0.0000000     0.0000000     4.51490     0.00000
     8    15     0.0000000    -0.0000000    -0.0995686     5.16780     0.00126
     8    16     0.0000000    -0.0758684     0.0000000     5.36320     0.00076
     8    17    -0.0000000     0.3344513    -0.0000000     5.81530     0.01594
     8    18     0.0000000    -0.0000000     0.0000000     6.02860     0.00000
     8    19    -0.0000000     0.0000000    -0.0500058     6.67680     0.00041
     8    20     0.0000000     0.1646406    -0.0000000     6.71250     0.00446
     8    21     0.0000000    -0.2378323     0.0000000     7.61070     0.01055
     8    22    -0.0000000    -0.0000000    -0.0000000     7.94480     0.00000
     8    23     0.0000000     0.0000000     0.0395237     8.47190     0.00032
     8    24    -0.0000000    -0.2867595    -0.0000000     8.52380     0.01717
     8    25     0.0000000     0.4073630     0.0000000     9.31560     0.03787
     8    26    -0.0000000     0.0000000     0.0000000     9.39950     0.00000
     8    27     0.0000000     0.0000000    -0.0000000     9.62690     0.00000
     8    28    -0.0000000     0.0000000    -0.1243890     9.62970     0.00365
     8    29     0.0000000    -0.4142287    -0.0000000    10.09880     0.04245
     8    30    -0.0000000     0.0000000    -0.0847785    10.19540     0.00180
     9     9    -0.0000000    -0.0000000     9.0289369     0.00000     0.00000
     9    10     1.8412254     0.0000000     0.0000000     0.41780     0.03470
     9    11     0.0000000     0.0000000    -0.0000000     2.38870     0.00000
     9    12    -0.0000000    -0.0000000     0.0000000     3.44280     0.00000
     9    13    -0.6925966    -0.0000000     0.0000000     3.80280     0.04469
     9    14    -0.0000000     0.0088568    -0.0000000     3.96630     0.00001
     9    15    -0.0079149    -0.0000000     0.0000000     4.61920     0.00001
     9    16    -0.0000000     0.0000000    -0.0000000     4.81460     0.00000
     9    17    -0.0000000    -0.0000000     0.0000000     5.26670     0.00000
     9    18    -0.0000000     0.0170911    -0.0000000     5.48000     0.00004
     9    19    -0.1200646    -0.0000000     0.0000000     6.12820     0.00216
     9    20     0.0000000    -0.0000000    -0.0000000     6.16390     0.00000
     9    21     0.0000000    -0.0000000    -0.0000000     7.06210     0.00000
     9    22     0.0000000     0.1326256    -0.0000000     7.39620     0.00319
     9    23    -0.0067842    -0.0000000     0.0000000     7.92330     0.00001
     9    24    -0.0000000     0.0000000     0.0000000     7.97520     0.00000
     9    25    -0.0000000     0.0000000     0.0000000     8.76700     0.00000
     9    26     0.0000000    -0.4137966     0.0000000     8.85090     0.03713
     9    27     0.0000000    -0.2771788     0.0000000     9.07830     0.01709
     9    28    -0.8197989    -0.0000000     0.0000000     9.08110     0.14952
     9    29    -0.0000000     0.0000000    -0.0000000     9.55020     0.00000
     9    30    -0.3006925     0.0000000     0.0000000     9.64680     0.02137
    10    10     0.0000000     0.0000000     6.0542655     0.00000     0.00000
    10    11    -0.0000000    -0.6813405     0.0000000     1.97090     0.02242
    10    12    -0.0000000     0.0141600     0.0000000     3.02500     0.00001
    10    13    -0.0000000     0.0000000    -0.6327985     3.38500     0.03321
    10    14    -0.0000000     0.0000000     0.0000000     3.54850     0.00000
    10    15     0.0000000     0.0000000    -0.0968936     4.20140     0.00097
    10    16     0.0000000    -0.0366462    -0.0000000     4.39680     0.00014
    10    17     0.0000000     0.0117328     0.0000000     4.84890     0.00002
    10    18     0.0000000    -0.0000000    -0.0000000     5.06220     0.00000
    10    19    -0.0000000     0.0000000    -0.0230929     5.71040     0.00007
    10    20    -0.0000000     0.0218254     0.0000000     5.74610     0.00007
    10    21    -0.0000000     0.0632589     0.0000000     6.64430     0.00065
    10    22    -0.0000000    -0.0000000    -0.0000000     6.97840     0.00000
    10    23    -0.0000000     0.0000000    -0.0350613     7.50550     0.00023
    10    24    -0.0000000    -0.0106799    -0.0000000     7.55740     0.00002
    10    25     0.0000000    -0.1121009    -0.0000000     8.34920     0.00257
    10    26    -0.0000000     0.0000000    -0.0000000     8.43310     0.00000
    10    27    -0.0000000    -0.0000000     0.0000000     8.66050     0.00000
    10    28    -0.0000000     0.0000000    -0.1673787     8.66330     0.00595
    10    29     0.0000000    -0.6022636    -0.0000000     9.13240     0.08116
    10    30    -0.0000000     0.0000000    -0.0460870     9.22900     0.00048
    11    11    -0.0000000    -0.0000000     9.6449937     0.00000     0.00000
    11    12    -0.0000000     0.0000000    -0.1838882     1.05410     0.00087
    11    13     0.0000000     0.1164456     0.0000000     1.41410     0.00047
    11    14     0.1418735     0.0000000    -0.0000000     1.57760     0.00078
    11    15    -0.0000000     0.1180268     0.0000000     2.23050     0.00076
    11    16    -0.0000000    -0.0000000     0.0387317     2.42590     0.00009
    11    17    -0.0000000     0.0000000    -0.0709295     2.87800     0.00035
    11    18     0.3025374     0.0000000     0.0000000     3.09130     0.00693
    11    19    -0.0000000     0.5468293     0.0000000     3.73950     0.02740
    11    20    -0.0000000     0.0000000     0.2470919     3.77520     0.00565
    11    21     0.0000000     0.0000000     0.0305721     4.67340     0.00011
    11    22     0.2354836    -0.0000000    -0.0000000     5.00750     0.00680
    11    23     0.0000000     0.2174931    -0.0000000     5.53460     0.00641
    11    24    -0.0000000    -0.0000000    -0.2570153     5.58650     0.00904
    11    25     0.0000000    -0.0000000     0.0345382     6.37830     0.00019
    11    26     0.0049304     0.0000000    -0.0000000     6.46220     0.00000
    11    27    -0.0024840    -0.0000000    -0.0000000     6.68960     0.00000
    11    28    -0.0000000     1.1300329     0.0000000     6.69240     0.20937
    11    29    -0.0000000    -0.0000000    -0.0568155     7.16150     0.00057
    11    30     0.0000000     0.2973653    -0.0000000     7.25810     0.01572
    12    12    -0.0000000     0.0000000    10.0894815     0.00000     0.00000
    12    13     0.0000000    -0.3777419    -0.0000000     0.36000     0.00126
    12    14     2.6879052     0.0000000     0.0000000     0.52350     0.09266
    12    15    -0.0000000     3.0201243     0.0000000     1.17640     0.26288
    12    16    -0.0000000    -0.0000000     2.8985986     1.37180     0.28237
    12    17     0.0000000     0.0000000     0.0441746     1.82390     0.00009
    12    18    -0.1708289    -0.0000000     0.0000000     2.03720     0.00146
    12    19     0.0000000    -0.2127658    -0.0000000     2.68540     0.00298
    12    20     0.0000000     0.0000000     0.0078399     2.72110     0.00000
    12    21     0.0000000     0.0000000     0.1067045     3.61930     0.00101
    12    22     0.5118322     0.0000000    -0.0000000     3.95340     0.02537
    12    23     0.0000000    -0.5478548    -0.0000000     4.48050     0.03295
    12    24     0.0000000     0.0000000    -0.6435501     4.53240     0.04599
    12    25    -0.0000000    -0.0000000     0.1017869     5.32420     0.00135
    12    26     0.7062990    -0.0000000     0.0000000     5.40810     0.06610
    12    27     0.8677355     0.0000000     0.0000000     5.63550     0.10396
    12    28    -0.0000000     0.0744880     0.0000000     5.63830     0.00077
    12    29     0.0000000     0.0000000    -0.0826861     6.10740     0.00102
    12    30    -0.0000000     0.0835703    -0.0000000     6.20400     0.00106
    13    13    -0.0000000    -0.0000000    10.6051111     0.00000     0.00000
    13    14    -0.0000000    -0.0000000     0.0000000     0.16350     0.00000
    13    15    -0.0000000    -0.0000000     0.0400168     0.81640     0.00003
    13    16     0.0000000     0.0605382     0.0000000     1.01180     0.00009
    13    17    -0.0000000     0.0359175    -0.0000000     1.46390     0.00005
    13    18     0.0000000    -0.0000000     0.0000000     1.67720     0.00000
    13    19     0.0000000     0.0000000    -0.0671057     2.32540     0.00026
    13    20     0.0000000     0.0023015    -0.0000000     2.36110     0.00000
    13    21     0.0000000    -0.0171394    -0.0000000     3.25930     0.00002
    13    22    -0.0000000     0.0000000    -0.0000000     3.59340     0.00000
    13    23    -0.0000000    -0.0000000     0.2065262     4.12050     0.00431
    13    24    -0.0000000     0.0098332    -0.0000000     4.17240     0.00001
    13    25    -0.0000000    -0.0074906     0.0000000     4.96420     0.00001
    13    26    -0.0000000     0.0000000     0.0000000     5.04810     0.00000
    13    27    -0.0000000     0.0000000    -0.0000000     5.27550     0.00000
    13    28     0.0000000    -0.0000000     0.4409233     5.27830     0.02514
    13    29     0.0000000    -0.2475042    -0.0000000     5.74740     0.00863
    13    30     0.0000000    -0.0000000     0.1240847     5.84400     0.00220
    14    14     0.0000000    -0.0000000    11.1656855     0.00000     0.00000
    14    15     0.0000000     0.0000000    -0.0000000     0.65290     0.00000
    14    16     0.2747017     0.0000000     0.0000000     0.84830     0.00157
    14    17    -0.1068124     0.0000000     0.0000000     1.30040     0.00036
    14    18     0.0000000    -0.0000000     0.8486529     1.51370     0.02671
    14    19    -0.0000000     0.0000000    -0.0000000     2.16190     0.00000
    14    20    -0.0890346    -0.0000000     0.0000000     2.19760     0.00043
    14    21     2.1987190     0.0000000    -0.0000000     3.09580     0.36667
    14    22    -0.0000000    -0.0000000    -1.2698319     3.42990     0.13550
    14    23    -0.0000000    -0.0000000    -0.0000000     3.95700     0.00000
    14    24    -0.4490141     0.0000000     0.0000000     4.00890     0.01980
    14    25    -0.0673547    -0.0000000    -0.0000000     4.80070     0.00053
    14    26    -0.0000000    -0.0000000     0.5367044     4.88460     0.03447
    14    27    -0.0000000    -0.0000000     0.2925952     5.11200     0.01072
    14    28     0.0000000     0.0000000     0.0000000     5.11480     0.00000
    14    29     0.5336357     0.0000000     0.0000000     5.58390     0.03896
    14    30    -0.0000000    -0.0000000    -0.0000000     5.68050     0.00000
    15    15    -0.0000000     0.0000000    10.1355005     0.00000     0.00000
    15    16    -0.0000000    -0.2916913     0.0000000     0.19540     0.00041
    15    17     0.0000000     0.2768601    -0.0000000     0.64750     0.00122
    15    18     0.0000000     0.0000000    -0.0000000     0.86080     0.00000
    15    19    -0.0000000     0.0000000     0.7101719     1.50900     0.01865
    15    20     0.0000000     0.0662898    -0.0000000     1.54470     0.00017
    15    21    -0.0000000     0.2790793     0.0000000     2.44290     0.00466
    15    22    -0.0000000    -0.0000000     0.0000000     2.77700     0.00000
    15    23     0.0000000    -0.0000000    -1.5658014     3.30410     0.19847
    15    24     0.0000000     0.2301362     0.0000000     3.35600     0.00435
    15    25     0.0000000    -0.1237080    -0.0000000     4.14780     0.00156
    15    26     0.0000000    -0.0000000    -0.0000000     4.23170     0.00000
    15    27     0.0000000    -0.0000000     0.0000000     4.45910     0.00000
    15    28    -0.0000000    -0.0000000    -0.0528012     4.46190     0.00030
    15    29    -0.0000000     1.2751542     0.0000000     4.93100     0.19643
    15    30    -0.0000000    -0.0000000    -0.1172088     5.02760     0.00169
    16    16    -0.0000000    -0.0000000    11.6486819     0.00000     0.00000
    16    17     0.0000000     0.0000000    -1.2936786     0.45210     0.01854
    16    18     0.7779170     0.0000000    -0.0000000     0.66540     0.00987
    16    19    -0.0000000     0.8567486     0.0000000     1.31360     0.02362
    16    20     0.0000000    -0.0000000     1.2868860     1.34930     0.05475
    16    21    -0.0000000     0.0000000     0.4015027     2.24750     0.00888
    16    22    -1.0869685     0.0000000     0.0000000     2.58160     0.07473
    16    23    -0.0000000    -1.3949044     0.0000000     3.10870     0.14819
    16    24     0.0000000     0.0000000     2.2634999     3.16060     0.39672
    16    25    -0.0000000    -0.0000000    -0.2385460     3.95240     0.00551
    16    26     0.7827054     0.0000000    -0.0000000     4.03630     0.06058
    16    27     0.3140069     0.0000000    -0.0000000     4.26370     0.01030
    16    28    -0.0000000    -0.0831016    -0.0000000     4.26650     0.00072
    16    29     0.0000000    -0.0000000     0.0370960     4.73560     0.00016
    16    30     0.0000000    -0.2075918    -0.0000000     4.83220     0.00510
    17    17    -0.0000000     0.0000000     8.0445833     0.00000     0.00000
    17    18     2.6815781     0.0000000    -0.0000000     0.21330     0.03758
    17    19    -0.0000000     2.8983070     0.0000000     0.86150     0.17730
    17    20    -0.0000000    -0.0000000     2.3537390     0.89720     0.12178
    17    21     0.0000000    -0.0000000    -0.1252321     1.79540     0.00069
    17    22     0.6680653    -0.0000000     0.0000000     2.12950     0.02328
    17    23     0.0000000     0.2541600    -0.0000000     2.65660     0.00420
    17    24     0.0000000    -0.0000000    -0.6025674     2.70850     0.02409
    17    25     0.0000000     0.0000000     0.3334672     3.50030     0.00954
    17    26     0.4466820     0.0000000     0.0000000     3.58420     0.01752
    17    27    -0.3985972    -0.0000000     0.0000000     3.81160     0.01484
    17    28    -0.0000000    -0.4726696     0.0000000     3.81440     0.02088
    17    29    -0.0000000    -0.0000000     0.3037835     4.28350     0.00968
    17    30     0.0000000    -0.5354404    -0.0000000     4.38010     0.03077
    18    18     0.0000000    -0.0000000     9.3388056     0.00000     0.00000
    18    19     0.0000000     0.0000000    -0.0000000     0.64820     0.00000
    18    20     0.6951343     0.0000000     0.0000000     0.68390     0.00810
    18    21     0.2294803     0.0000000     0.0000000     1.58210     0.00204
    18    22    -0.0000000    -0.0000000    -0.1627612     1.91620     0.00124
    18    23    -0.0000000    -0.0000000     0.0000000     2.44330     0.00000
    18    24     0.4587322     0.0000000    -0.0000000     2.49520     0.01286
    18    25     1.9260180    -0.0000000    -0.0000000     3.28700     0.29873
    18    26    -0.0000000     0.0000000    -0.9604202     3.37090     0.07618
    18    27     0.0000000    -0.0000000     0.8914307     3.59830     0.07005
    18    28     0.0000000     0.0000000     0.0000000     3.60110     0.00000
    18    29     0.0274485    -0.0000000    -0.0000000     4.07020     0.00008
    18    30    -0.0000000    -0.0000000    -0.0000000     4.16680     0.00000
    19    19    -0.0000000     0.0000000     8.2187364     0.00000     0.00000
    19    20    -0.0000000     0.0655603     0.0000000     0.03570     0.00000
    19    21    -0.0000000     0.1355403     0.0000000     0.93390     0.00042
    19    22     0.0000000    -0.0000000     0.0000000     1.26800     0.00000
    19    23    -0.0000000    -0.0000000     0.0791042     1.79510     0.00028
    19    24    -0.0000000     0.1385836     0.0000000     1.84700     0.00087
    19    25    -0.0000000    -0.1846239     0.0000000     2.63880     0.00220
    19    26    -0.0000000    -0.0000000     0.0000000     2.72270     0.00000
    19    27     0.0000000     0.0000000    -0.0000000     2.95010     0.00000
    19    28     0.0000000    -0.0000000     0.8177634     2.95290     0.04838
    19    29    -0.0000000    -0.2686245    -0.0000000     3.42200     0.00605
    19    30     0.0000000    -0.0000000    -1.2945502     3.51860     0.14447
    20    20    -0.0000000    -0.0000000    10.7748197     0.00000     0.00000
    20    21     0.0000000    -0.0000000     0.0241546     0.89820     0.00001
    20    22    -0.0017326     0.0000000     0.0000000     1.23230     0.00000
    20    23     0.0000000     0.0689563    -0.0000000     1.75940     0.00020
    20    24    -0.0000000     0.0000000     0.2746829     1.81130     0.00335
    20    25    -0.0000000     0.0000000    -0.1901354     2.60310     0.00231
    20    26    -0.8492498     0.0000000     0.0000000     2.68700     0.04748
    20    27     0.8508700    -0.0000000     0.0000000     2.91440     0.05169
    20    28     0.0000000     0.5653040    -0.0000000     2.91720     0.02284
    20    29    -0.0000000    -0.0000000    -0.7502215     3.38630     0.04669
    20    30    -0.0000000    -1.4503762     0.0000000     3.48290     0.17950
    21    21     0.0000000    -0.0000000    11.9475403     0.00000     0.00000
    21    22    -0.0790933     0.0000000    -0.0000000     0.33410     0.00005
    21    23     0.0000000    -0.4716906     0.0000000     0.86120     0.00469
    21    24     0.0000000    -0.0000000     1.1478696     0.91310     0.02948
    21    25    -0.0000000     0.0000000     0.5926349     1.70490     0.01467
    21    26     0.5883651     0.0000000     0.0000000     1.78880     0.01517
    21    27     0.7229911     0.0000000     0.0000000     2.01620     0.02582
    21    28    -0.0000000     0.1231393     0.0000000     2.01900     0.00075
    21    29     0.0000000    -0.0000000    -0.3387779     2.48810     0.00700
    21    30    -0.0000000    -0.0415779     0.0000000     2.58470     0.00011
    22    22     0.0000000    -0.0000000     9.6193626     0.00000     0.00000
    22    23    -0.0000000     0.0000000    -0.0000000     0.52710     0.00000
    22    24    -0.2132287     0.0000000    -0.0000000     0.57900     0.00064
    22    25     0.2557491    -0.0000000    -0.0000000     1.37080     0.00220
    22    26     0.0000000    -0.0000000     0.5011835     1.45470     0.00895
    22    27     0.0000000     0.0000000    -0.1394661     1.68210     0.00080
    22    28     0.0000000    -0.0000000     0.0000000     1.68490     0.00000
    22    29    -0.8721939     0.0000000     0.0000000     2.15400     0.04014
    22    30    -0.0000000     0.0000000    -0.0000000     2.25060     0.00000
    23    23    -0.0000000    -0.0000000    10.2753273     0.00000     0.00000
    23    24    -0.0000000    -0.8751523    -0.0000000     0.05190     0.00097
    23    25     0.0000000     0.2549158     0.0000000     0.84370     0.00134
    23    26     0.0000000     0.0000000     0.0000000     0.92760     0.00000
    23    27     0.0000000     0.0000000     0.0000000     1.15500     0.00000
    23    28    -0.0000000     0.0000000    -0.3383336     1.15780     0.00325
    23    29    -0.0000000    -1.8750604    -0.0000000     1.62690     0.14014
    23    30    -0.0000000     0.0000000     0.8194184     1.72350     0.02835
    24    24     0.0000000     0.0000000     9.7147203     0.00000     0.00000
    24    25    -0.0000000    -0.0000000    -0.0395690     0.79180     0.00003
    24    26     0.6351661     0.0000000     0.0000000     0.87570     0.00866
    24    27     0.7858492    -0.0000000     0.0000000     1.10310     0.01669
    24    28     0.0000000     0.1147112    -0.0000000     1.10590     0.00036
    24    29     0.0000000     0.0000000    -0.1736369     1.57500     0.00116
    24    30    -0.0000000    -0.1709559     0.0000000     1.67160     0.00120
    25    25     0.0000000    -0.0000000     9.5474664     0.00000     0.00000
    25    26    -0.1078270     0.0000000    -0.0000000     0.08390     0.00002
    25    27    -0.1232800    -0.0000000     0.0000000     0.31130     0.00012
    25    28    -0.0000000    -0.0049850    -0.0000000     0.31410     0.00000
    25    29    -0.0000000    -0.0000000    -0.3403577     0.78320     0.00222
    25    30     0.0000000    -0.1218163     0.0000000     0.87980     0.00032
    26    26    -0.0000000    -0.0000000     9.1614097     0.00000     0.00000
    26    27    -0.0000000    -0.0000000     2.0784373     0.22740     0.02407
    26    28    -0.0000000    -0.0000000    -0.0000000     0.23020     0.00000
    26    29     1.2905266    -0.0000000     0.0000000     0.69930     0.02853
    26    30    -0.0000000     0.0000000    -0.0000000     0.79590     0.00000
    27    27    -0.0000000    -0.0000000     9.6310550     0.00000     0.00000
    27    28     0.0000000    -0.0000000     0.0000000     0.00280     0.00000
    27    29     1.0649607     0.0000000     0.0000000     0.47190     0.01311
    27    30     0.0000000    -0.0000000     0.0000000     0.56850     0.00000
    28    28     0.0000000    -0.0000000     9.1976255     0.00000     0.00000
    28    29    -0.0000000     0.2853078    -0.0000000     0.46910     0.00094
    28    30     0.0000000     0.0000000     0.4885737     0.56570     0.00331
    29    29     0.0000000     0.0000000     8.0956198     0.00000     0.00000
    29    30     0.0000000     0.5633432     0.0000000     0.09660     0.00075
    30    30    -0.0000000    -0.0000000     8.4569946     0.00000     0.00000
