0.5	0.0
0.50475	0.0
0.5095	0.0
0.51425	0.0
0.519	0.0
0.52375	0.0
0.5285	0.0
0.53325	0.0
0.538	0.0
0.54275	0.0
0.5475	0.0
0.55225	0.0
0.5569999999999999	0.0
0.56175	0.0
0.5665	0.0
0.57125	0.0
0.576	0.0
0.58075	0.0
0.5855	0.0
0.5902499999999999	0.0
0.595	0.0
0.59975	0.0
0.6045	0.0
0.60925	0.0
0.614	0.0
0.61875	0.0
0.6234999999999999	0.0
0.62825	0.0
0.633	0.0
0.63775	0.0
0.6425	0.0
0.64725	0.0
0.652	0.0
0.65675	0.0
0.6615	0.0
0.66625	0.0
0.671	0.0
0.67575	0.0
0.6805	0.0
0.68525	0.0
0.69	0.0
0.69475	0.0
0.6995	0.0
0.70425	0.0
0.709	0.0
0.71375	0.0
0.7185	0.0
0.72325	0.0
0.728	0.0
0.73275	0.0
0.7375	0.0
0.74225	0.0
0.747	0.0
0.7517499999999999	0.0
0.7565	0.0
0.76125	0.0
0.766	0.0
0.77075	0.0
0.7755	0.0
0.78025	0.0
0.7849999999999999	0.0
0.78975	0.0
0.7945	0.0
0.79925	0.0
0.804	0.0
0.80875	0.0
0.8135	0.0
0.8182499999999999	0.0
0.823	0.0
0.82775	0.0
0.8325	0.0
0.83725	0.0
0.842	0.0
0.84675	0.0
0.8514999999999999	0.0
0.85625	0.0
0.861	0.0
0.86575	0.0
0.8705	0.0
0.87525	0.0
0.88	0.0
0.8847499999999999	0.0
0.8895	0.0
0.89425	0.0
0.899	0.0
0.90375	0.0
0.9085	0.0
0.91325	0.0
0.9179999999999999	0.0
0.92275	0.0
0.9275	0.0
0.93225	0.0
0.937	0.0
0.94175	0.0
0.9465	0.0
0.9512499999999999	0.0
0.956	0.0
0.96075	0.0
0.9655	0.0
0.9702500000000001	0.0
0.975	0.0
0.97975	0.0
0.9844999999999999	0.0
0.98925	0.0
0.994	0.0
0.99875	0.0
1.0034999999999998	0.0
1.0082499999999999	0.0
1.013	0.0
1.01775	0.0
1.0225	0.0
1.02725	0.0
1.032	0.0
1.03675	0.0
1.0415	0.0
1.0462500000000001	0.0
1.051	0.0
1.05575	0.0
1.0605	0.0
1.06525	0.0
1.0699999999999998	0.0
1.0747499999999999	0.0
1.0795	0.0
1.08425	0.0
1.089	0.0
1.09375	0.0
1.0985	0.0
1.10325	0.0
1.108	0.0
1.1127500000000001	0.0
1.1175	0.0
1.12225	0.0
1.127	0.0
1.13175	0.0
1.1364999999999998	0.0
1.1412499999999999	0.0
1.146	0.0
1.15075	0.0
1.1555	0.0
1.16025	0.0
1.165	0.0
1.16975	0.0
1.1745	0.0
1.1792500000000001	0.0
1.184	0.0
1.18875	0.0
1.1935	0.0
1.19825	0.0
1.2029999999999998	0.0
1.2077499999999999	0.0
1.2125	0.0
1.21725	0.0
1.222	0.0
1.22675	0.0
1.2315	0.0
1.23625	0.0
1.241	0.0
1.2457500000000001	0.0
1.2505	0.0
1.25525	0.0
1.26	0.0
1.2647499999999998	0.0
1.2694999999999999	0.0
1.2742499999999999	0.0
1.279	0.0
1.28375	0.0
1.2885	0.0
1.29325	0.0
1.298	0.0
1.30275	0.0
1.3075	0.0
1.3122500000000001	0.0
1.317	0.0
1.32175	0.0
1.3265	0.0
1.3312499999999998	0.0
1.3359999999999999	0.0
1.3407499999999999	0.0
1.3455	0.0
1.35025	0.0
1.355	0.0
1.35975	0.0
1.3645	0.0
1.36925	0.0
1.374	0.0
1.3787500000000001	0.0
1.3835	0.0
1.38825	0.0
1.393	0.0
1.3977499999999998	0.0
1.4024999999999999	0.0
1.40725	0.0
1.412	0.0
1.41675	0.0
1.4215	0.0
1.42625	0.0
1.431	0.0
1.43575	0.0
1.4405000000000001	0.0
1.44525	0.0
1.45	0.0
1.45475	0.0
1.4595	0.0
1.4642499999999998	0.0
1.4689999999999999	0.0
1.47375	0.0
1.4785	0.0
1.48325	0.0
1.488	0.0
1.49275	0.0
1.4975	0.0
1.50225	0.0
1.507	0.0
1.51175	0.0
1.5165	0.0
1.52125	0.0
1.526	0.0
1.53075	0.0
1.5354999999999999	0.0
1.54025	0.0
1.545	0.0
1.54975	0.0
1.5545	0.0
1.55925	0.0
1.564	0.0
1.5687499999999999	0.0
1.5735	0.0
1.57825	0.0
1.583	0.0
1.58775	0.0
1.5925	0.0
1.59725	0.0
1.6019999999999999	0.0
1.60675	0.0
1.6115	0.0
1.61625	0.0
1.621	0.0
1.62575	0.0
1.6305	0.0
1.6352499999999999	0.0
1.64	0.0
1.64475	0.0
1.6495	0.0
1.65425	0.0
1.659	0.0
1.66375	0.0
1.6684999999999999	0.0
1.67325	0.0
1.678	0.0
1.68275	0.0
1.6875	0.0
1.69225	0.0
1.697	0.0
1.7017499999999999	0.0
1.7065	0.0
1.71125	0.0
1.716	0.0
1.72075	0.0
1.7255	0.0
1.73025	0.0
1.7349999999999999	0.0
1.73975	0.0
1.7445	0.0
1.74925	0.0
1.754	0.0
1.75875	0.0
1.7635	0.0
1.7682499999999999	0.0
1.773	0.0
1.77775	0.0
1.7825	0.0
1.78725	0.0
1.792	0.0
1.79675	0.0
1.8014999999999999	0.0
1.80625	0.0
1.811	0.0
1.81575	0.0
1.8205	0.0
1.82525	0.0
1.83	0.0
1.8347499999999999	0.0
1.8395	0.0
1.84425	0.0
1.849	0.0
1.85375	0.0
1.8585	0.0
1.86325	0.0
1.8679999999999999	0.0
1.87275	0.0
1.8775	0.0
1.88225	0.0
1.887	0.0
1.89175	0.0
1.8965	0.0
1.9012499999999999	0.0
1.906	0.0
1.91075	0.0
1.9155	0.0
1.92025	0.0
1.925	0.0
1.9297499999999999	0.0
1.9344999999999999	0.0
1.93925	0.0
1.944	0.0
1.94875	0.0
1.9535	0.0
1.95825	0.0
1.9629999999999999	0.0
1.9677499999999999	0.0
1.9725	0.0
1.97725	0.0
1.982	0.0
1.98675	0.0
1.9915	0.0
1.9962499999999999	0.0
2.001	0.0
2.00575	0.0
2.0105	0.0
2.01525	0.0
2.02	0.0
2.02475	0.0
2.0294999999999996	0.0
2.03425	0.0
2.0389999999999997	0.0
2.04375	0.0
2.0484999999999998	0.0
2.0532500000000002	0.0
2.058	0.0
2.06275	0.0
2.0675	0.0
2.07225	0.0
2.077	0.0
2.08175	0.0
2.0865	0.0
2.09125	0.0
2.096	0.0
2.1007499999999997	0.0
2.1055	0.0
2.1102499999999997	0.0
2.115	0.0
2.11975	0.0
2.1245000000000003	0.0
2.12925	0.0
2.134	0.0
2.13875	0.0
2.1435	0.0
2.14825	0.0
2.153	0.0
2.15775	0.0
2.1624999999999996	0.0
2.16725	0.0
2.1719999999999997	0.0
2.17675	0.0
2.1814999999999998	0.0
2.1862500000000002	0.0
2.191	0.0
2.19575	0.0
2.2005	0.0
2.20525	0.0
2.21	0.0
2.21475	0.0
2.2195	0.0
2.22425	0.0
2.229	0.0
2.2337499999999997	0.0
2.2385	0.0
2.2432499999999997	0.0
2.248	0.0
2.25275	0.0
2.2575000000000003	0.0
2.26225	0.0
2.267	0.0
2.27175	0.0
2.2765	0.0
2.28125	0.0
2.286	0.0
2.29075	0.0
2.2954999999999997	0.0
2.30025	0.0
2.3049999999999997	0.0
2.30975	0.0
2.3145	0.0
2.3192500000000003	0.0
2.324	0.0
2.32875	0.0
2.3335	0.0
2.33825	0.0
2.343	0.0
2.34775	0.0
2.3525	0.0
2.3572499999999996	0.0
2.362	0.0
2.3667499999999997	0.0
2.3715	0.0
2.3762499999999998	0.0
2.3810000000000002	0.0
2.38575	0.0
2.3905	0.0
2.39525	0.0
2.4	0.0
2.40475	0.0
2.4095	0.0
2.41425	0.0
2.419	0.0
2.42375	0.0
2.4284999999999997	0.0
2.43325	0.0
2.4379999999999997	0.0
2.44275	0.0
2.4475	0.0
2.4522500000000003	0.0
2.457	0.0
2.46175	0.0
2.4665	0.0
2.47125	0.0
2.476	0.0
2.48075	0.0
2.4855	0.0
2.4902499999999996	0.0
2.495	0.0
2.4997499999999997	0.0
2.5045	0.0
2.5092499999999998	0.0
2.514	0.0
2.51875	0.0
2.5235	0.0
2.52825	0.0
2.533	0.0
2.53775	0.0
2.5425	0.0
2.54725	0.0
2.552	0.0
2.55675	0.0
2.5615	0.0
2.56625	0.0
2.5709999999999997	0.0
2.5757499999999998	0.0
2.5805	0.0
2.58525	0.0
2.59	0.0
2.59475	0.0
2.5995	0.0
2.60425	0.0
2.609	0.0
2.61375	0.0
2.6185	0.0
2.62325	0.0
2.628	0.0
2.63275	0.0
2.6374999999999997	0.0
2.6422499999999998	0.0
2.647	0.0
2.65175	0.0
2.6565	0.0
2.66125	0.0
2.666	0.0
2.67075	0.0
2.6755	0.0
2.68025	0.0
2.685	0.0
2.68975	0.0
2.6945	0.0
2.69925	0.0
2.7039999999999997	0.0
2.7087499999999998	0.0
2.7135	0.0
2.71825	0.0
2.723	0.0
2.72775	0.0
2.7325	0.0
2.73725	0.0
2.742	0.0
2.74675	0.0
2.7515	0.0
2.75625	0.0
2.761	0.0
2.76575	0.0
2.7704999999999997	0.0
2.7752499999999998	0.0
2.78	0.0
2.78475	0.0
2.7895	0.0
2.79425	0.0
2.799	0.0
2.80375	0.0
2.8085	0.0
2.81325	0.0
2.818	0.0
2.82275	0.0
2.8275	0.0
2.83225	0.0
2.8369999999999997	0.0
2.8417499999999998	0.0
2.8465	0.0
2.85125	0.0
2.856	0.0
2.86075	0.0
2.8655	0.0
2.87025	0.0
2.875	0.0
2.87975	0.0
2.8845	0.0
2.88925	0.0
2.894	0.0
2.89875	0.0
2.9034999999999997	0.0
2.90825	0.0
2.913	0.0
2.91775	0.0
2.9225	0.0
2.92725	0.0
2.932	0.0
2.93675	0.0
2.9415	0.0
2.94625	0.0
2.951	0.0
2.95575	0.0
2.9605	0.0
2.9652499999999997	0.0
2.9699999999999998	0.0
2.97475	0.0
2.9795	0.0
2.98425	0.0
2.989	0.0
2.99375	0.0
2.9985	0.0
3.00325	0.0
3.008	0.0
3.01275	0.0
3.0175	0.0
3.02225	0.0
3.027	0.0
3.0317499999999997	0.0
3.0364999999999998	0.0
3.04125	0.0
3.046	0.0
3.05075	0.0
3.0555	0.0
3.06025	0.0
3.065	0.0
3.06975	0.0
3.0745	0.0
3.07925	0.0
3.084	0.0
3.08875	0.0
3.0935	0.0
3.0982499999999997	0.0
3.1029999999999998	0.0
3.10775	0.0
3.1125	0.0
3.11725	0.0
3.122	0.0
3.12675	0.0
3.1315	0.0
3.13625	0.0
3.141	0.0
3.14575	0.0
3.1505	0.0
3.15525	0.0
3.16	0.0
3.1647499999999997	0.0
3.1694999999999998	0.0
3.17425	0.0
3.179	0.0
3.18375	0.0
3.1885	0.0
3.19325	0.0
3.198	0.0
3.20275	0.0
3.2075	0.0
3.21225	0.0
3.217	0.0
3.22175	0.0
3.2265	0.0
3.2312499999999997	0.0
3.2359999999999998	0.0
3.24075	0.0
3.2455	0.0
3.25025	0.0
3.255	0.0
3.25975	0.0
3.2645	0.0
3.26925	0.0
3.274	0.0
3.27875	0.0
3.2835	0.0
3.28825	0.0
3.293	0.0
3.2977499999999997	0.0
3.3024999999999998	0.0
3.30725	0.0
3.312	0.0
3.31675	0.0
3.3215	0.0
3.32625	0.0
3.331	0.0
3.33575	0.0
3.3405	0.0
3.34525	0.0
3.35	0.0
3.35475	0.0
3.3594999999999997	0.0
3.3642499999999997	0.0
3.3689999999999998	0.0
3.37375	0.0
3.3785	0.0
3.38325	0.0
3.388	0.0
3.39275	0.0
3.3975	0.0
3.40225	0.0
3.407	0.0
3.41175	0.0
3.4165	0.0
3.42125	0.0
3.4259999999999997	0.0
3.4307499999999997	0.0
3.4354999999999998	0.0
3.44025	0.0
3.445	0.0
3.44975	0.0
3.4545	0.0
3.45925	0.0
3.464	0.0
3.46875	0.0
3.4735	0.0
3.47825	0.0
3.483	0.0
3.48775	0.0
3.4924999999999997	0.0
3.4972499999999997	0.0
3.502	0.0
3.50675	0.0
3.5115	0.0
3.51625	0.0
3.521	0.0
3.52575	0.0
3.5305	0.0
3.53525	0.0
3.54	0.0
3.54475	0.0
3.5495	0.0
3.55425	0.0
3.5589999999999997	0.0
3.5637499999999998	0.0
3.5685	0.0
3.57325	0.0
3.578	0.0
3.58275	0.0
3.5875	0.0
3.59225	0.0
3.597	0.0
3.60175	0.0
3.6065	0.0
3.61125	0.0
3.616	0.0
3.62075	0.0
3.6254999999999997	0.0
3.6302499999999998	0.0
3.635	0.0
3.63975	0.0
3.6445	0.0
3.64925	0.0
3.654	0.0
3.65875	0.0
3.6635	0.0
3.66825	0.0
3.673	0.0
3.67775	0.0
3.6825	0.0
3.68725	0.0
3.6919999999999997	0.0
3.6967499999999998	0.0
3.7015	0.0
3.70625	0.0
3.711	0.0
3.71575	0.0
3.7205	0.0
3.72525	0.0
3.73	0.0
3.73475	0.0
3.7395	0.0
3.74425	0.0
3.749	0.0
3.7537499999999997	0.0
3.7584999999999997	0.0
3.7632499999999998	0.0
3.768	0.0
3.77275	0.0
3.7775	0.0
3.78225	0.0
3.787	0.0
3.79175	0.0
3.7965	0.0
3.80125	0.0
3.806	0.0
3.81075	0.0
3.8155	0.0
3.8202499999999997	0.0
3.8249999999999997	0.0
3.8297499999999998	0.0
3.8345	0.0
3.83925	0.0
3.844	0.0
3.84875	0.0
3.8535	0.0
3.85825	0.0
3.863	0.0
3.86775	0.0
3.8725	0.0
3.87725	0.0
3.882	0.0
3.8867499999999997	0.0
3.8914999999999997	0.0
3.8962499999999998	0.0
3.901	0.0
3.90575	0.0
3.9105	0.0
3.91525	0.0
3.92	0.0
3.92475	0.0
3.9295	0.0
3.93425	0.0
3.939	0.0
3.94375	0.0
3.9485	0.0
3.9532499999999997	0.0
3.9579999999999997	0.0
3.9627499999999998	0.0
3.9675	0.0
3.97225	0.0
3.977	0.0
3.98175	0.0
3.9865	0.0
3.99125	0.0
3.996	0.0
4.00075	0.0
4.0055	0.0
4.01025	0.0
4.015000000000001	0.0
4.01975	0.0
4.0245	0.0
4.029249999999999	0.0
4.034	0.0
4.03875	0.0
4.0435	0.0
4.0482499999999995	0.0
4.053	0.0
4.05775	0.0
4.0625	0.0
4.06725	0.0
4.072	0.0
4.0767500000000005	0.0
4.0815	0.0
4.08625	0.0
4.090999999999999	0.0
4.09575	0.0
4.1005	0.0
4.10525	0.0
4.109999999999999	0.0
4.11475	0.0
4.1195	0.0
4.12425	0.0
4.129	0.0
4.13375	0.0
4.1385000000000005	0.0
4.14325	0.0
4.148	0.0
4.152749999999999	0.0
4.1575	0.0
4.16225	0.0
4.167	0.0
4.171749999999999	0.0
4.1765	0.0
4.18125	0.0
4.186	0.0
4.1907499999999995	0.0
4.1955	0.0
4.2002500000000005	0.0
4.205	0.0
4.20975	0.0
4.214499999999999	0.0
4.21925	0.0
4.224	0.0
4.22875	0.0
4.233499999999999	0.0
4.23825	0.0
4.243	0.0
4.24775	0.0
4.2524999999999995	0.0
4.25725	0.0
4.2620000000000005	0.0
4.26675	0.0
4.2715	0.0
4.27625	0.0
4.281	0.0
4.28575	0.0
4.2905	0.0
4.295249999999999	0.0
4.3	0.0
4.30475	0.0
4.3095	0.0
4.3142499999999995	0.0
4.319	0.0
4.32375	0.0
4.3285	0.0
4.33325	0.0
4.338	0.0
4.3427500000000006	0.0
4.3475	0.0
4.35225	0.0
4.356999999999999	0.0
4.36175	0.0
4.3665	0.0
4.37125	0.0
4.3759999999999994	0.0
4.38075	0.0
4.3855	0.0
4.39025	0.0
4.395	0.0
4.39975	0.0
4.4045000000000005	0.0
4.40925	0.0
4.414	0.0
4.418749999999999	0.0
4.4235	0.0
4.42825	0.0
4.433	0.0
4.437749999999999	0.0
4.4425	0.0
4.44725	0.0
4.452	0.0
4.4567499999999995	0.0
4.4615	0.0
4.4662500000000005	0.0
4.471	0.0
4.47575	0.0
4.480499999999999	0.0
4.48525	0.0
4.49	0.0
4.49475	0.0
4.499499999999999	0.0
4.50425	0.0
4.509	0.0
4.51375	0.0
4.5184999999999995	0.0
4.52325	0.0
4.528	0.0
4.53275	0.0
4.5375	0.0
4.54225	0.0
4.547	0.0
4.55175	0.0
4.5565	0.0
4.56125	0.0
4.566	6.4e-323
4.57075	1.124e-320
4.5755	1.918037e-318
4.5802499999999995	3.21390444e-316
4.585	5.2889585497e-314
4.5897499999999996	8.548075492317e-312
4.5945	1.35683650378084e-309
4.59925	2.1151816683802035e-307
4.604	3.238387491270596e-305
4.60875	4.869349386889726e-303
4.6135	7.190747614284346e-301
4.61825	1.0428891256688928e-298
4.623	1.4854677132613534e-296
4.62775	2.0780178759166574e-294
4.6325	2.854935666173836e-292
4.63725	3.8521603589785136e-290
4.6419999999999995	5.104737025358492e-288
4.64675	6.643598444782053e-286
4.6514999999999995	8.49169447455041e-284
4.65625	1.065973308159276e-281
4.661	1.31419340892219e-279
4.66575	1.5912309740375773e-277
4.6705	1.8922048344390787e-275
4.67525	2.2098564136673674e-273
4.68	2.534667225005824e-271
4.68475	2.8552150670948088e-269
4.6895	3.1587677033989793e-267
4.69425	3.4320810532988797e-265
4.699	3.662337527572713e-263
4.70375	3.8381344425581532e-261
4.7085	3.9504173845713025e-259
4.7132499999999995	3.993252470362458e-257
4.718	3.964345881489981e-255
4.72275	3.8652473691014105e-253
4.7275	3.701212602480966e-251
4.73225	3.480741376671119e-249
4.737	3.214848148503754e-247
4.74175	2.916151998267321e-245
4.7465	2.5978904554518515e-243
4.75125	2.2729636812675614e-241
4.756	1.9531029815451315e-239
4.76075	1.6482336419093633e-237
4.7655	1.366071371683769e-235
4.77025	1.1119595535561168e-233
4.7749999999999995	8.889259315571539e-232
4.77975	6.979159844997538e-230
4.7844999999999995	5.381479613694074e-228
4.78925	4.075315518333512e-226
4.794	3.030970864480673e-224
4.79875	2.2139268622600337e-222
4.8035	1.5882020869975767e-220
4.80825	1.1189462873033143e-218
4.813	7.74236606903621e-217
4.81775	5.261373680132635e-215
4.8225	3.511442643513922e-213
4.82725	2.301616671335775e-211
4.832	1.481635567270132e-209
4.83675	9.367221282887869e-208
4.8415	5.816224335560612e-206
4.8462499999999995	3.546765727842208e-204
4.851	2.124148337418354e-202
4.85575	1.2493904016269038e-200
4.8605	7.217262029330094e-199
4.86525	4.094564959559707e-197
4.87	2.281413686343036e-195
4.87475	1.2484216865056902e-193
4.8795	6.709336136896376e-192
4.88425	3.5412678888782117e-190
4.889	1.8356885408242788e-188
4.89375	9.345449541121721e-187
4.8985	4.672640636909887e-185
4.90325	2.294486733034135e-183
4.9079999999999995	1.1065465915641729e-181
4.91275	5.241008249136946e-180
4.9174999999999995	2.4379285109248935e-178
4.92225	1.1137509155053817e-176
4.927	4.9970784357695157e-175
4.93175	2.2019387952092945e-173
4.9365	9.529175044216453e-172
4.94125	4.050105636403811e-170
4.946	1.690590333751313e-168
4.95075	6.930608977338878e-167
4.9555	2.7903931471708066e-165
4.96025	1.103367991962916e-163
4.965	4.284857174068734e-162
4.9697499999999994	1.6342304714652348e-160
4.9745	6.121406809285295e-159
4.9792499999999995	2.251905518512175e-157
4.984	8.135983753871904e-156
4.98875	2.886894843676215e-154
4.9935	1.0060344241690753e-152
4.99825	3.443148095557586e-151
5.003	1.1573362299524602e-149
5.00775	3.820536729951919e-148
5.0125	1.2386545274216569e-146
5.01725	3.944000797670627e-145
5.022	1.2333455705516518e-143
5.02675	3.787856758289721e-142
5.0315	1.14251865744404e-140
5.03625	3.384496263713071e-139
5.0409999999999995	9.84658788966894e-138
5.04575	2.813445255877392e-136
5.0504999999999995	7.895000484289238e-135
5.05525	2.175839404217203e-133
5.06	5.889284010376898e-132
5.06475	1.5655218894354387e-130
5.0695	4.087114218952056e-129
5.07425	1.0479375192622029e-127
5.079	2.6388517308457714e-126
5.08375	6.52612778645121e-125
5.0885	1.585101737744236e-123
5.09325	3.7811133379979647e-122
5.098	8.858154144992846e-121
5.1027499999999995	2.0381106385713688e-119
5.1075	4.6054626343678755e-118
5.1122499999999995	1.0220679145453232e-116
5.117	2.2276514056595873e-115
5.12175	4.7684330799944966e-114
5.1265	1.0024555801967184e-112
5.13125	2.0697389271881517e-111
5.136	4.196884163755108e-110
5.14075	8.357942557152355e-109
5.1455	1.6346800632239674e-107
5.15025	3.139981826679562e-106
5.155	5.923555851850833e-105
5.15975	1.0974855869261857e-103
5.1645	1.9969911848864256e-102
5.16925	3.5687362704364785e-101
5.1739999999999995	6.263451896224199e-100
5.17875	1.0796277094855927e-98
5.1834999999999996	1.8276594794208313e-97
5.18825	3.0386279529815015e-96
5.193	4.961588687183531e-95
5.19775	7.956553242095023e-94
5.2025	1.2531128181707699e-92
5.20725	1.9382792933703968e-91
5.212	2.9444455299467095e-90
5.21675	4.392903646442739e-89
5.2215	6.43666364501706e-88
5.22625	9.262557934460272e-87
5.231	1.3090675100374356e-85
5.2357499999999995	1.816996687500374e-84
5.2405	2.476892804822912e-83
5.2452499999999995	3.316051541291904e-82
5.25	4.360098667959219e-81
5.25475	5.630310515588859e-80
5.2595	7.14051213508914e-79
5.26425	8.893800032219617e-78
5.269	1.0879435059427133e-76
5.27375	1.3070322764554358e-75
5.2785	1.5421522974009317e-74
5.28325	1.7870191339421026e-73
5.288	2.033724519048386e-72
5.29275	2.2730868588079777e-71
5.2975	2.4951744945077614e-70
5.30225	2.6899660465727695e-69
5.3069999999999995	2.8480896704016924e-68
5.31175	2.9615666010908815e-67
5.3165	3.0244773281154696e-66
5.32125	3.0334730962075505e-65
5.326	2.9880712323823288e-64
5.33075	2.8906980521024447e-63
5.3355	2.746474036588122e-62
5.34025	2.56276775174012e-61
5.345	2.34857258858509e-60
5.34975	2.113779635556005e-59
5.3545	1.868428210926401e-58
5.35925	1.6220121647545911e-57
5.364	1.3829063876728367e-56
5.3687499999999995	1.1579570278510645e-55
5.3735	9.522546185712395e-55
5.3782499999999995	7.69085665998812e-54
5.383	6.1003862176112225e-53
5.38775	4.7522680606712366e-52
5.3925	3.635846277657153e-51
5.39725	2.731939521966476e-50
5.402	2.0160329847559676e-49
5.40675	1.461117594483998e-48
5.4115	1.0400008449171644e-47
5.41625	7.270147102869698e-47
5.421	4.991300178206746e-46
5.42575	3.365465669101485e-45
5.430499999999999	2.2286282163941684e-44
5.43525	1.4494093862055985e-43
5.4399999999999995	9.25775106487147e-43
5.44475	5.807388932279365e-42
5.4495	3.5778103084931693e-41
5.45425	2.1647846217062304e-40
5.459	1.2863912038560446e-39
5.46375	7.507449405217701e-39
5.4685	4.3030139192388134e-38
5.47325	2.4222227143548555e-37
5.478	1.339110386259562e-36
5.48275	7.270757654126146e-36
5.4875	3.877072698137317e-35
5.49225	2.0304355296160244e-34
5.497	1.0443244569080508e-33
5.5017499999999995	5.275245526866188e-33
5.5065	2.617043199475227e-32
5.5112499999999995	1.2750877983217038e-31
5.516	6.1014108887237405e-31
5.52075	2.8673548354918167e-30
5.5255	1.3234075024878346e-29
5.53025	5.998832408334043e-29
5.535	2.670550841165773e-28
5.53975	1.1676050273396204e-27
5.5445	5.013627302956955e-27
5.54925	2.1143122296741452e-26
5.554	8.756835301278746e-26
5.55875	3.561936934766656e-25
5.5634999999999994	1.4229389085094927e-24
5.56825	5.582738277227135e-24
5.5729999999999995	2.151142924566959e-23
5.57775	8.140521902262055e-23
5.5825	3.025493445690174e-22
5.58725	1.1043358435724449e-21
5.592	3.958832298744019e-21
5.59675	1.393779350604203e-20
5.6015	4.819277471915891e-20
5.60625	1.6365558166988102e-19
5.611	5.458090054761518e-19
5.61575	1.7877696346078122e-18
5.6205	5.751000437157997e-18
5.62525	1.8169217731799715e-17
5.63	5.637545274510458e-17
5.6347499999999995	1.7179275349064366e-16
5.6395	5.141390883466924e-16
5.6442499999999995	1.5111841514615341e-15
5.649	4.3622961112659204e-15
5.65375	1.2367271025821425e-14
5.6585	3.4434485571358983e-14
5.66325	9.416170306959018e-14
5.668	2.5288088049339175e-13
5.67275	6.66988997157441e-13
5.6775	1.7277556787647656e-12
5.68225	4.3954867276869625e-12
5.687	1.0982282262167914e-11
5.69175	2.6948786561166076e-11
5.6964999999999995	6.494516320194389e-11
5.70125	1.537146975331197e-10
5.7059999999999995	3.5730982794042346e-10
5.71075	8.1570948703372e-10
5.7155	1.8288877437976616e-09
5.72025	4.027166358525056e-09
5.725	8.709095957064459e-09
5.72975	1.8497267006623797e-08
5.7345	3.8583626085533344e-08
5.73925	7.904228732106458e-08
5.744	1.5902922522866513e-07
5.74875	3.1423559018583805e-07
5.7535	6.098103406158829e-07
5.75825	1.1622382976296646e-06
5.763	2.1754873595958743e-06
5.7677499999999995	3.999253476460559e-06
5.7725	7.220417038613237e-06
5.7772499999999996	1.2802848853197374e-05
5.782	2.2295229076459434e-05
5.78675	3.8131004317308614e-05
5.7915	6.404799427200691e-05
5.79625	0.00010565591326447377
5.801	0.00017117607631930799
5.80575	0.0002723662622282907
5.8105	0.00042562246154331
5.81525	0.0006532159067378761
5.82	0.0009845775961676133
5.82475	0.0014574851256948086
5.8294999999999995	0.002118943115252992
5.83425	0.0030254880999906926
5.8389999999999995	0.004242604857691157
5.84375	0.005842930294962242
5.8485	0.007902960482035556
5.85325	0.010498080530520988
5.858	0.01369591254359269
5.86275	0.017548218483283355
5.8675	0.022081881570539336
5.87225	0.027289784385700747
5.877	0.03312265316128203
5.88175	0.03948308821755674
5.8865	0.04622299649300146
5.891249999999999	0.053145446783905544
5.896	0.06001157341284527
5.9007499999999995	0.06655258811288395
5.9055	0.07248628951472057
5.91025	0.07753678228024641
5.915	0.08145554683508284
5.91975	0.0840416436584988
5.9245	0.0851587731776958
5.92925	0.0847471768189806
5.934	0.08282893309228614
5.93875	0.07950599549397537
5.9435	0.07495121489588166
5.94825	0.06939344661221789
5.953	0.06309852753375975
5.95775	0.05634832042027538
5.9624999999999995	0.04942011036856523
5.96725	0.04256841021026275
5.9719999999999995	0.0360107474376011
5.97675	0.029918362844204124
5.9815	0.02441206393884796
5.98625	0.01956285145393359
5.991	0.01539645724356852
5.99575	0.011900643018613892
6.0005	0.009034019844132272
6.00525	0.006735233196494847
6.01	0.004931570187695404
6.01475	0.003546327049126819
6.0195	0.002504570928493838
6.024249999999999	0.0017371961992829522
6.029	0.0011833831752186665
6.0337499999999995	0.0007917041015233762
6.0385	0.0005201892630802633
6.04325	0.00033567643765167144
6.048	0.00021273616007635865
6.05275	0.0001324106016016733
6.0575	8.094037016938987e-05
6.06225	4.859242783083116e-05
6.067	2.8650552080982586e-05
6.07175	1.6590458033247427e-05
6.0765	9.435061648462082e-06
6.08125	5.2697752406852495e-06
6.086	2.890682729533764e-06
6.09075	1.5572909058590878e-06
6.0954999999999995	8.239484702088071e-07
6.10025	4.281454574927655e-07
6.1049999999999995	2.1849606206766993e-07
6.10975	1.0951077998905681e-07
6.1145	5.390525625465934e-08
6.11925	2.605951581237881e-08
6.124	1.2372645055492555e-08
6.12875	5.769255206156265e-09
6.1335	2.6420311380015498e-09
6.13825	1.188275375691398e-09
6.143	5.248766437942371e-10
6.14775	2.276975631020576e-10
6.1525	9.701089296258768e-11
6.1572499999999994	4.0592295020679676e-11
6.162	1.6681215580128486e-11
6.1667499999999995	6.7324442893195025e-12
6.1715	2.668571393976992e-12
6.17625	1.0388333148245979e-12
6.181	3.971676762231852e-13
6.18575	1.4912927537748709e-13
6.1905	5.499369541059715e-14
6.19525	1.991699823453331e-14
6.2	7.084282160228679e-15
6.20475	2.4747355696415417e-15
6.2095	8.490294119364264e-16
6.21425	2.860735165740242e-16
6.218999999999999	9.46658979057434e-17
6.22375	3.07659583001756e-17
6.2284999999999995	9.819928376910467e-18
6.23325	3.078273318001935e-18
6.2379999999999995	9.476915761710683e-19
6.24275	2.865417092915342e-19
6.2475	8.508826314931131e-20
6.25225	2.4814895744679803e-20
6.257	7.107489645696494e-21
6.26175	1.999313972021846e-21
6.2665	5.52340324786355e-22
6.27125	1.4986267678936938e-22
6.276	3.9933852058612475e-23
6.28075	1.0450808948066078e-23
6.2855	2.6860840426652865e-24
6.2902499999999995	6.7803212361920725e-25
6.295	1.6809002311319282e-25
6.2997499999999995	4.0925572416637e-26
6.3045	9.786154889716488e-27
6.30925	2.2985881267264405e-27
6.314	5.319788456396199e-28
6.31875	1.2885909803294755e-28
6.3235	6.612983163935363e-29
6.32825	1.7936838632470823e-28
6.333	7.515056686085504e-28
6.33775	3.1858963316969405e-27
6.3425	1.3284526695209727e-26
6.34725	5.440690328451721e-26
6.351999999999999	2.1883890171301624e-25
6.35675	8.644823088454701e-25
6.3614999999999995	3.353888977804455e-24
6.36625	1.2779157984855536e-23
6.3709999999999996	4.7820793788381146e-23
6.37575	1.7574877515116366e-22
6.3805	6.343498152848253e-22
6.38525	2.2486730403979205e-21
6.39	7.828612430960129e-21
6.39475	2.6767280972245346e-20
6.3995	8.988447929033124e-20
6.40425	2.964327211039788e-19
6.409	9.601267263999542e-19
6.41375	3.0541612451887877e-18
6.4185	9.541493298333597e-18
6.4232499999999995	2.927532477719916e-17
6.428	8.821614564278734e-17
6.4327499999999995	2.610690687223559e-16
6.4375	7.587937515910957e-16
6.44225	2.165973089508694e-15
6.447	6.0721620295887906e-15
6.45175	1.671839690967739e-14
6.4565	4.520712578178423e-14
6.46125	1.200549703871624e-13
6.466	3.1312257410886905e-13
6.47075	8.020650581402811e-13
6.4755	2.017742768896853e-12
6.48025	4.985204598848792e-12
6.484999999999999	1.2096539808537045e-11
6.48975	2.882705758218617e-11
6.4944999999999995	6.746840710814761e-11
6.49925	1.5508206764383844e-10
6.504	3.5009321425581526e-10
6.50875	7.761877567333255e-10
6.5135	1.6900940300805137e-09
6.51825	3.6142312105819415e-09
6.523	7.590702677389299e-09
6.52775	1.5657016677213357e-08
6.5325	3.171736004547905e-08
6.53725	6.310242289367287e-08
6.542	1.2329799717086456e-07
6.54675	2.366066757519142e-07
6.5515	4.459220524714567e-07
6.5562499999999995	8.253761043507274e-07
6.561	1.500395721348249e-06
6.5657499999999995	2.6786793348918597e-06
6.5705	4.6967411112159155e-06
6.57525	8.087857700874719e-06
6.58	1.3678276095486021e-05
6.58475	2.2719052464414595e-05
6.5895	3.706039534346083e-05
6.59425	5.9373255989394215e-05
6.599	9.341845252362582e-05
6.60375	0.00014435620515676205
6.6085	0.00021907823318823296
6.61325	0.00032653067668606076
6.617999999999999	0.0004779800089502036
6.62275	0.0006871577753452269
6.6274999999999995	0.0009702065136295361
6.63225	0.0013453426150015612
6.637	0.0018321566761137684
6.64175	0.0024504922065748287
6.6465	0.00321888204445933
6.65125	0.004152578432327615
6.656	0.0052612835973204096
6.66075	0.006546764763617957
6.6655	0.008000608772666576
6.67025	0.009602422338516426
6.675	0.011318799784094096
6.679749999999999	0.013103349331673677
6.6845	0.014897986445515633
6.6892499999999995	0.01663557205063331
6.694	0.01824380836794846
6.6987499999999995	0.019650128277109328
6.7035	0.02078715395160655
6.70825	0.021598186116821325
6.713	0.02204214057300743
6.71775	0.02209738685532749
6.7225	0.021764063983903882
6.72725	0.021064633881457608
6.732	0.020042655019687942
6.73675	0.018759980347217157
6.7415	0.017292767065921977
6.74625	0.015726800581274455
6.7509999999999994	0.01415266295166486
6.75575	0.012661215673461037
6.7604999999999995	0.011339732465696023
6.76525	0.010268838239233134
6.77	0.009520222130354158
6.77475	0.009154933073003416
6.7795	0.009221967900183235
6.78425	0.009756844876485279
6.789	0.0107799249536046
6.79375	0.012294387311266171
6.7985	0.01428395805977516
6.80325	0.016710693282354465
6.808	0.01951328675890692
6.812749999999999	0.022606468044912256
6.8175	0.02588204761985295
6.8222499999999995	0.029212039128828138
6.827	0.03245405228137282
6.8317499999999995	0.03545883387951776
6.8365	0.03807948750312682
6.84125	0.040181584307441
6.846	0.041653148088152195
6.85075	0.042413405492615984
6.8555	0.04241926320877131
6.86025	0.04166870580970374
6.865	0.04020066891931878
6.86975	0.03809137658274597
6.8745	0.0354475695472314
6.87925	0.03239742263978567
6.8839999999999995	0.02908019767918023
6.88875	0.025635769941838017
6.8934999999999995	0.022195096317597193
6.89825	0.01887248489383072
6.903	0.01576022307710739
6.90775	0.012925779992791738
6.9125	0.010411474191152825
6.91725	0.008236234975515604
6.922	0.006398913563301068
6.92675	0.004882528210172608
6.9315	0.003658847205971784
6.93625	0.0026928042051843045
6.941	0.001946373882104139
6.945749999999999	0.0013816840573107536
6.9505	0.0009632792617751194
6.9552499999999995	0.0006595635699585715
6.96	0.00044352907476570455
6.9647499999999996	0.00029291965495150676
6.9695	0.00018999226402900807
6.97425	0.00012102756812341494
6.979	7.571704916178865e-05
6.98375	4.652260646885614e-05
6.9885	2.807342375611043e-05
6.99325	1.6637486211659747e-05
6.998	9.683693175754325e-06
7.00275	5.5354803967005795e-06
7.007499999999999	3.1076392518168077e-06
7.01225	1.713431962698916e-06
7.0169999999999995	9.278208215328004e-07
7.02175	4.934263629685552e-07
7.0264999999999995	2.577161109381022e-07
7.03125	1.321970528292395e-07
7.036	6.65982721752511e-08
7.04075	3.2950737196832504e-08
7.0455	1.601136261923285e-08
7.05025	7.641039345362662e-09
7.055	3.581274110538354e-09
7.05975	1.648479971448437e-09
7.0645	7.452307581309198e-10
7.06925	3.308711130123619e-10
7.074	1.4427394856800263e-10
7.078749999999999	6.17842768924104e-11
7.0835	2.5985375860579385e-11
7.0882499999999995	1.0733491640376808e-11
7.093	4.354256676146173e-12
7.09775	1.7347944137757567e-12
7.1025	6.788018045914399e-13
7.10725	2.6085486813002245e-13
7.112	9.845003807788855e-14
7.11675	3.649167644058407e-14
7.1215	1.3284118073292079e-14
7.12625	4.749333022440873e-15
7.131	1.6676062115454367e-15
7.13575	5.750629257181019e-16
7.140499999999999	1.94759306563462e-16
7.14525	6.478016564901719e-17
7.1499999999999995	2.1161520693730904e-17
7.15475	6.78910737242531e-18
7.1594999999999995	2.1391412658094947e-18
7.16425	6.619531280121209e-19
7.169	2.011759201345387e-19
7.17375	6.00462290563055e-20
7.1785	1.7601775010415912e-20
7.18325	5.067434885471653e-21
7.188	1.4327844944067737e-21
7.19275	3.978639166312982e-22
7.1975	1.0850486696616103e-22
7.20225	2.906195785742234e-23
7.207	7.644718588329087e-24
7.211749999999999	1.9749637204768453e-24
7.2165	5.010922960585659e-25
7.2212499999999995	1.2486402032624144e-25
7.226	3.0557504678911406e-26
7.23075	7.34445280438236e-27
7.2355	1.733652245505994e-27
7.24025	4.0190694702799065e-28
7.245	9.150609542868688e-29
7.24975	2.0461408233460146e-29
7.2545	4.4934715951185285e-30
7.25925	9.691465760762517e-31
7.264	2.052853301406704e-31
7.26875	4.2705847974006027e-32
7.273499999999999	8.725247773132387e-33
7.27825	1.7507703056635543e-33
7.2829999999999995	3.4501784651903303e-34
7.28775	6.67751593078413e-35
7.2924999999999995	1.2692561900137126e-35
7.29725	2.3694340868966577e-36
7.302	4.3441114471688286e-37
7.30675	7.822008247432705e-38
7.3115	1.383236897815827e-38
7.31625	2.4023475946878057e-39
7.321	4.097661793286499e-40
7.32575	6.864317450307239e-41
7.3305	1.1293266946600938e-41
7.33525	1.8247476485347525e-42
7.34	2.8956563264988193e-43
7.3447499999999994	4.512863564331939e-44
7.3495	6.907459963313319e-45
7.3542499999999995	1.0383542228469207e-45
7.359	1.5329700681372507e-46
7.36375	2.2227099900811397e-47
7.3685	3.165139912127389e-48
7.37325	4.4265360742971486e-49
7.378	6.079895124993231e-50
7.38275	8.20142188333493e-51
7.3875	1.0865337025904186e-51
7.39225	1.4137031832996693e-52
7.397	1.8064845617659029e-53
7.40175	2.2671030309202584e-54
7.406499999999999	2.7942756438930325e-55
7.41125	3.382425327239386e-56
7.4159999999999995	4.0211305627594013e-57
7.42075	4.694929941464141e-58
7.4254999999999995	5.383578402223644e-59
7.43025	6.062809924906866e-60
7.435	6.705603160997932e-61
7.43975	7.2838790918026596e-62
7.4445	7.770493342237428e-63
7.44925	8.141331556916948e-64
7.454	8.377284708825386e-65
7.45875	8.46587971979155e-66
7.4635	8.402371837076942e-67
7.468249999999999	8.190165625413885e-68
7.473	7.840512589490176e-69
7.4777499999999995	7.371522801736663e-70
7.4825	6.806611365836878e-71
7.4872499999999995	6.172565121963469e-72
7.492	5.4974513037285814e-73
7.49675	4.8085937346272e-74
7.5015	4.1308151959467214e-75
7.50625	3.485093469941556e-76
7.511	2.887713341121909e-77
7.51575	2.349928848547998e-78
7.5205	1.8780897004773674e-79
7.52525	1.4741406892609384e-80
7.53	1.1363772250312972e-81
7.53475	8.603340133340545e-83
7.539499999999999	6.396945484873722e-84
7.54425	4.671315396204823e-85
7.5489999999999995	3.350169007071751e-86
7.55375	2.359691493573361e-87
7.5584999999999996	1.6323178203192022e-88
7.56325	1.1089582636260444e-89
7.568	7.399232357873438e-91
7.57275	4.8486307834480346e-92
7.5775	3.1204163717295244e-93
7.58225	1.9722727113695968e-94
7.587	1.2242845485563252e-95
7.59175	7.463778724234582e-97
7.5965	4.468853599806685e-98
7.601249999999999	2.6278131630345124e-99
7.606	1.5175877935588212e-100
7.6107499999999995	8.60744289898852e-102
7.6155	4.794633997232814e-103
7.6202499999999995	2.622996767009437e-104
7.625	1.4092921560100219e-105
7.62975	7.436443774776997e-107
7.6345	3.8538122003624704e-108
7.63925	1.9614479162604298e-109
7.644	9.804467207237305e-111
7.64875	4.813181077903325e-112
7.6535	2.3206058765651945e-113
7.65825	1.0988326601515965e-114
7.663	5.110021360058983e-116
7.66775	2.3338602988474815e-117
7.672499999999999	1.046858495323782e-118
7.67725	4.6117110849005885e-120
7.6819999999999995	1.9952493883647563e-121
7.68675	8.47799713685774e-123
7.6915	3.53793890801615e-124
7.69625	1.4500012539193385e-125
7.701	5.836431743009583e-127
7.70575	2.3072116100388695e-128
7.7105	8.957533285931085e-130
7.71525	3.4154695474644377e-131
7.72	1.279008376922202e-132
7.72475	4.703892032933169e-134
7.7295	1.6990348442222153e-135
7.734249999999999	6.027097412971235e-137
7.739	2.0997864101974484e-138
7.7437499999999995	7.184606966707828e-140
7.7485	2.414303667548811e-141
7.7532499999999995	7.9678611573354645e-143
7.758	2.5825729981815474e-144
7.76275	8.220996036734177e-146
7.7675	2.5701428141544037e-147
7.77225	7.891345503340587e-149
7.777	2.3796103268286789e-150
7.78175	7.047281446582693e-152
7.7865	2.0497380921003713e-153
7.79125	5.855124209146809e-155
7.795999999999999	1.6426114188956527e-156
7.80075	4.5257915498970864e-158
7.805499999999999	1.2246591777026407e-159
7.81025	3.2545947560153113e-161
7.8149999999999995	8.494534485518215e-163
7.81975	2.177425134977203e-164
7.8245	5.481606604305287e-166
7.82925	1.355293894270992e-167
7.834	3.2909409039818677e-169
7.83875	7.848156778449651e-171
7.8435	1.8381300761700583e-172
7.84825	4.22810532038715e-174
7.853	9.551604624639047e-176
7.85775	2.1191800752027647e-177
7.8625	4.617643189932533e-179
7.867249999999999	9.881750072039978e-181
7.872	2.0768653669321796e-182
7.8767499999999995	4.2869044877217756e-184
7.8815	8.690409782819764e-186
7.8862499999999995	1.7302054987075746e-187
7.891	3.3831098918568014e-189
7.89575	6.49674030004508e-191
7.9005	1.2252815469149282e-192
7.90525	2.2695369815297075e-194
7.91	4.1285696851512733e-196
7.91475	7.37603484073223e-198
7.9195	1.2942175483351362e-199
7.92425	2.23024509778221e-201
7.928999999999999	3.7744952861914203e-203
7.93375	6.273734935118957e-205
7.9384999999999994	1.0241284454106175e-206
7.94325	1.6418885590741091e-208
7.9479999999999995	2.5851985814801948e-210
7.95275	3.997653290915017e-212
7.9575	6.071238968529678e-214
7.96225	9.055459936201142e-216
7.967	1.3264921498773236e-217
7.97175	1.9083579545648933e-219
7.9765	2.696348225938489e-221
7.98125	3.7415633594050664e-223
7.986	5.0990728067749466e-225
7.99075	6.824805937471514e-227
7.9955	8.971196825970175e-229
8.00025	1.1581676979861584e-230
8.004999999999999	1.4684308351488244e-232
8.00975	1.828506580687475e-234
8.0145	2.2361480018259782e-236
8.01925	2.6857497608802647e-238
8.024000000000001	3.168046384821913e-240
8.028749999999999	3.6701051082584063e-242
8.0335	4.175672768579668e-244
8.03825	4.665899681541029e-246
8.043	5.120416889527517e-248
8.04775	5.518692936912557e-250
8.0525	5.841550343857185e-252
8.05725	6.072688466254259e-254
8.062	6.200045330683301e-256
8.066749999999999	6.216840312973094e-258
8.0715	6.122172244139378e-260
8.07625	5.921099520050711e-262
8.081	5.624192303981667e-264
8.08575	5.246611991662306e-266
8.090499999999999	4.80682950085975e-268
8.09525	4.325133060485536e-270
8.1	3.822092667467578e-272
8.10475	3.317141033057492e-274
8.1095	2.827402549902634e-276
8.11425	2.3668587387231453e-278
8.119	1.9458887922313096e-280
8.123750000000001	1.5711754307881466e-282
8.128499999999999	1.2459262226534438e-284
8.13325	9.703333499744705e-287
8.138	7.421822687490625e-289
8.14275	5.5752092942798914e-291
8.1475	4.11313307808161e-293
8.152249999999999	2.980199457109687e-295
8.157	2.120698289268437e-297
8.16175	1.482086070085952e-299
8.1665	1.0172529299461671e-301
8.17125	6.8571785506205876e-304
8.176	4.539656067500368e-306
8.18075	2.951626691182095e-308
8.185500000000001	1.88478098364467e-310
8.190249999999999	1.18201051052e-312
8.195	7.28019094e-315
8.19975	4.4037756e-317
8.2045	2.6162e-319
8.20925	1.527e-321
8.213999999999999	1e-323
8.21875	0.0
8.2235	0.0
8.22825	0.0
8.233	0.0
8.23775	0.0
8.2425	0.0
8.247250000000001	0.0
8.251999999999999	0.0
8.25675	0.0
8.2615	0.0
8.26625	0.0
8.271	0.0
8.275749999999999	0.0
8.2805	0.0
8.28525	0.0
8.29	0.0
8.29475	0.0
8.2995	0.0
8.30425	0.0
8.309000000000001	0.0
8.313749999999999	0.0
8.3185	0.0
8.32325	0.0
8.328	0.0
8.33275	0.0
8.337499999999999	0.0
8.34225	0.0
8.347	0.0
8.35175	0.0
8.3565	0.0
8.36125	0.0
8.366	0.0
8.370750000000001	0.0
8.375499999999999	0.0
8.38025	0.0
8.385	0.0
8.38975	0.0
8.3945	0.0
8.399249999999999	0.0
8.404	0.0
8.40875	0.0
8.413499999999999	0.0
8.41825	0.0
8.423	0.0
8.42775	0.0
8.432500000000001	0.0
8.437249999999999	0.0
8.442	0.0
8.44675	0.0
8.4515	0.0
8.45625	0.0
8.460999999999999	0.0
8.46575	0.0
8.4705	0.0
8.475249999999999	0.0
8.48	0.0
8.48475	0.0
8.4895	0.0
8.494250000000001	0.0
8.498999999999999	0.0
8.50375	0.0
8.5085	0.0
8.51325	0.0
8.518	0.0
8.52275	0.0
8.5275	0.0
8.53225	0.0
8.536999999999999	0.0
8.54175	0.0
8.5465	0.0
8.55125	0.0
8.556	0.0
8.56075	0.0
8.5655	0.0
8.57025	2.5e-323
8.575	3.88e-321
8.57975	6.6659e-319
8.5845	1.1256856e-316
8.58925	1.8669704943e-314
8.594	3.04101662166e-312
8.598749999999999	4.86475662427764e-310
8.6035	7.643009984034386e-308
8.60825	1.1793120070585289e-305
8.613	1.7871211652262296e-303
8.61775	2.6597465906916793e-301
8.6225	3.88765312427846e-299
8.62725	5.580790760047269e-297
8.632	7.868010960978702e-295
8.63675	1.089419531683964e-292
8.6415	1.4814477641697814e-290
8.64625	1.9785111999904516e-288
8.651	2.5950854808905048e-286
8.65575	3.342918643273841e-284
8.660499999999999	4.2292263684461715e-282
8.66525	5.254810268474066e-280
8.67	6.412304436090465e-278
8.67475	7.684793658652079e-276
8.679499999999999	9.045056277366185e-274
8.68425	1.0455656823509076e-271
8.689	1.1870044633208712e-269
8.69375	1.323470813330105e-267
8.6985	1.4492301781273894e-265
8.70325	1.5585522068851951e-263
8.708	1.6461383185043297e-261
8.71275	1.7075454771124414e-259
8.7175	1.739559220982057e-257
8.722249999999999	1.7404724056402176e-255
8.727	1.7102360259911662e-253
8.73175	1.6504635731831074e-251
8.7365	1.564288387184654e-249
8.741249999999999	1.4560915563699655e-247
8.746	1.3311332457852929e-245
8.75075	1.1951305878450528e-243
8.7555	1.0538290780763821e-241
8.76025	9.126115868596989e-240
8.765	7.761805642170893e-238
8.76975	6.483365915990319e-236
8.7745	5.318623987850126e-234
8.77925	4.2850809142459505e-232
8.783999999999999	3.39062492825482e-230
8.78875	2.634883749106742e-228
8.7935	2.010963332273187e-226
8.79825	1.5073282172559784e-224
8.802999999999999	1.109615440247155e-222
8.80775	8.022285947104306e-221
8.8125	5.696193963367707e-219
8.81725	3.972211689075156e-217
8.822	2.7204514862093296e-215
8.82675	1.8298292712890252e-213
8.8315	1.2087629510397015e-211
8.83625	7.842105752205616e-210
8.841	4.99672252824289e-208
8.84575	3.1267903063138165e-206
8.8505	1.921645463352035e-204
8.85525	1.1598685099345155e-202
8.86	6.875515016199077e-201
8.864749999999999	4.0027889922010374e-199
8.8695	2.2886592830998032e-197
8.87425	1.2851699857520702e-195
8.879	7.087629221768589e-194
8.88375	3.8388610277550074e-192
8.8885	2.0420424934779636e-190
8.89325	1.0668126202614188e-188
8.898	5.473592966628128e-187
8.90275	2.7581497218680418e-185
8.9075	1.3649733140541154e-183
8.91225	6.634244432794157e-182
8.917	3.1667936189180824e-180
8.92175	1.4845985712658597e-178
8.926499999999999	6.835327063674327e-177
8.93125	3.090797457114505e-175
8.936	1.3725961524276643e-173
8.94075	5.986541433860292e-172
8.9455	2.5643080326422898e-170
8.95025	1.0787613484837997e-168
8.955	4.456988841614524e-167
8.95975	1.808500781269861e-165
8.9645	7.207038452849473e-164
8.96925	2.8206939195086683e-162
8.974	1.0842166443268448e-160
8.97875	4.0929568147158887e-159
8.9835	1.517466943905824e-157
8.988249999999999	5.525381901518585e-156
8.993	1.9759063045480126e-154
8.99775	6.939551093413247e-153
9.0025	2.3936320593605595e-151
9.007249999999999	8.10857229019737e-150
9.012	2.6976920832983097e-148
9.01675	8.814574375059826e-147
9.0215	2.828598458197225e-145
9.02625	8.914607750576423e-144
9.031	2.759269761475844e-142
9.03575	8.387780736455413e-141
9.0405	2.5041535833576194e-139
9.04525	7.342362766129509e-138
9.049999999999999	2.114324777906506e-136
9.05475	5.979550599706606e-135
9.0595	1.6608345692641274e-133
9.06425	4.5304901548952823e-132
9.068999999999999	1.213738116223927e-130
9.07375	3.193491577487485e-129
9.0785	8.252158179320393e-128
9.08325	2.094258552074207e-126
9.088	5.219802075718548e-125
9.09275	1.2777290195086064e-123
9.0975	3.0717400902420257e-122
9.10225	7.2525571184305e-121
9.107	1.681739924260463e-119
9.111749999999999	3.8299005380897415e-118
9.1165	8.5659816816447e-117
9.12125	1.88160202457355e-115
9.126	4.0591900624797104e-114
9.130749999999999	8.600268027120262e-113
9.1355	1.789557142343934e-111
9.14025	3.657127816465441e-110
9.145	7.339993791212537e-109
9.14975	1.4468124275706796e-107
9.1545	2.8008493704235193e-106
9.15925	5.3251060386907005e-105
9.164	9.943236107035625e-104
9.16875	1.823426358559098e-102
9.1735	3.284049461354348e-101
9.17825	5.808876390360274e-100
9.183	1.009103157801303e-98
9.18775	1.7216306272408168e-97
9.192499999999999	2.884731383979962e-96
9.19725	4.7471369778808355e-95
9.202	7.672186157589544e-94
9.20675	1.2177762088667747e-92
9.2115	1.8983523445119888e-91
9.21625	2.9063448601019904e-90
9.221	4.369969968388913e-89
9.22575	6.453134900817946e-88
9.2305	9.358883047840013e-87
9.23525	1.3330249589113906e-85
9.24	1.8647195601409936e-84
9.24475	2.5618267516909707e-83
9.2495	3.456582851569024e-82
9.254249999999999	4.5804186072333245e-81
9.259	5.961071816638849e-80
9.26375	7.619114891045464e-79
9.2685	9.564134512205566e-78
9.273249999999999	1.1790923268407817e-76
9.278	1.4276144506848164e-75
9.28275	1.6975987320178677e-74
9.2875	1.982531669560136e-73
9.29225	2.2738730248271543e-72
9.297	2.5613756129224207e-71
9.30175	2.8336180838900615e-70
9.3065	3.0787210799839076e-69
9.31125	3.2851889982203043e-68
9.315999999999999	3.442796547558215e-67
9.32075	3.5434257953887244e-66
9.3255	3.5817585862284783e-65
9.33025	3.555742179286016e-64
9.334999999999999	3.466771366908577e-63
9.33975	3.3195645876272036e-62
9.3445	3.121749347601999e-61
9.34925	2.8832076451097883e-60
9.354	2.615259550382634e-59
9.35875	2.3297786289892812e-58
9.3635	2.038334720585267e-57
9.36825	1.7514483392231087e-56
9.373	1.4780194395787173e-55
9.377749999999999	1.2249657471181885e-54
9.3825	9.970770691807721e-54
9.38725	7.970663898952376e-53
9.392	6.2577938075227806e-52
9.396749999999999	4.8251296412726794e-51
9.4015	3.6539088416502897e-50
9.40625	2.717486622015838e-49
9.411	1.984897596424965e-48
9.41575	1.4238681695078768e-47
9.4205	1.0031420640855334e-46
9.42525	6.940904782351508e-46
9.43	4.7166181310128686e-45
9.43475	3.1477941954432846e-44
9.439499999999999	2.063207599914705e-43
9.44425	1.3281297719763054e-42
9.449	8.396515229489537e-42
9.45375	5.213371008656311e-41
9.458499999999999	3.1790632570848295e-40
9.46325	1.903884908183551e-39
9.468	1.1198070505435838e-38
9.47275	6.468546261515162e-38
9.4775	3.6697050873635694e-37
9.48225	2.044638923086788e-36
9.487	1.1188273357926715e-35
9.49175	6.012713325788751e-35
9.4965	3.1735029907857793e-34
9.50125	1.645009121514191e-33
9.506	8.374496271328867e-33
9.51075	4.1870684545094867e-32
9.5155	2.055996701384947e-31
9.520249999999999	9.91506921918643e-31
9.525	4.696021449908787e-30
9.52975	2.184365849189396e-29
9.5345	9.978876982806289e-29
9.53925	4.47712215645861e-28
9.544	1.9727734025012744e-27
9.54875	8.537219516434235e-27
9.5535	3.6284126939002007e-26
9.55825	1.514530038523536e-25
9.563	6.208691624387379e-25
9.56775	2.4996734222691523e-24
9.5725	9.883879456680461e-24
9.57725	3.83824411096869e-23
9.581999999999999	1.463857253375635e-22
9.58675	5.483096007287084e-22
9.5915	2.017037424359306e-21
9.59625	7.287239560990343e-21
9.600999999999999	2.585670150678374e-20
9.60575	9.010402293339751e-20
9.6105	3.0837291490393785e-19
9.61525	1.0364998770615034e-18
9.62	3.4215529750632153e-18
9.62475	1.1092725512969827e-17
9.6295	3.531947580383428e-17
9.63425	1.1044631151959655e-16
9.639	3.3919478666042645e-16
9.643749999999999	1.0230764908638324e-15
9.6485	3.030595864999294e-15
9.65325	8.816758234099005e-15
9.658	2.5191314069056424e-14
9.662749999999999	7.068930265502636e-14
9.6675	1.948128307480626e-13
9.67225	5.27281338532537e-13
9.677	1.4016133644882058e-12
9.68175	3.659106442893904e-12
9.6865	9.381728079937959e-12
9.69125	2.362390153250751e-11
9.696	5.842266864919945e-11
9.70075	1.4189665008621883e-10
9.705499999999999	3.384728818094036e-10
9.71025	7.929331962795872e-10
9.715	1.8243590088975955e-09
9.71975	4.122351270659849e-09
9.724499999999999	9.148305742040594e-09
9.72925	1.993872254104453e-08
9.734	4.267907261228471e-08
9.73875	8.972089609967184e-08
9.7435	1.8523933605018073e-07
9.74825	3.7560711768899723e-07
9.753	7.479893181603323e-07
9.75775	1.462911193208733e-06
9.7625	2.8099689075509502e-06
9.76725	5.300856537535131e-06
9.772	9.82090638844628e-06
9.77675	1.786973354571704e-05
9.7815	3.193342983752229e-05
9.786249999999999	5.6044634525182886e-05
9.791	9.660141782189962e-05
9.79575	0.0001635286849970681
9.8005	0.00027187255762546077
9.80525	0.000443912920570483
9.81	0.0007118544158302119
9.81475	0.0011211031314570037
9.8195	0.0017340472712453028
9.82425	0.0026341304811947717
9.829	0.003929837747376237
9.83375	0.005758016969910336
9.8385	0.0082857580168588
9.84325	0.011709882452849676
9.847999999999999	0.016253010276008683
9.85275	0.022155220104870785
9.8575	0.02966055769226213
9.86225	0.03899810828240795
9.866999999999999	0.05035803248319496
9.87175	0.06386382865506479
9.8765	0.0795430304994703
9.88125	0.0972994308143726
9.886	0.11689056314865207
9.89075	0.1379143912467389
9.8955	0.15980880618811505
9.90025	0.18186654327250787
9.905	0.20326654338301495
9.909749999999999	0.2231207577290174
9.9145	0.24053320327547553
9.91925	0.25466606536768926
9.924	0.2648061739663619
9.928749999999999	0.2704245521380741
9.9335	0.2712221262956257
9.93825	0.2671561020349026
9.943	0.25844376825951454
9.94775	0.24554325898122847
9.9525	0.22911364329207645
9.95725	0.2099591817864683
9.962	0.1889643058692315
9.96675	0.16702660972870176
9.971499999999999	0.1449948376674855
9.97625	0.12361762596009392
9.981	0.1035068858379253
9.98575	0.08511754146970267
9.990499999999999	0.06874322230123987
9.99525	0.05452575510881087
