   1    1   0.00000    1.67540    10.00 100.00     -0.00000  -0.00000   0.00000 
   2    2   0.05460    4.36240    10.00 100.00      0.00000  -0.00000   0.71500 
   3    3   0.00110    4.78030    10.00 100.00      0.09890  -0.00000   0.00000 
   4    4   0.00710    5.14600    10.00 100.00     -0.00000  -0.23810  -0.00000 
   5    5   0.00790    6.14070    10.00 100.00     -0.22960   0.00000   0.00000 
   6    6   0.00140    6.96900    10.00 100.00     -0.00000  -0.09170  -0.00000 
   7    7   0.00000    7.23410    10.00 100.00      0.00000   0.00000  -0.00000 
   8    8   0.08030    7.77020    10.00 100.00     -0.64940  -0.00000  -0.00000 
   9    9   0.01660    8.03520    10.00 100.00      0.00000  -0.00000  -0.29020 
  10   10   0.00000    8.59400    10.00 100.00     -0.00000  -0.00000   0.00000 
  11   11   0.02810    8.72600    10.00 100.00      0.00000  -0.36230   0.00000 
  12   12   0.00000    8.80820    10.00 100.00     -0.00000  -0.00000   0.00000 
  13   13   0.02790    9.41240    10.00 100.00      0.00000  -0.00000   0.34770 
  14   14   0.02230    9.57290    10.00 100.00     -0.30820  -0.00000   0.00000 
  15   15   0.21860    9.77610    10.00 100.00      0.00000   0.00000  -0.95540 
  16   16   0.02280   10.14110    10.00 100.00      0.00000  -0.30310   0.00000 
  17   17   0.05200   10.31240    10.00 100.00      0.00000  -0.00000  -0.45390 
  18   18   0.04720   10.86350    10.00 100.00     -0.42120   0.00000   0.00000 
  19   19   0.02290   11.03700    10.00 100.00      0.00000   0.29100  -0.00000 
  20   20   0.27890   11.18720    10.00 100.00      0.00000  -0.00000  -1.00870 
  21   21   0.00360   11.19250    10.00 100.00     -0.00000  -0.11480   0.00000 
  22   22   0.00000   11.20030    10.00 100.00      0.00000  -0.00000  -0.00000 
  23   23   0.00130   11.57740    10.00 100.00     -0.00000  -0.06880   0.00000 
  24   24   0.00310   11.69540    10.00 100.00     -0.10470   0.00000  -0.00000 
  25   25   0.00000   12.14290    10.00 100.00     -0.00000   0.00000   0.00000 
  26   26   0.14140   12.25780    10.00 100.00      0.00000  -0.68620   0.00000 
  27   27   0.00390   12.54700    10.00 100.00      0.11270   0.00000   0.00000 
  28   28   0.36090   12.66640    10.00 100.00     -0.00000   0.00000   1.07840 
  29   29   0.02300   13.05970    10.00 100.00      0.00000  -0.00000  -0.26790 
  30   30   0.11210   13.20770    10.00 100.00      0.00000   0.00000   0.58860 
state state   Osc.      E(eV)      dum   dum        TrDx      TrDy       TrDz 
