   1    1   0.00000    1.35490    10.00 100.00     -0.00000   0.00000   0.00000 
   2    2   0.03500    3.56320    10.00 100.00     -0.00000   0.00000   0.63310 
   3    3   0.00310    3.98050    10.00 100.00     -0.00000  -0.17890   0.00000 
   4    4   0.00050    4.03520    10.00 100.00      0.06890  -0.00000   0.00000 
   5    5   0.00710    4.78770    10.00 100.00     -0.24560  -0.00000   0.00000 
   6    6   0.00190    6.89610    10.00 100.00      0.00000  -0.10600   0.00000 
   7    7   0.00000    6.95840    10.00 100.00      0.00000   0.00000   0.00000 
   8    8   0.06930    7.41650    10.00 100.00     -0.61780   0.00000   0.00000 
   9    9   0.01740    8.00980    10.00 100.00     -0.00000  -0.00000  -0.29740 
  10   10   0.00000    8.51460    10.00 100.00      0.00000  -0.00000   0.00000 
  11   11   0.03580    8.52540    10.00 100.00     -0.00000  -0.41390   0.00000 
  12   12   0.00000    8.57490    10.00 100.00     -0.00000  -0.00000  -0.00000 
  13   13   0.14350    9.07970    10.00 100.00      0.00000   0.00000   0.80330 
  14   14   0.03720    9.10840    10.00 100.00     -0.40820   0.00000   0.00000 
  15   15   0.25740    9.29730    10.00 100.00     -0.00000  -0.00000  -1.06290 
  16   16   0.06980    9.86400    10.00 100.00     -0.00000  -0.00000  -0.53750 
  17   17   0.01130   10.02470    10.00 100.00     -0.00000  -0.21480   0.00000 
  18   18   0.00910   10.16240    10.00 100.00      0.00000   0.19160  -0.00000 
  19   19   0.04980   10.50720    10.00 100.00     -0.43990   0.00000   0.00000 
  20   20   0.01420   10.77540    10.00 100.00      0.00000  -0.23190   0.00000 
  21   21   0.00000   10.77540    10.00 100.00     -0.00000   0.00000   0.00000 
  22   22   0.22280   10.90060    10.00 100.00      0.00000   0.00000  -0.91350 
  23   23   0.00170   11.32230    10.00 100.00     -0.07930  -0.00000  -0.00000 
  24   24   0.00290   11.49650    10.00 100.00      0.00000  -0.10210  -0.00000 
  25   25   0.00000   12.03990    10.00 100.00      0.00000   0.00000  -0.00000 
  26   26   0.37650   12.08560    10.00 100.00     -0.00000  -0.00000   1.12770 
  27   27   0.13860   12.20720    10.00 100.00      0.00000  -0.68080  -0.00000 
  28   28   0.00210   12.21230    10.00 100.00      0.08440   0.00000   0.00000 
  29   29   0.03320   12.76710    10.00 100.00     -0.00000  -0.00000   0.32580 
  30   30   0.10740   12.92550    10.00 100.00     -0.00000  -0.00000  -0.58240 
state state   Osc.      E(eV)      dum   dum        TrDx      TrDy       TrDz 
