0 0 -0.0 0.0 0.685525
0 1 0.0 1.1830729 0.0
0 2 -0.0 0.0 -0.0
0 3 -0.0 0.5387923 -0.0
0 4 0.0 0.0 0.0024784
0 5 0.0 0.0 -0.0
0 6 0.0 -0.8383795 -0.0
0 7 -0.0 0.0 -0.3768855
0 8 0.0 -1.1781474 0.0
0 9 0.0 -0.0 0.0
0 10 -0.0 0.7205718 0.0
0 11 -0.0 0.0 0.6457012
0 12 0.0 0.0 0.6885871
0 13 -0.0227533 -0.0 0.0
0 14 0.0 -0.2291272 -0.0
0 15 0.0 -0.3598625 0.0
0 16 -0.0 0.0 0.0679671
0 17 0.0 -0.0 -0.1764629
0 18 -0.4980369 0.0 0.0
0 19 -0.0 -0.0 0.0978526
0 20 -0.0 0.0079109 -0.0
0 21 -0.0 0.0 -0.5874909
0 22 -0.5604918 -0.0 0.0
0 23 0.0 -0.3646059 -0.0
0 24 0.0 0.0 0.2758657
0 25 0.1562997 -0.0 0.0
0 26 0.0 0.0 -0.4427544
0 27 0.0 0.0 -0.0630728
0 28 0.0 -0.1615456 0.0
0 29 0.2417307 -0.0 -0.0
0 30 -0.0 -0.308194 0.0
1 1 0.0 0.0 -1.212737
1 2 2.8975357 -0.0 -0.0
1 3 -0.0 -0.0 2.7742417
1 4 0.0 3.0042898 0.0
1 5 0.4449714 -0.0 -0.0
1 6 0.0 -0.0 0.493468
1 7 0.0 -0.5984769 -0.0
1 8 -0.0 0.0 -0.6021693
1 9 -1.1561301 -0.0 0.0
1 10 -0.0 0.0 -0.0016242
1 11 0.0 -0.412253 0.0
1 12 0.0 0.2483946 0.0
1 13 0.0 0.0 0.0
1 14 0.0 -0.0 0.2298056
1 15 -0.0 0.0 -0.5584812
1 16 0.0 0.1780126 0.0
1 17 -0.0 0.9719409 -0.0
1 18 -0.0 -0.0 0.0
1 19 0.0 -0.0491406 0.0
1 20 -0.0 0.0 0.0353856
1 21 -0.0 0.0354336 -0.0
1 22 -0.0 -0.0 -0.0
1 23 -0.0 0.0 -0.0138378
1 24 -0.0 0.0264355 -0.0
1 25 0.0 0.0 -0.0
1 26 0.0 -0.0188591 0.0
1 27 0.0 0.0361693 0.0
1 28 -0.0 0.0 0.0221433
1 29 0.0 0.0 0.0
1 30 -0.0 0.0 0.019158
2 2 -0.0 0.0 0.168672
2 3 0.5843553 -0.0 0.0
2 4 0.0 -0.0 0.0
2 5 -0.0 -0.0 -1.3687108
2 6 1.9578496 0.0 -0.0
2 7 -0.0 0.0 0.0
2 8 0.7396541 0.0 -0.0
2 9 -0.0 0.0 -0.2802586
2 10 0.5094137 -0.0 0.0
2 11 0.0 0.0 0.0
2 12 0.0 0.0 -0.0
2 13 0.0 -0.4165903 -0.0
2 14 -0.0189799 -0.0 -0.0
2 15 0.1804266 0.0 -0.0
2 16 0.0 0.0 -0.0
2 17 -0.0 -0.0 0.0
2 18 0.0 1.0927736 0.0
2 19 0.0 0.0 0.0
2 20 -0.167233 -0.0 -0.0
2 21 -0.0 -0.0 0.0
2 22 0.0 0.1158738 0.0
2 23 0.0055585 0.0 0.0
2 24 -0.0 -0.0 0.0
2 25 0.0 -0.0302044 -0.0
2 26 0.0 -0.0 -0.0
2 27 0.0 0.0 -0.0
2 28 -0.5674058 -0.0 -0.0
2 29 -0.0 -0.0470478 -0.0
2 30 -0.3786493 -0.0 -0.0
3 3 -0.0 -0.0 1.431457
3 4 0.0 -0.2442322 0.0
3 5 -1.3429635 -0.0 -0.0
3 6 -0.0 0.0 -1.1168676
3 7 0.0 -1.4570334 -0.0
3 8 -0.0 0.0 1.8421338
3 9 -0.6512383 -0.0 -0.0
3 10 -0.0 -0.0 -0.3877505
3 11 0.0 0.4109505 -0.0
3 12 0.0 1.2762367 -0.0
3 13 0.0 -0.0 -0.0
3 14 0.0 -0.0 0.1675934
3 15 -0.0 0.0 -0.3607076
3 16 0.0 -0.1617823 -0.0
3 17 -0.0 -0.2928963 -0.0
3 18 -0.0 0.0 -0.0
3 19 -0.0 -0.4970042 -0.0
3 20 0.0 -0.0 0.0271318
3 21 0.0 0.8371979 0.0
3 22 0.0 -0.0 -0.0
3 23 -0.0 0.0 0.0057925
3 24 0.0 0.0173159 -0.0
3 25 -0.0 -0.0 0.0
3 26 -0.0 -0.0001504 -0.0
3 27 -0.0 0.090422 0.0
3 28 -0.0 0.0 0.1787341
3 29 0.0 -0.0 0.0
3 30 -0.0 0.0 0.1046909
4 4 -0.0 -0.0 -1.138903
4 5 -0.0 0.0 -0.0
4 6 0.0 -0.0842932 -0.0
4 7 0.0 -0.0 -1.4159663
4 8 0.0 0.5585262 0.0
4 9 -0.0 -0.0 -0.0
4 10 0.0 1.4670777 -0.0
4 11 0.0 0.0 0.2372331
4 12 -0.0 0.0 0.7027988
4 13 0.0276004 -0.0 -0.0
4 14 0.0 -0.1962301 -0.0
4 15 0.0 -0.5593902 0.0
4 16 0.0 0.0 0.1436927
4 17 0.0 -0.0 -0.0905572
4 18 0.0305414 0.0 -0.0
4 19 0.0 0.0 -0.00509
4 20 0.0 1.2795135 0.0
4 21 0.0 -0.0 -0.032852
4 22 0.0417092 0.0 0.0
4 23 -0.0 -0.0516061 0.0
4 24 0.0 -0.0 -0.1003077
4 25 -0.0031868 0.0 -0.0
4 26 0.0 0.0 0.0231891
4 27 -0.0 0.0 0.1157446
4 28 -0.0 0.3676583 0.0
4 29 -0.006456 -0.0 -0.0
4 30 -0.0 0.2479365 0.0
5 5 -0.0 0.0 -1.585397
5 6 0.0699373 0.0 -0.0
5 7 0.0 -0.0 0.0
5 8 -0.5995776 -0.0 -0.0
5 9 0.0 -0.0 -0.0039572
5 10 -1.0387752 -0.0 -0.0
5 11 -0.0 0.0 -0.0
5 12 -0.0 0.0 -0.0
5 13 0.0 -0.0188461 -0.0
5 14 -0.0642921 -0.0 -0.0
5 15 0.0953413 0.0 -0.0
5 16 -0.0 0.0 -0.0
5 17 0.0 -0.0 0.0
5 18 -0.0 0.0595582 0.0
5 19 -0.0 0.0 -0.0
5 20 -0.0250595 -0.0 0.0
5 21 0.0 -0.0 0.0
5 22 0.0 -0.3453879 -0.0
5 23 -0.0225404 -0.0 -0.0
5 24 0.0 -0.0 0.0
5 25 0.0 -0.1106337 -0.0
5 26 -0.0 0.0 -0.0
5 27 -0.0 -0.0 -0.0
5 28 -0.1650549 -0.0 -0.0
5 29 0.0 1.1030099 0.0
5 30 -0.100819 -0.0 -0.0
6 6 0.0 0.0 -0.684325
6 7 0.0 0.128585 -0.0
6 8 -0.0 -0.0 1.2785336
6 9 -0.0982731 -0.0 0.0
6 10 -0.0 -0.0 -0.7010311
6 11 0.0 -0.3488534 -0.0
6 12 0.0 -0.9354016 -0.0
6 13 -0.0 0.0 -0.0
6 14 -0.0 0.0 -0.0130234
6 15 0.0 -0.0 0.0984532
6 16 0.0 -0.1576847 -0.0
6 17 0.0 0.208328 0.0
6 18 0.0 -0.0 -0.0
6 19 0.0 -0.3087417 -0.0
6 20 -0.0 -0.0 -0.0591505
6 21 -0.0 -0.0833409 0.0
6 22 0.0 -0.0 0.0
6 23 -0.0 0.0 0.047749
6 24 -0.0 0.3229838 0.0
6 25 0.0 0.0 0.0
6 26 -0.0 -0.5740978 -0.0
6 27 -0.0 0.7898328 -0.0
6 28 -0.0 -0.0 -0.0593105
6 29 -0.0 0.0 -0.0
6 30 -0.0 -0.0 -0.0705572
7 7 -0.0 0.0 -0.75606
7 8 0.0 -1.3696119 -0.0
7 9 0.0 0.0 -0.0
7 10 0.0 -1.8548142 -0.0
7 11 -0.0 -0.0 -0.1615368
7 12 0.0 -0.0 -0.5415942
7 13 -0.0206976 0.0 -0.0
7 14 0.0 -0.24102 0.0
7 15 -0.0 0.4111245 -0.0
7 16 -0.0 -0.0 -0.1373642
7 17 -0.0 0.0 0.1168605
7 18 -0.0335501 -0.0 0.0
7 19 -0.0 -0.0 -0.0222436
7 20 -0.0 -0.1230478 -0.0
7 21 -0.0 0.0 0.0252886
7 22 -0.019086 -0.0 -0.0
7 23 0.0 -0.4472529 -0.0
7 24 0.0 0.0 0.0278431
7 25 0.0197327 0.0 0.0
7 26 0.0 -0.0 -0.0512841
7 27 0.0 -0.0 -0.0215661
7 28 -0.0 -0.8129403 -0.0
7 29 -0.0161782 -0.0 0.0
7 30 -0.0 0.7638724 0.0
8 8 -0.0 -0.0 -0.034004
8 9 -1.5837003 -0.0 0.0
8 10 -0.0 -0.0 -0.646513
8 11 0.0 -0.6514673 -0.0
8 12 0.0 -1.5252909 -0.0
8 13 -0.0 -0.0 -0.0
8 14 -0.0 0.0 0.4545407
8 15 0.0 -0.0 -1.1407813
8 16 0.0 -0.217926 -0.0
8 17 -0.0 0.332847 0.0
8 18 0.0 0.0 -0.0
8 19 0.0 -0.2449447 -0.0
8 20 0.0 0.0 -0.0430055
8 21 -0.0 0.0792881 0.0
8 22 0.0 0.0 0.0
8 23 -0.0 -0.0 0.0276036
8 24 -0.0 -0.2127288 -0.0
8 25 -0.0 0.0 0.0
8 26 -0.0 -0.3863893 -0.0
8 27 0.0 0.1383364 -0.0
8 28 0.0 -0.0 -0.0799549
8 29 -0.0 0.0 -0.0
8 30 0.0 -0.0 -0.1235983
9 9 0.0 0.0 0.293997
9 10 -1.4217164 -0.0 0.0
9 11 -0.0 0.0 0.0
9 12 -0.0 0.0 -0.0
9 13 0.0 -0.0105303 -0.0
9 14 -0.3029917 -0.0 -0.0
9 15 0.5781864 0.0 0.0
9 16 -0.0 0.0 -0.0
9 17 0.0 -0.0 0.0
9 18 -0.0 -0.0133492 -0.0
9 19 -0.0 0.0 -0.0
9 20 0.163628 0.0 -0.0
9 21 0.0 -0.0 0.0
9 22 -0.0 -0.0878402 -0.0
9 23 -0.011557 -0.0 0.0
9 24 -0.0 0.0 -0.0
9 25 0.0 -0.3333761 -0.0
9 26 -0.0 -0.0 -0.0
9 27 0.0 0.0 -0.0
9 28 0.7926119 0.0 0.0
9 29 0.0 0.0854291 0.0
9 30 0.5596702 0.0 0.0
10 10 -0.0 0.0 -2.703405
10 11 0.0 -0.1649729 0.0
10 12 0.0 -0.3474499 0.0
10 13 0.0 -0.0 -0.0
10 14 -0.0 -0.0 0.1626366
10 15 0.0 0.0 -0.4817239
10 16 0.0 -0.0359833 0.0
10 17 -0.0 -0.0389168 -0.0
10 18 -0.0 0.0 0.0
10 19 0.0 0.0523712 0.0
10 20 0.0 0.0 0.0136917
10 21 -0.0 0.0223604 -0.0
10 22 0.0 0.0 -0.0
10 23 -0.0 -0.0 -0.0463571
10 24 0.0 -0.0112706 0.0
10 25 -0.0 -0.0 -0.0
10 26 0.0 -0.248809 -0.0
10 27 0.0 -0.3937816 -0.0
10 28 0.0 0.0 -0.0776662
10 29 -0.0 -0.0 0.0
10 30 0.0 0.0 -0.01583
11 11 0.0 0.0 0.982241
11 12 0.0 -0.0 -0.495312
11 13 2.4625684 -0.0 0.0
11 14 0.0 2.5552547 0.0
11 15 -0.0 1.0657085 0.0
11 16 0.0 -0.0 2.4617334
11 17 -0.0 0.0 0.1400005
11 18 -0.033956 0.0 0.0
11 19 0.0 0.0 -0.0325597
11 20 -0.0 0.0159026 0.0
11 21 0.0 0.0 0.0623787
11 22 0.3297766 -0.0 -0.0
11 23 -0.0 -0.4315401 -0.0
11 24 -0.0 0.0 -0.7312473
11 25 -1.0831104 -0.0 0.0
11 26 -0.0 0.0 0.0248424
11 27 -0.0 0.0 0.0927414
11 28 -0.0 0.4290754 0.0
11 29 -0.1391593 0.0 0.0
11 30 -0.0 0.301499 0.0
12 12 -0.0 0.0 1.224269
12 13 -0.9512881 0.0 -0.0
12 14 0.0 -1.037454 -0.0
12 15 -0.0 -0.2837467 0.0
12 16 -0.0 0.0 -1.2175792
12 17 0.0 0.0 -0.1601458
12 18 0.3876843 -0.0 -0.0
12 19 0.0 -0.0 -0.1974719
12 20 -0.0 0.6948254 0.0
12 21 0.0 -0.0 0.2527379
12 22 0.2249319 0.0 0.0
12 23 -0.0 0.4688286 0.0
12 24 0.0 -0.0 -0.1299469
12 25 0.47439 0.0 -0.0
12 26 0.0 -0.0 0.084171
12 27 0.0 -0.0 0.0370132
12 28 -0.0 1.0355099 0.0
12 29 0.0171366 -0.0 -0.0
12 30 -0.0 0.5569565 0.0
13 13 -0.0 0.0 2.354657
13 14 0.0 -0.0 0.0
13 15 0.0 -0.0 0.0
13 16 0.2420633 -0.0 0.0
13 17 0.0444658 -0.0 0.0
13 18 0.0 0.0 0.4790585
13 19 1.9139088 -0.0 -0.0
13 20 -0.0 -0.0 0.0
13 21 1.1574153 -0.0 -0.0
13 22 -0.0 0.0 -1.4204145
13 23 -0.0 0.0 0.0
13 24 -0.5321022 -0.0 0.0
13 25 -0.0 -0.0 -0.2394924
13 26 0.4607169 -0.0 0.0
13 27 0.2567173 -0.0 0.0
13 28 -0.0 -0.0 -0.0
13 29 0.0 0.0 0.0720225
13 30 -0.0 -0.0 0.0
14 14 -0.0 0.0 1.355588
14 15 -0.0 0.0 -0.1268857
14 16 0.0 -0.3627924 0.0
14 17 -0.0 0.1996481 0.0
14 18 0.0 -0.0 0.0
14 19 0.0 0.2784124 0.0
14 20 -0.0 -0.0 0.2417165
14 21 0.0 0.2789264 0.0
14 22 -0.0 0.0 -0.0
14 23 -0.0 -0.0 -1.4031112
14 24 0.0 0.4526498 0.0
14 25 -0.0 -0.0 -0.0
14 26 0.0 1.0616967 -0.0
14 27 0.0 0.6284166 -0.0
14 28 -0.0 -0.0 -0.2046233
14 29 0.0 -0.0 0.0
14 30 -0.0 -0.0 -0.2334705
15 15 0.0 -0.0 1.588051
15 16 -0.0 -0.1021795 0.0
15 17 0.0 0.1867098 -0.0
15 18 0.0 -0.0 0.0
15 19 0.0 0.127082 0.0
15 20 -0.0 0.0 0.0971251
15 21 0.0 0.1401906 -0.0
15 22 -0.0 0.0 -0.0
15 23 0.0 -0.0 -0.5541477
15 24 -0.0 0.2311677 0.0
15 25 -0.0 -0.0 -0.0
15 26 -0.0 0.4554254 0.0
15 27 -0.0 0.2480379 0.0
15 28 0.0 0.0 0.3158638
15 29 -0.0 -0.0 -0.0
15 30 0.0 -0.0 0.0981147
16 16 0.0 -0.0 3.213022
16 17 0.0 0.0 -0.5493649
16 18 0.3962013 0.0 0.0
16 19 -0.0 0.0 0.3444855
16 20 0.0 0.3719503 0.0
16 21 -0.0 0.0 0.6138592
16 22 -1.259178 -0.0 -0.0
16 23 0.0 -1.3773071 -0.0
16 24 0.0 0.0 2.3279846
16 25 -0.4464979 0.0 -0.0
16 26 -0.0 -0.0 -0.1439311
16 27 0.0 -0.0 -0.2918259
16 28 -0.0 0.0737821 0.0
16 29 0.0458357 0.0 -0.0
16 30 -0.0 -0.1802294 0.0
17 17 0.0 0.0 -1.54317
17 18 2.7062951 -0.0 -0.0
17 19 0.0 0.0 -1.327971
17 20 0.0 2.9115876 0.0
17 21 -0.0 -0.0 2.0355304
17 22 0.4417553 0.0 0.0
17 23 -0.0 -0.0753572 0.0
17 24 -0.0 0.0 -0.1398891
17 25 -0.2392766 0.0 0.0
17 26 -0.0 0.0 -0.100315
17 27 0.0 -0.0 0.1813848
17 28 0.0 -0.4053315 0.0
17 29 0.3260681 -0.0 -0.0
17 30 -0.0 -0.6812032 -0.0
18 18 -0.0 0.0 0.241852
18 19 -0.2884531 0.0 0.0
18 20 0.0 -0.0 0.0
18 21 0.7513904 -0.0 0.0
18 22 0.0 -0.0 -0.123348
18 23 -0.0 0.0 -0.0
18 24 0.3763534 0.0 0.0
18 25 0.0 0.0 0.2149076
18 26 -1.1979403 0.0 0.0
18 27 1.6034702 0.0 -0.0
18 28 0.0 -0.0 -0.0
18 29 -0.0 -0.0 -1.4413131
18 30 -0.0 0.0 0.0
19 19 -0.0 -0.0 3.005139
19 20 -0.0 -0.0477466 -0.0
19 21 -0.0 0.0 0.4939274
19 22 -0.385227 -0.0 -0.0
19 23 0.0 -0.5619965 -0.0
19 24 -0.0 -0.0 0.6018145
19 25 -0.9345298 -0.0 0.0
19 26 -0.0 -0.0 -0.4019488
19 27 -0.0 -0.0 0.0742561
19 28 0.0 -0.3304755 -0.0
19 29 0.5826409 0.0 0.0
19 30 -0.0 0.7614644 0.0
20 20 -0.0 0.0 -0.824801
20 21 0.0 0.1297593 0.0
20 22 0.0 0.0 0.0
20 23 0.0 0.0 0.1621492
20 24 0.0 0.103192 0.0
20 25 0.0 0.0 0.0
20 26 -0.0 -0.2523498 -0.0
20 27 0.0 -0.301295 -0.0
20 28 0.0 0.0 1.1364921
20 29 -0.0 0.0 -0.0
20 30 0.0 -0.0 -0.9479663
21 21 -0.0 -0.0 2.265139
21 22 -0.1188142 -0.0 -0.0
21 23 0.0 -0.2344212 -0.0
21 24 -0.0 -0.0 0.5825258
21 25 -0.4118262 -0.0 0.0
21 26 -0.0 -0.0 -0.5740894
21 27 -0.0 0.0 -0.3335695
21 28 -0.0 0.8843356 0.0
21 29 -1.2881812 -0.0 -0.0
21 30 0.0 -1.0415272 -0.0
22 22 -0.0 0.0 0.912019
22 23 0.0 -0.0 0.0
22 24 -0.5375496 -0.0 -0.0
22 25 0.0 -0.0 0.134413
22 26 -1.1549126 -0.0 -0.0
22 27 -0.4706704 -0.0 -0.0
22 28 0.0 0.0 -0.0
22 29 -0.0 0.0 0.1355698
22 30 0.0 -0.0 0.0
23 23 -0.0 0.0 1.657007
23 24 0.0 -1.178737 -0.0
23 25 0.0 0.0 -0.0
23 26 0.0 -1.6503403 -0.0
23 27 0.0 -0.966191 -0.0
23 28 0.0 -0.0 -0.2641422
23 29 0.0 0.0 -0.0
23 30 0.0 0.0 0.4369052
24 24 -0.0 -0.0 1.037572
24 25 -1.142795 -0.0 0.0
24 26 -0.0 -0.0 -0.0180614
24 27 -0.0 -0.0 -0.0728619
24 28 -0.0 0.1687837 0.0
24 29 -0.276404 -0.0 -0.0
24 30 0.0 -0.1239785 -0.0
25 25 0.0 0.0 2.611817
25 26 -1.2655854 -0.0 0.0
25 27 -0.7998675 -0.0 0.0
25 28 0.0 -0.0 0.0
25 29 0.0 0.0 0.5343653
25 30 0.0 -0.0 -0.0
26 26 -0.0 0.0 -0.088518
26 27 -0.0 0.0 -0.5632541
26 28 0.0 0.1037795 -0.0
26 29 0.1335328 0.0 0.0
26 30 -0.0 0.4486751 0.0
27 27 -0.0 0.0 0.186745
27 28 -0.0 0.0631714 0.0
27 29 -0.0701176 0.0 -0.0
27 30 -0.0 0.1869813 -0.0
28 28 0.0 0.0 0.022014
28 29 -0.0 0.0 -0.0
28 30 0.0 -0.0 0.6507036
29 29 -0.0 0.0 -1.322891
29 30 0.0 -0.0 0.0
30 30 0.0 0.0 -0.06138
