   1    1   0.00000    4.92370    10.00 100.00      0.00000   0.00000  -0.00000 
   2    2   0.05970    6.47710    10.00 100.00      0.00000   0.61310  -0.00000 
   3    3   0.02070    7.26870    10.00 100.00     -0.00000   0.34130  -0.00000 
   4    4   0.05340    7.41250    10.00 100.00      0.00000  -0.00000  -0.54210 
   5    5   0.00000    7.93490    10.00 100.00      0.00000   0.00000   0.00000 
   6    6   0.21810   10.23240    10.00 100.00     -0.00000   0.93280  -0.00000 
   7    7   0.00240   10.85620    10.00 100.00      0.00000  -0.09410   0.00000 
   8    8   0.00000   11.24180    10.00 100.00      0.00620  -0.00000  -0.00000 
   9    9   0.00000   11.42910    10.00 100.00      0.00000  -0.00000  -0.00550 
  10   10   0.00000   11.87460    10.00 100.00     -0.00000   0.00000  -0.00000 
  11   11   0.02780   12.23640    10.00 100.00     -0.00000   0.00000   0.30450 
  12   12   0.04050   12.29260    10.00 100.00     -0.36670  -0.00000  -0.00000 
  13   13   0.00000   12.45180    10.00 100.00     -0.00000   0.00000   0.00000 
  14   14   0.11760   12.63210    10.00 100.00      0.00000   0.00000  -0.61660 
  15   15   0.02260   13.16560    10.00 100.00      0.26450  -0.00000  -0.00000 
  16   16   0.00000   13.17960    10.00 100.00      0.00000   0.00000  -0.00000 
  17   17   0.37720   13.19380    10.00 100.00      0.00000  -0.00000   1.08020 
  18   18   0.04380   13.32360    10.00 100.00      0.00000  -0.36650  -0.00000 
  19   19   0.02220   13.54700    10.00 100.00      0.00000   0.00000   0.25860 
  20   20   0.04030   13.57660    10.00 100.00      0.00000  -0.34800   0.00000 
  21   21   0.11950   14.10270    10.00 100.00      0.00000  -0.00000  -0.58800 
  22   22   0.09310   14.12160    10.00 100.00     -0.00000  -0.51870   0.00000 
  23   23   0.02600   14.17210    10.00 100.00     -0.27380   0.00000  -0.00000 
  24   24   0.01610   14.99890    10.00 100.00      0.00000   0.20940  -0.00000 
  25   25   0.03090   15.22540    10.00 100.00     -0.28790  -0.00000  -0.00000 
  26   26   0.02550   15.26880    10.00 100.00      0.00000   0.00000  -0.26090 
  27   27   0.02280   15.46080    10.00 100.00      0.00000  -0.24520   0.00000 
  28   28   0.00000   15.57740    10.00 100.00      0.00000  -0.00000   0.00000 
  29   29   0.17980   15.91360    10.00 100.00      0.67900  -0.00000  -0.00000 
  30   30   0.00110   15.94920    10.00 100.00      0.00000  -0.00000   0.05360 
state state   Osc.      E(eV)      dum   dum        TrDx      TrDy       TrDz 
