0.5	0.0
0.50475	0.0
0.5095	0.0
0.51425	0.0
0.519	0.0
0.52375	0.0
0.5285	0.0
0.53325	0.0
0.538	0.0
0.54275	0.0
0.5475	0.0
0.55225	0.0
0.5569999999999999	0.0
0.56175	0.0
0.5665	0.0
0.57125	0.0
0.576	0.0
0.58075	0.0
0.5855	0.0
0.5902499999999999	0.0
0.595	0.0
0.59975	0.0
0.6045	0.0
0.60925	0.0
0.614	0.0
0.61875	0.0
0.6234999999999999	0.0
0.62825	0.0
0.633	0.0
0.63775	0.0
0.6425	0.0
0.64725	0.0
0.652	0.0
0.65675	0.0
0.6615	0.0
0.66625	0.0
0.671	0.0
0.67575	0.0
0.6805	0.0
0.68525	0.0
0.69	0.0
0.69475	0.0
0.6995	0.0
0.70425	0.0
0.709	0.0
0.71375	0.0
0.7185	0.0
0.72325	0.0
0.728	0.0
0.73275	0.0
0.7375	0.0
0.74225	0.0
0.747	0.0
0.7517499999999999	0.0
0.7565	0.0
0.76125	0.0
0.766	0.0
0.77075	0.0
0.7755	0.0
0.78025	0.0
0.7849999999999999	0.0
0.78975	0.0
0.7945	0.0
0.79925	0.0
0.804	0.0
0.80875	0.0
0.8135	0.0
0.8182499999999999	0.0
0.823	0.0
0.82775	0.0
0.8325	0.0
0.83725	0.0
0.842	0.0
0.84675	0.0
0.8514999999999999	0.0
0.85625	0.0
0.861	0.0
0.86575	0.0
0.8705	0.0
0.87525	0.0
0.88	0.0
0.8847499999999999	0.0
0.8895	0.0
0.89425	0.0
0.899	0.0
0.90375	0.0
0.9085	0.0
0.91325	0.0
0.9179999999999999	0.0
0.92275	0.0
0.9275	0.0
0.93225	0.0
0.937	0.0
0.94175	0.0
0.9465	0.0
0.9512499999999999	0.0
0.956	0.0
0.96075	0.0
0.9655	0.0
0.9702500000000001	0.0
0.975	0.0
0.97975	0.0
0.9844999999999999	0.0
0.98925	0.0
0.994	0.0
0.99875	0.0
1.0034999999999998	0.0
1.0082499999999999	0.0
1.013	0.0
1.01775	0.0
1.0225	0.0
1.02725	0.0
1.032	0.0
1.03675	0.0
1.0415	0.0
1.0462500000000001	0.0
1.051	0.0
1.05575	0.0
1.0605	0.0
1.06525	0.0
1.0699999999999998	0.0
1.0747499999999999	0.0
1.0795	0.0
1.08425	0.0
1.089	0.0
1.09375	0.0
1.0985	0.0
1.10325	0.0
1.108	0.0
1.1127500000000001	0.0
1.1175	0.0
1.12225	0.0
1.127	0.0
1.13175	0.0
1.1364999999999998	0.0
1.1412499999999999	0.0
1.146	0.0
1.15075	0.0
1.1555	0.0
1.16025	0.0
1.165	0.0
1.16975	0.0
1.1745	0.0
1.1792500000000001	0.0
1.184	0.0
1.18875	0.0
1.1935	0.0
1.19825	0.0
1.2029999999999998	0.0
1.2077499999999999	0.0
1.2125	0.0
1.21725	0.0
1.222	0.0
1.22675	0.0
1.2315	0.0
1.23625	0.0
1.241	0.0
1.2457500000000001	0.0
1.2505	0.0
1.25525	0.0
1.26	0.0
1.2647499999999998	0.0
1.2694999999999999	0.0
1.2742499999999999	0.0
1.279	0.0
1.28375	0.0
1.2885	0.0
1.29325	0.0
1.298	0.0
1.30275	0.0
1.3075	0.0
1.3122500000000001	0.0
1.317	0.0
1.32175	0.0
1.3265	0.0
1.3312499999999998	0.0
1.3359999999999999	0.0
1.3407499999999999	0.0
1.3455	0.0
1.35025	0.0
1.355	0.0
1.35975	0.0
1.3645	0.0
1.36925	0.0
1.374	0.0
1.3787500000000001	0.0
1.3835	0.0
1.38825	0.0
1.393	0.0
1.3977499999999998	0.0
1.4024999999999999	0.0
1.40725	0.0
1.412	0.0
1.41675	0.0
1.4215	0.0
1.42625	0.0
1.431	0.0
1.43575	0.0
1.4405000000000001	0.0
1.44525	0.0
1.45	0.0
1.45475	0.0
1.4595	0.0
1.4642499999999998	0.0
1.4689999999999999	0.0
1.47375	0.0
1.4785	0.0
1.48325	0.0
1.488	0.0
1.49275	0.0
1.4975	0.0
1.50225	0.0
1.507	0.0
1.51175	0.0
1.5165	0.0
1.52125	0.0
1.526	0.0
1.53075	0.0
1.5354999999999999	0.0
1.54025	0.0
1.545	0.0
1.54975	0.0
1.5545	0.0
1.55925	0.0
1.564	0.0
1.5687499999999999	0.0
1.5735	0.0
1.57825	0.0
1.583	0.0
1.58775	0.0
1.5925	0.0
1.59725	0.0
1.6019999999999999	0.0
1.60675	0.0
1.6115	0.0
1.61625	0.0
1.621	0.0
1.62575	0.0
1.6305	0.0
1.6352499999999999	0.0
1.64	0.0
1.64475	0.0
1.6495	0.0
1.65425	0.0
1.659	0.0
1.66375	0.0
1.6684999999999999	0.0
1.67325	0.0
1.678	0.0
1.68275	0.0
1.6875	0.0
1.69225	0.0
1.697	0.0
1.7017499999999999	0.0
1.7065	0.0
1.71125	0.0
1.716	0.0
1.72075	0.0
1.7255	0.0
1.73025	0.0
1.7349999999999999	0.0
1.73975	0.0
1.7445	0.0
1.74925	0.0
1.754	0.0
1.75875	0.0
1.7635	0.0
1.7682499999999999	0.0
1.773	0.0
1.77775	0.0
1.7825	0.0
1.78725	0.0
1.792	0.0
1.79675	0.0
1.8014999999999999	0.0
1.80625	0.0
1.811	0.0
1.81575	0.0
1.8205	0.0
1.82525	0.0
1.83	0.0
1.8347499999999999	0.0
1.8395	0.0
1.84425	0.0
1.849	0.0
1.85375	0.0
1.8585	0.0
1.86325	0.0
1.8679999999999999	0.0
1.87275	0.0
1.8775	0.0
1.88225	0.0
1.887	0.0
1.89175	0.0
1.8965	0.0
1.9012499999999999	0.0
1.906	0.0
1.91075	0.0
1.9155	0.0
1.92025	0.0
1.925	0.0
1.9297499999999999	0.0
1.9344999999999999	0.0
1.93925	0.0
1.944	0.0
1.94875	0.0
1.9535	0.0
1.95825	0.0
1.9629999999999999	0.0
1.9677499999999999	0.0
1.9725	0.0
1.97725	0.0
1.982	0.0
1.98675	0.0
1.9915	0.0
1.9962499999999999	0.0
2.001	0.0
2.00575	0.0
2.0105	0.0
2.01525	0.0
2.02	0.0
2.02475	0.0
2.0294999999999996	0.0
2.03425	0.0
2.0389999999999997	0.0
2.04375	0.0
2.0484999999999998	0.0
2.0532500000000002	0.0
2.058	0.0
2.06275	0.0
2.0675	0.0
2.07225	0.0
2.077	0.0
2.08175	0.0
2.0865	0.0
2.09125	0.0
2.096	0.0
2.1007499999999997	0.0
2.1055	0.0
2.1102499999999997	0.0
2.115	0.0
2.11975	0.0
2.1245000000000003	0.0
2.12925	0.0
2.134	0.0
2.13875	0.0
2.1435	0.0
2.14825	0.0
2.153	0.0
2.15775	0.0
2.1624999999999996	0.0
2.16725	0.0
2.1719999999999997	0.0
2.17675	0.0
2.1814999999999998	0.0
2.1862500000000002	0.0
2.191	0.0
2.19575	0.0
2.2005	0.0
2.20525	0.0
2.21	0.0
2.21475	0.0
2.2195	0.0
2.22425	0.0
2.229	0.0
2.2337499999999997	0.0
2.2385	0.0
2.2432499999999997	0.0
2.248	0.0
2.25275	0.0
2.2575000000000003	0.0
2.26225	0.0
2.267	0.0
2.27175	0.0
2.2765	0.0
2.28125	0.0
2.286	0.0
2.29075	0.0
2.2954999999999997	0.0
2.30025	0.0
2.3049999999999997	0.0
2.30975	0.0
2.3145	0.0
2.3192500000000003	0.0
2.324	0.0
2.32875	0.0
2.3335	0.0
2.33825	0.0
2.343	0.0
2.34775	0.0
2.3525	0.0
2.3572499999999996	0.0
2.362	0.0
2.3667499999999997	0.0
2.3715	0.0
2.3762499999999998	0.0
2.3810000000000002	0.0
2.38575	0.0
2.3905	0.0
2.39525	0.0
2.4	0.0
2.40475	0.0
2.4095	0.0
2.41425	0.0
2.419	0.0
2.42375	0.0
2.4284999999999997	0.0
2.43325	0.0
2.4379999999999997	0.0
2.44275	0.0
2.4475	0.0
2.4522500000000003	0.0
2.457	0.0
2.46175	0.0
2.4665	0.0
2.47125	0.0
2.476	0.0
2.48075	0.0
2.4855	0.0
2.4902499999999996	0.0
2.495	0.0
2.4997499999999997	0.0
2.5045	0.0
2.5092499999999998	0.0
2.514	0.0
2.51875	0.0
2.5235	0.0
2.52825	0.0
2.533	0.0
2.53775	0.0
2.5425	0.0
2.54725	0.0
2.552	0.0
2.55675	0.0
2.5615	0.0
2.56625	0.0
2.5709999999999997	0.0
2.5757499999999998	0.0
2.5805	0.0
2.58525	0.0
2.59	0.0
2.59475	0.0
2.5995	0.0
2.60425	0.0
2.609	0.0
2.61375	0.0
2.6185	0.0
2.62325	0.0
2.628	0.0
2.63275	0.0
2.6374999999999997	0.0
2.6422499999999998	0.0
2.647	0.0
2.65175	0.0
2.6565	0.0
2.66125	0.0
2.666	0.0
2.67075	0.0
2.6755	0.0
2.68025	0.0
2.685	0.0
2.68975	0.0
2.6945	0.0
2.69925	0.0
2.7039999999999997	0.0
2.7087499999999998	0.0
2.7135	0.0
2.71825	0.0
2.723	0.0
2.72775	0.0
2.7325	0.0
2.73725	0.0
2.742	0.0
2.74675	0.0
2.7515	0.0
2.75625	0.0
2.761	0.0
2.76575	0.0
2.7704999999999997	0.0
2.7752499999999998	0.0
2.78	0.0
2.78475	0.0
2.7895	0.0
2.79425	0.0
2.799	0.0
2.80375	0.0
2.8085	0.0
2.81325	0.0
2.818	0.0
2.82275	0.0
2.8275	0.0
2.83225	0.0
2.8369999999999997	0.0
2.8417499999999998	0.0
2.8465	0.0
2.85125	0.0
2.856	0.0
2.86075	0.0
2.8655	0.0
2.87025	0.0
2.875	0.0
2.87975	0.0
2.8845	0.0
2.88925	0.0
2.894	0.0
2.89875	0.0
2.9034999999999997	0.0
2.90825	0.0
2.913	0.0
2.91775	0.0
2.9225	0.0
2.92725	0.0
2.932	0.0
2.93675	0.0
2.9415	0.0
2.94625	0.0
2.951	0.0
2.95575	0.0
2.9605	0.0
2.9652499999999997	0.0
2.9699999999999998	0.0
2.97475	0.0
2.9795	0.0
2.98425	0.0
2.989	0.0
2.99375	0.0
2.9985	0.0
3.00325	0.0
3.008	0.0
3.01275	0.0
3.0175	0.0
3.02225	0.0
3.027	0.0
3.0317499999999997	0.0
3.0364999999999998	0.0
3.04125	0.0
3.046	0.0
3.05075	0.0
3.0555	0.0
3.06025	0.0
3.065	0.0
3.06975	0.0
3.0745	0.0
3.07925	0.0
3.084	0.0
3.08875	0.0
3.0935	0.0
3.0982499999999997	0.0
3.1029999999999998	0.0
3.10775	0.0
3.1125	0.0
3.11725	0.0
3.122	0.0
3.12675	0.0
3.1315	0.0
3.13625	0.0
3.141	0.0
3.14575	0.0
3.1505	0.0
3.15525	0.0
3.16	0.0
3.1647499999999997	0.0
3.1694999999999998	0.0
3.17425	0.0
3.179	0.0
3.18375	0.0
3.1885	0.0
3.19325	0.0
3.198	0.0
3.20275	0.0
3.2075	0.0
3.21225	0.0
3.217	0.0
3.22175	0.0
3.2265	0.0
3.2312499999999997	0.0
3.2359999999999998	0.0
3.24075	0.0
3.2455	0.0
3.25025	0.0
3.255	0.0
3.25975	0.0
3.2645	0.0
3.26925	0.0
3.274	0.0
3.27875	0.0
3.2835	0.0
3.28825	0.0
3.293	0.0
3.2977499999999997	0.0
3.3024999999999998	0.0
3.30725	0.0
3.312	0.0
3.31675	0.0
3.3215	0.0
3.32625	0.0
3.331	0.0
3.33575	0.0
3.3405	0.0
3.34525	0.0
3.35	0.0
3.35475	0.0
3.3594999999999997	0.0
3.3642499999999997	0.0
3.3689999999999998	0.0
3.37375	0.0
3.3785	0.0
3.38325	0.0
3.388	0.0
3.39275	0.0
3.3975	0.0
3.40225	0.0
3.407	0.0
3.41175	0.0
3.4165	0.0
3.42125	0.0
3.4259999999999997	0.0
3.4307499999999997	0.0
3.4354999999999998	0.0
3.44025	0.0
3.445	0.0
3.44975	0.0
3.4545	0.0
3.45925	0.0
3.464	0.0
3.46875	0.0
3.4735	0.0
3.47825	0.0
3.483	0.0
3.48775	0.0
3.4924999999999997	0.0
3.4972499999999997	0.0
3.502	0.0
3.50675	0.0
3.5115	0.0
3.51625	0.0
3.521	0.0
3.52575	0.0
3.5305	0.0
3.53525	0.0
3.54	0.0
3.54475	0.0
3.5495	0.0
3.55425	0.0
3.5589999999999997	0.0
3.5637499999999998	0.0
3.5685	0.0
3.57325	0.0
3.578	0.0
3.58275	0.0
3.5875	0.0
3.59225	0.0
3.597	0.0
3.60175	0.0
3.6065	0.0
3.61125	0.0
3.616	0.0
3.62075	0.0
3.6254999999999997	0.0
3.6302499999999998	0.0
3.635	0.0
3.63975	0.0
3.6445	0.0
3.64925	0.0
3.654	0.0
3.65875	0.0
3.6635	0.0
3.66825	0.0
3.673	0.0
3.67775	0.0
3.6825	0.0
3.68725	0.0
3.6919999999999997	0.0
3.6967499999999998	0.0
3.7015	0.0
3.70625	0.0
3.711	0.0
3.71575	0.0
3.7205	0.0
3.72525	0.0
3.73	0.0
3.73475	0.0
3.7395	0.0
3.74425	0.0
3.749	0.0
3.7537499999999997	0.0
3.7584999999999997	0.0
3.7632499999999998	0.0
3.768	0.0
3.77275	0.0
3.7775	0.0
3.78225	0.0
3.787	0.0
3.79175	0.0
3.7965	0.0
3.80125	0.0
3.806	0.0
3.81075	0.0
3.8155	0.0
3.8202499999999997	0.0
3.8249999999999997	0.0
3.8297499999999998	0.0
3.8345	0.0
3.83925	0.0
3.844	0.0
3.84875	0.0
3.8535	0.0
3.85825	0.0
3.863	0.0
3.86775	0.0
3.8725	0.0
3.87725	0.0
3.882	0.0
3.8867499999999997	0.0
3.8914999999999997	0.0
3.8962499999999998	0.0
3.901	0.0
3.90575	0.0
3.9105	0.0
3.91525	0.0
3.92	0.0
3.92475	0.0
3.9295	0.0
3.93425	0.0
3.939	0.0
3.94375	0.0
3.9485	0.0
3.9532499999999997	0.0
3.9579999999999997	0.0
3.9627499999999998	0.0
3.9675	0.0
3.97225	0.0
3.977	0.0
3.98175	0.0
3.9865	0.0
3.99125	0.0
3.996	0.0
4.00075	0.0
4.0055	0.0
4.01025	0.0
4.015000000000001	0.0
4.01975	0.0
4.0245	0.0
4.029249999999999	0.0
4.034	0.0
4.03875	0.0
4.0435	0.0
4.0482499999999995	0.0
4.053	0.0
4.05775	0.0
4.0625	0.0
4.06725	0.0
4.072	0.0
4.0767500000000005	0.0
4.0815	0.0
4.08625	0.0
4.090999999999999	0.0
4.09575	0.0
4.1005	0.0
4.10525	0.0
4.109999999999999	0.0
4.11475	0.0
4.1195	0.0
4.12425	0.0
4.129	0.0
4.13375	0.0
4.1385000000000005	0.0
4.14325	0.0
4.148	0.0
4.152749999999999	0.0
4.1575	0.0
4.16225	0.0
4.167	0.0
4.171749999999999	0.0
4.1765	0.0
4.18125	0.0
4.186	0.0
4.1907499999999995	0.0
4.1955	0.0
4.2002500000000005	0.0
4.205	0.0
4.20975	0.0
4.214499999999999	0.0
4.21925	0.0
4.224	0.0
4.22875	0.0
4.233499999999999	0.0
4.23825	0.0
4.243	0.0
4.24775	0.0
4.2524999999999995	0.0
4.25725	0.0
4.2620000000000005	0.0
4.26675	0.0
4.2715	0.0
4.27625	0.0
4.281	0.0
4.28575	0.0
4.2905	0.0
4.295249999999999	0.0
4.3	0.0
4.30475	0.0
4.3095	0.0
4.3142499999999995	0.0
4.319	0.0
4.32375	0.0
4.3285	0.0
4.33325	0.0
4.338	0.0
4.3427500000000006	0.0
4.3475	0.0
4.35225	0.0
4.356999999999999	0.0
4.36175	0.0
4.3665	0.0
4.37125	0.0
4.3759999999999994	0.0
4.38075	0.0
4.3855	0.0
4.39025	0.0
4.395	0.0
4.39975	0.0
4.4045000000000005	0.0
4.40925	0.0
4.414	0.0
4.418749999999999	0.0
4.4235	0.0
4.42825	0.0
4.433	0.0
4.437749999999999	0.0
4.4425	0.0
4.44725	0.0
4.452	0.0
4.4567499999999995	0.0
4.4615	0.0
4.4662500000000005	0.0
4.471	0.0
4.47575	0.0
4.480499999999999	0.0
4.48525	0.0
4.49	0.0
4.49475	0.0
4.499499999999999	0.0
4.50425	0.0
4.509	0.0
4.51375	0.0
4.5184999999999995	0.0
4.52325	0.0
4.528	0.0
4.53275	0.0
4.5375	0.0
4.54225	0.0
4.547	0.0
4.55175	0.0
4.5565	0.0
4.56125	0.0
4.566	0.0
4.57075	0.0
4.5755	0.0
4.5802499999999995	0.0
4.585	0.0
4.5897499999999996	0.0
4.5945	0.0
4.59925	0.0
4.604	0.0
4.60875	0.0
4.6135	0.0
4.61825	0.0
4.623	0.0
4.62775	0.0
4.6325	0.0
4.63725	0.0
4.6419999999999995	0.0
4.64675	0.0
4.6514999999999995	0.0
4.65625	0.0
4.661	0.0
4.66575	0.0
4.6705	0.0
4.67525	0.0
4.68	0.0
4.68475	0.0
4.6895	0.0
4.69425	0.0
4.699	0.0
4.70375	0.0
4.7085	0.0
4.7132499999999995	0.0
4.718	0.0
4.72275	0.0
4.7275	0.0
4.73225	0.0
4.737	0.0
4.74175	0.0
4.7465	0.0
4.75125	0.0
4.756	0.0
4.76075	0.0
4.7655	0.0
4.77025	0.0
4.7749999999999995	0.0
4.77975	0.0
4.7844999999999995	0.0
4.78925	0.0
4.794	0.0
4.79875	0.0
4.8035	0.0
4.80825	0.0
4.813	0.0
4.81775	0.0
4.8225	0.0
4.82725	0.0
4.832	0.0
4.83675	0.0
4.8415	0.0
4.8462499999999995	0.0
4.851	0.0
4.85575	0.0
4.8605	0.0
4.86525	0.0
4.87	0.0
4.87475	0.0
4.8795	0.0
4.88425	0.0
4.889	0.0
4.89375	0.0
4.8985	0.0
4.90325	0.0
4.9079999999999995	0.0
4.91275	0.0
4.9174999999999995	0.0
4.92225	0.0
4.927	0.0
4.93175	0.0
4.9365	0.0
4.94125	0.0
4.946	0.0
4.95075	0.0
4.9555	0.0
4.96025	0.0
4.965	0.0
4.9697499999999994	0.0
4.9745	0.0
4.9792499999999995	0.0
4.984	0.0
4.98875	0.0
4.9935	0.0
4.99825	0.0
5.003	0.0
5.00775	0.0
5.0125	0.0
5.01725	0.0
5.022	0.0
5.02675	0.0
5.0315	0.0
5.03625	0.0
5.0409999999999995	0.0
5.04575	0.0
5.0504999999999995	0.0
5.05525	0.0
5.06	0.0
5.06475	0.0
5.0695	0.0
5.07425	0.0
5.079	0.0
5.08375	0.0
5.0885	0.0
5.09325	0.0
5.098	0.0
5.1027499999999995	0.0
5.1075	0.0
5.1122499999999995	0.0
5.117	2.5e-323
5.12175	4.58e-321
5.1265	7.8309e-319
5.13125	1.31465873e-316
5.136	2.1675813087e-314
5.14075	3.509932321116e-312
5.1455	5.58191311381346e-310
5.15025	8.718231289568831e-308
5.155	1.3373179850728002e-305
5.15975	2.0146609508031052e-303
5.1645	2.9807821503059534e-301
5.16925	4.331312208804265e-299
5.1739999999999995	6.18115631928364e-297
5.17875	8.663252025512815e-295
5.1834999999999996	1.1924856327237117e-292
5.18825	1.6120790956961317e-290
5.193	2.140328931865353e-288
5.19775	2.7908447777144466e-286
5.2025	3.573977608916822e-284
5.20725	4.494992348679679e-282
5.212	5.552225174501237e-280
5.21675	6.735443069133445e-278
5.2215	8.024652836033371e-276
5.22625	9.389604957535574e-274
5.231	1.0790196989722257e-271
5.2357499999999995	1.2177900197093924e-269
5.2405	1.349821782572492e-267
5.2452499999999995	1.4694047471013343e-265
5.25	1.57096832829469e-263
5.25475	1.649507919558042e-261
5.2595	1.7009923684136746e-259
5.26425	1.7227065693837744e-257
5.269	1.7134886781987014e-255
5.27375	1.6738331052343224e-253
5.2785	1.6058465819687578e-251
5.28325	1.5130627334993651e-249
5.288	1.4001378708430061e-247
5.29275	1.2724644411395798e-245
5.2975	1.1357467214493056e-243
5.30225	9.95584928193729e-242
5.3069999999999995	8.571091265095668e-240
5.31175	7.246944081436747e-238
5.3165	6.017757538478616e-236
5.32125	4.9076710531803555e-234
5.326	3.9307659929432094e-232
5.33075	3.092003089904709e-230
5.3355	2.3887111293491732e-228
5.34025	1.8123761204463093e-226
5.345	1.3504982144131386e-224
5.34975	9.883270498395271e-223
5.3545	7.103433744333084e-221
5.35925	5.014145946510442e-219
5.364	3.4760546213237096e-217
5.3687499999999995	2.3666672340906824e-215
5.3735	1.582518474389929e-213
5.3782499999999995	1.0392531842763145e-211
5.383	6.702779359573952e-210
5.38775	4.245701605412028e-208
5.3925	2.641222552911282e-206
5.39725	1.6136952125404994e-204
5.402	9.682756461847424e-203
5.40675	5.706075208018367e-201
5.4115	3.3024553829231313e-199
5.41625	1.8771432273943735e-197
5.421	1.047897604248466e-195
5.42575	5.745148630590422e-194
5.430499999999999	3.0934612086312933e-192
5.43525	1.6358710426457405e-190
5.4399999999999995	8.4959987493134e-189
5.44475	4.333519941559204e-187
5.4495	2.1708416409181618e-185
5.45425	1.068012836143594e-183
5.459	5.16042874590049e-182
5.46375	2.448815603058151e-180
5.4685	1.1412672802869979e-178
5.47325	5.223716915915971e-177
5.478	2.3481881138180098e-175
5.48275	1.0366857330738354e-173
5.4875	4.494923893410439e-172
5.49225	1.9140732260139704e-170
5.497	8.004896823910948e-169
5.5017499999999995	3.2878645182120217e-167
5.5065	1.3262734409966755e-165
5.5112499999999995	5.25428005184319e-164
5.516	2.044345739358959e-162
5.52075	7.811896104552053e-161
5.5255	2.9317001991103425e-159
5.53025	1.0805469428198028e-157
5.535	3.911368248601121e-156
5.53975	1.3905120526383954e-154
5.5445	4.854916823698362e-153
5.54925	1.6647530323590913e-151
5.554	5.606332096836061e-150
5.55875	1.8542522304796128e-148
5.5634999999999994	6.02309599220206e-147
5.56825	1.9214617520205293e-145
5.5729999999999995	6.02011361796438e-144
5.57775	1.8524163955657367e-142
5.5825	5.598008186987475e-141
5.58725	1.661458228381869e-139
5.592	4.842909006567484e-138
5.59675	1.3863860378957925e-136
5.6015	3.897831198921266e-135
5.60625	1.0762740360141732e-133
5.611	2.9186611960333375e-132
5.61575	7.773301080459378e-131
5.6205	2.0332382876667765e-129
5.62525	5.223144654034479e-128
5.63	1.3177614933509027e-126
5.6347499999999995	3.2651456318579083e-125
5.6395	7.945647326886718e-124
5.6442499999999995	1.8989651628977544e-122
5.649	4.457236671786938e-121
5.65375	1.027484731791561e-119
5.6585	2.3261946027361757e-118
5.66325	5.172228404752293e-117
5.668	1.1294586371186104e-115
5.67275	2.422277813535094e-114
5.6775	5.1019777044317954e-113
5.68225	1.0553928462759988e-111
5.687	2.1441280596980692e-110
5.69175	4.278073869321842e-109
5.6964999999999995	8.383142001822712e-108
5.70125	1.6133416690042222e-106
5.7059999999999995	3.0493471111626787e-105
5.71075	5.660416141791653e-104
5.7155	1.0319314359391672e-102
5.72025	1.84762703842104e-101
5.725	3.248918074683714e-100
5.72975	5.610792346670001e-99
5.7345	9.516354595528557e-98
5.73925	1.5851779444903241e-96
5.744	2.5932620859238487e-95
5.74875	4.166542198595446e-94
5.7535	6.574551677862135e-93
5.75825	1.0188669778604186e-91
5.763	1.550707240223529e-90
5.7677499999999995	2.317945001393771e-89
5.7725	3.4028078358843805e-88
5.7772499999999996	4.9060583133659345e-87
5.782	6.946866807790835e-86
5.78675	9.660647219324434e-85
5.7915	1.3194242403920349e-83
5.79625	1.7697979135431115e-82
5.801	2.3314380684139355e-81
5.80575	3.0163731951628095e-80
5.8105	3.832721356961034e-79
5.81525	4.782890136965311e-78
5.82	5.861847939754144e-77
5.82475	7.055693001948671e-76
5.8294999999999995	8.34076314156776e-75
5.83425	9.683511782794081e-74
5.8389999999999995	1.1041319238839247e-72
5.84375	1.236431420683578e-71
5.8485	1.3598158021769119e-70
5.85325	1.468760955587017e-69
5.858	1.5580562721790193e-68
5.86275	1.6232153595832953e-67
5.8675	1.6608489362491645e-66
5.87225	1.668956842470763e-65
5.877	1.6471041626036786e-64
5.88175	1.5964598754601404e-63
5.8865	1.519693252683393e-62
5.891249999999999	1.4207407834226347e-61
5.896	1.304471947635004e-60
5.9007499999999995	1.1762933057905727e-59
5.9055	1.0417355653522233e-58
5.91025	9.060670600861505e-58
5.915	7.739700889419164e-57
5.91975	6.493053733410279e-56
5.9245	5.349766184328143e-55
5.92925	4.3289402369869715e-54
5.934	3.4402449323009375e-53
5.93875	2.685085516318402e-52
5.9435	2.0582013783625357e-51
5.94825	1.5494536595995768e-50
5.953	1.1455928754217915e-49
5.95775	8.318461302485618e-49
5.9624999999999995	5.932212255827325e-48
5.96725	4.154811715576225e-47
5.9719999999999995	2.8578997992323253e-46
5.97675	1.930650371393599e-45
5.9815	1.280917775556022e-44
5.98625	8.346412728126389e-44
5.991	5.341207442073087e-43
5.99575	3.356912481359433e-42
6.0005	2.0720564208618297e-41
6.00525	1.2560997217327287e-40
6.01	7.478382020570177e-40
6.01475	4.37272492838176e-39
6.0195	2.5110632654787523e-38
6.024249999999999	1.4161985185994264e-37
6.029	7.84425316025852e-37
6.0337499999999995	4.2671710461061147e-36
6.0385	2.2797618738269307e-35
6.04325	1.1961892792077965e-34
6.048	6.164123193431693e-34
6.05275	3.119634383627004e-33
6.0575	1.5505903311447446e-32
6.06225	7.569225248456086e-32
6.067	3.6288312409114173e-31
6.07175	1.7086106095886063e-30
6.0765	7.900969956482905e-30
6.08125	3.5882170592064147e-29
6.086	1.6004348046754974e-28
6.09075	7.0106494659482225e-28
6.0954999999999995	3.016056707696178e-27
6.10025	1.2743295016932726e-26
6.1049999999999995	5.287920980483847e-26
6.10975	2.1550093585643447e-25
6.1145	8.625302771708015e-25
6.11925	3.390474809125336e-24
6.124	1.3089036524432046e-23
6.12875	4.962674853126339e-23
6.1335	1.8479275858125019e-22
6.13825	6.757951335772408e-22
6.143	2.427203312351557e-21
6.14775	8.561665117350323e-21
6.1525	2.9660010605870595e-20
6.1572499999999994	1.0091258976878184e-19
6.162	3.3719442551086114e-19
6.1667499999999995	1.1065636640877886e-18
6.1715	3.5664275742979424e-18
6.17625	1.1288894053567609e-17
6.181	3.509379784581693e-17
6.18575	1.0714460978227365e-16
6.1905	3.2127081095986785e-16
6.19525	9.460916209958918e-16
6.2	2.7362520972603605e-15
6.20475	7.772129053669123e-15
6.2095	2.1681278285186876e-14
6.21425	5.940058865444926e-14
6.218999999999999	1.5982974202602317e-13
6.22375	4.2236257867986765e-13
6.2284999999999995	1.09616076081467e-12
6.23325	2.793984902690228e-12
6.2379999999999995	6.9941484051880464e-12
6.24275	1.7195175621354116e-11
6.2475	4.1518281875140304e-11
6.25225	9.845394322394779e-11
6.257	2.292914398131909e-10
6.26175	5.244493512229059e-10
6.2665	1.17809482472744e-09
6.27125	2.5990697131413474e-09
6.276	5.63140281160733e-09
6.28075	1.19832947813813e-08
6.2855	2.5043606824300895e-08
6.2902499999999995	5.140181989556056e-08
6.295	1.0361463438199567e-07
6.2997499999999995	2.0512787770906672e-07
6.3045	3.9883132309177116e-07
6.30925	7.615787477614046e-07
6.314	1.4282405460992691e-06
6.31875	2.6305640723736398e-06
6.3235	4.758361086425488e-06
6.32825	8.453311849042661e-06
6.333	1.4748823241717966e-05
6.33775	2.527253667887993e-05
6.3425	4.253057799152568e-05
6.34725	7.02934272969296e-05
6.351999999999999	0.0001141009176543776
6.35675	0.00018189658283261346
6.3614999999999995	0.0002847875032054177
6.36625	0.00043790338304163
6.3709999999999996	0.0006612971595242325
6.37575	0.000980789931353809
6.3805	0.0014286186814383161
6.38525	0.002043702309108868
6.39	0.0028713089915207396
6.39475	0.003961897275079894
6.3995	0.005368926708056314
6.40425	0.007145501661034923
6.409	0.009339829716146065
6.41375	0.011989640921173127
6.4185	0.015115912855170478
6.4232499999999995	0.01871645381973854
6.428	0.022760077637688395
6.4327499999999995	0.027182218295859345
6.4375	0.031882842754009384
6.44225	0.036727398159782224
6.447	0.04155126725680946
6.45175	0.04616782008318747
6.4565	0.050379685099488966
6.46125	0.053992385124011985
6.466	0.05682907169461975
6.47075	0.05874482243639882
6.4755	0.05963889848931262
6.48025	0.059463520304393835
6.484999999999999	0.05822809792188554
6.48975	0.05599839448416635
6.4944999999999995	0.052890726466099665
6.49925	0.04906191247301199
6.504	0.04469617915273096
6.50875	0.03999054376931478
6.5135	0.035140278929763215
6.51825	0.030325926915028778
6.523	0.025703007808379315
6.52775	0.02139512346084071
6.5325	0.01749067742474609
6.53725	0.014042985527467286
6.542	0.011073202722825108
6.54675	0.008575274638894547
6.5515	0.00652204528260826
6.5562499999999995	0.004871700332452522
6.561	0.0035738663479846565
6.5657499999999995	0.002574880229963955
6.5705	0.0018219512103370286
6.57525	0.0012661274884113113
6.58	0.0008641300682075924
6.58475	0.0005792176417213697
6.5895	0.00038129879224071034
6.59425	0.0002465188101215054
6.599	0.00015652931353614605
6.60375	9.761179137407952e-05
6.6085	5.97819215110185e-05
6.61325	3.5958241231402946e-05
6.617999999999999	2.1241637731005495e-05
6.62275	1.2323626818247172e-05
6.6274999999999995	7.021826008473249e-06
6.63225	3.929366823865278e-06
6.637	2.1595142224320795e-06
6.64175	1.1656027082535815e-06
6.6465	6.178826658594179e-07
6.65125	3.216788148603028e-07
6.656	1.6447499924190625e-07
6.66075	8.259206234266348e-08
6.6655	4.073218549612808e-08
6.67025	1.9728683230759236e-08
6.675	9.384680055078271e-09
6.679749999999999	4.384315785268993e-09
6.6845	2.0116164007365917e-09
6.6892499999999995	9.064617711177432e-10
6.694	4.0115739532671485e-10
6.6987499999999995	1.7435768625377136e-10
6.7035	7.442663367966087e-11
6.70825	3.120158383112351e-11
6.713	1.2846531559328876e-11
6.71775	5.1946479612925735e-12
6.7225	2.0629435225498936e-12
6.72725	8.045990962830337e-13
6.732	3.082000657825442e-13
6.73675	1.1594363134584961e-13
6.7415	4.28372964849331e-14
6.74625	1.5543835611442702e-14
6.7509999999999994	5.539305524579193e-15
6.75575	1.9387125840729845e-15
6.7604999999999995	6.663962178287066e-16
6.76525	2.2496378086407196e-16
6.77	7.458537297840128e-17
6.77475	2.428598452199381e-17
6.7795	7.76638197233643e-18
6.78425	2.439173897327067e-18
6.789	7.523635823622981e-19
6.79375	2.2791544258042657e-19
6.7985	6.780796692364374e-20
6.80325	1.981292879971945e-20
6.808	5.685617237405941e-21
6.812749999999999	1.6023874835776451e-21
6.8175	4.435253562956894e-22
6.8222499999999995	1.2056752546413319e-22
6.827	3.218868435601329e-23
6.8317499999999995	8.439895890435625e-24
6.8365	2.1733613391672857e-24
6.84125	5.496519462675462e-25
6.846	1.3652261330105998e-25
6.85075	3.3302935053652364e-26
6.8555	7.978543961759385e-27
6.86025	1.8774609214152773e-27
6.865	4.348026725967626e-28
6.86975	1.0309081779614796e-28
6.8745	4.289955519682701e-29
6.87925	9.769265371747741e-29
6.8839999999999995	4.05388417007096e-28
6.88875	1.728927099705906e-27
6.8934999999999995	7.258448934620424e-27
6.89825	2.9931015179026103e-26
6.903	1.2121671144258272e-25
6.90775	4.821305523523733e-25
6.9125	1.8833359637736983e-24
6.91725	7.225234232153176e-24
6.922	2.722306666695996e-23
6.92675	1.0073563934476045e-22
6.9315	3.6609199458617083e-22
6.93625	1.3066470786126487e-21
6.941	4.5802307280657275e-21
6.945749999999999	1.5768028450442544e-20
6.9505	5.3312422638940433e-20
6.9552499999999995	1.77027373677968e-19
6.96	5.773157674890748e-19
6.9647499999999996	1.8490446405334188e-18
6.9695	5.816240525367385e-18
6.97425	1.796794065513337e-17
6.979	5.4514901983410414e-17
6.98375	1.6244006373559863e-16
6.9885	4.753703075649878e-16
6.99325	1.36625554109937e-15
6.998	3.856495294332501e-15
7.00275	1.0690909663232954e-14
7.007499999999999	2.910700352548686e-14
7.01225	7.782897694916314e-14
7.0169999999999995	2.043836400434263e-13
7.02175	5.271229463951882e-13
7.0264999999999995	1.3351765592371863e-12
7.03125	3.3214403766028376e-12
7.036	8.11475116749294e-12
7.04075	1.94708512048276e-11
7.0455	4.5883406485060794e-11
7.05025	1.0619091268594915e-10
7.055	2.4136819246871197e-10
7.05975	5.38807593190347e-10
7.0645	1.181267787880508e-09
7.06925	2.54345465731531e-09
7.074	5.378493187304615e-09
7.078749999999999	1.117013007713456e-08
7.0835	2.2783310179420692e-08
7.0882499999999995	4.563902939549933e-08
7.093	8.978772364619636e-08
7.09775	1.7348363258263983e-07
7.1025	3.2920091828360426e-07
7.10725	6.135141070365615e-07
7.112	1.122920610644621e-06
7.11675	2.0185268824801954e-06
7.1215	3.5635348202791956e-06
7.12625	6.178576958279553e-06
7.131	1.0520997049011195e-05
7.13575	1.759488050625445e-05
7.140499999999999	2.8898595043156594e-05
7.14525	4.661526113577873e-05
7.1499999999999995	7.38482993316557e-05
7.15475	0.00011489836794167975
7.1594999999999995	0.0001755691498538785
7.16425	0.0002634775020818932
7.169	0.00038832902627913287
7.17375	0.0005621046211247178
7.1785	0.000799089536193656
7.18325	0.0011156673385274796
7.188	0.0015298011529637273
7.19275	0.0020601376606941054
7.1975	0.002724698781567276
7.20225	0.0035391727595236945
7.207	0.004514878362326128
7.211749999999999	0.005656547039186501
7.2165	0.006960138177559279
7.2212499999999995	0.008410959099327413
7.226	0.009982390126581446
7.23075	0.011635503633293924
7.2355	0.01331980700700218
7.24025	0.014975232970160032
7.245	0.01653535604055524
7.24975	0.017931649362333678
7.2545	0.01909843681890061
7.25925	0.019978068989192802
7.264	0.020525783165215725
7.26875	0.020713714213554307
7.273499999999999	0.020533609071397316
7.27825	0.019997953344611987
7.2829999999999995	0.019139420716537726
7.28775	0.018008772089029453
7.2924999999999995	0.016671525450110383
7.29725	0.015203856595127054
7.302	0.0136882517644392
7.30675	0.012209406627764586
7.3115	0.010850757980251457
7.31625	0.009691865392127654
7.321	0.008806660741603944
7.32575	0.008262390073899098
7.3305	0.008118919801126272
7.33525	0.008427996786934188
7.34	0.00923205743529467
7.3447499999999994	0.01056227883309701
7.3495	0.012435744556476832
7.3542499999999995	0.014851833760352828
7.359	0.017788197481730526
7.36375	0.021196916015460646
7.3685	0.025001589773303832
7.37325	0.02909616344888514
7.378	0.03334619393213346
7.38275	0.03759304152389133
7.3875	0.041661111878321735
7.39225	0.045367847881988235
7.397	0.04853573111408008
7.40175	0.05100517590603679
7.406499999999999	0.05264695572429586
7.41125	0.053372743968658286
7.4159999999999995	0.053142501823870314
7.42075	0.051967790807891955
7.4254999999999995	0.04991057801154062
7.43025	0.04707766151561634
7.435	0.04361138302227274
7.43975	0.03967772943530594
7.4445	0.03545319029625585
7.44925	0.031111800728889947
7.454	0.02681366332493673
7.45875	0.022695944013565405
7.4635	0.01886693702969486
7.468249999999999	0.015403363712756675
7.473	0.012350676514305737
7.4777499999999995	0.009725835519807297
7.4825	0.007521839914459572
7.4872499999999995	0.005713237005799247
7.492	0.004261881615495366
7.49675	0.0031223494650054633
7.5015	0.0022465837959756026
7.50625	0.0015875401582798076
7.511	0.001101762033836169
7.51575	0.0007509514673463923
7.5205	0.000502686153142353
7.52525	0.00033047830863759236
7.53	0.0002133781673550126
7.53475	0.00013530629022276747
7.539499999999999	8.426495197445034e-05
7.54425	5.15391145375199e-05
7.5489999999999995	3.095907047839983e-05
7.55375	1.826416649044153e-05
7.5584999999999996	1.058212254525783e-05
7.56325	6.02152786294652e-06
7.568	3.365128080573795e-06
7.57275	1.846959964367113e-06
7.5775	9.955758405035597e-07
7.58225	5.270504655063064e-07
7.587	2.7402553731664255e-07
7.59175	1.399235642583536e-07
7.5965	7.017003050053862e-08
7.601249999999999	3.4559977881422064e-08
7.606	1.6716918725652776e-08
7.6107499999999995	7.941453380652204e-09
7.6155	3.7051409600819596e-09
7.6202499999999995	1.6977371971774768e-09
7.625	7.640067184514731e-10
7.62975	3.3766408937894113e-10
7.6345	1.4656610903928398e-10
7.63925	6.248031723557842e-11
7.644	2.6158562712907414e-11
7.64875	1.0755869256300443e-11
7.6535	4.343483095976229e-12
7.65825	1.7226289494657743e-12
7.663	6.709749888894102e-13
7.66775	2.566740166054279e-13
7.672499999999999	9.64313987632106e-14
7.67725	3.5580824741753175e-14
7.6819999999999995	1.2893610284820899e-14
7.68675	4.588746356835543e-15
7.6915	1.6038898931097709e-15
7.69625	5.5057442421546105e-16
7.701	1.8561732109758713e-16
7.70575	6.145849942167763e-17
7.7105	1.9985102897305157e-17
7.71525	6.38251449303502e-18
7.72	2.0018808044360284e-18
7.72475	6.166597541523977e-19
7.7295	1.865580442452082e-19
7.734249999999999	5.542980358011492e-20
7.739	1.6174605002781922e-20
7.7437499999999995	4.635376473887531e-21
7.7485	1.3046599340210159e-21
7.7532499999999995	3.6063728366604844e-22
7.758	9.79050076449839e-23
7.76275	2.6103585982099503e-23
7.7675	6.835281803735014e-24
7.77225	1.7578170009836532e-24
7.777	4.439682175711357e-25
7.78175	1.1012630978684364e-25
7.7865	2.682818402959357e-26
7.79125	6.41877941802337e-27
7.795999999999999	1.508254433484174e-27
7.80075	3.48062916093459e-28
7.805499999999999	7.888635376467725e-29
7.81025	1.755929179486834e-29
7.8149999999999995	3.838602072905225e-30
7.81975	8.24138448473181e-31
7.8245	1.737753782740082e-31
7.82925	3.5986308108307517e-32
7.834	7.31892556006244e-33
7.83875	1.4619023043245385e-33
7.8435	2.867809875236869e-34
7.84825	5.525140747695901e-35
7.853	1.0454356847932745e-35
7.85775	1.9427292508846264e-36
7.8625	3.5455876245759613e-37
7.867249999999999	6.35514042237129e-38
7.872	1.1187242804017893e-38
7.8767499999999995	1.9341135227896592e-39
7.8815	3.283990132105653e-40
7.8862499999999995	5.476242988180944e-41
7.891	8.96859806863408e-42
7.89575	1.4425384479464585e-42
7.9005	2.2787213305819134e-43
7.90525	3.5352165585183647e-44
7.91	5.386439824317683e-45
7.91475	8.06025138074407e-46
7.9195	1.18455804203242e-46
7.92425	1.7097203817581364e-47
7.928999999999999	2.423565809569918e-48
7.93375	3.374003507505642e-49
7.9384999999999994	4.613146290286288e-50
7.94325	6.194552084235314e-51
7.9479999999999995	8.16927611943758e-52
7.95275	1.0580793204272256e-52
7.9575	1.3459033128170815e-53
7.96225	1.6813978292186138e-54
7.967	2.0629470797103895e-55
7.97175	2.4858028221828225e-56
7.9765	2.941753310302293e-57
7.98125	3.419060687724564e-58
7.986	3.9027286160250654e-59
7.99075	4.375129181731196e-60
7.9955	4.8169750093371016e-61
8.00025	5.208574618404586e-62
8.004999999999999	5.531263805105208e-63
8.00975	5.76887114117771e-64
8.0145	5.909058494859251e-65
8.01925	5.944382194698918e-66
8.024000000000001	5.872947854123606e-67
8.028749999999999	5.69857868694669e-68
8.0335	5.430476501381453e-69
8.03825	5.0824172069874386e-70
8.043	4.6715787168891965e-71
8.04775	4.217139955234507e-72
8.0525	3.738809538523959e-73
8.05725	3.2554396919280856e-74
8.062	2.7838571818616013e-75
8.066749999999999	2.3380039079281636e-76
8.0715	1.9284327521771713e-77
8.07625	1.5621572530524342e-78
8.081	1.2428135652074198e-79
8.08575	9.710647845602025e-81
8.090499999999999	7.451632176546975e-82
8.09525	5.615851283359515e-83
8.1	4.1566242998914895e-84
8.10475	3.021530138581524e-85
8.1095	2.157118847642044e-86
8.11425	1.5124540910928082e-87
8.119	1.041480908168852e-88
8.123750000000001	7.043384703984042e-90
8.128499999999999	4.678132208138879e-91
8.13325	3.0515785754078332e-92
8.138	1.9549587929302514e-93
8.14275	1.230018498158476e-94
8.1475	7.600578740142278e-96
8.152249999999999	4.6125667804449235e-97
8.157	2.7491577180002466e-98
8.16175	1.609228181041661e-99
8.1665	9.251168421480773e-101
8.17125	5.223198493033304e-102
8.176	2.89625940879037e-103
8.18075	1.577245763663578e-104
8.185500000000001	8.435722137376507e-106
8.190249999999999	4.431044864678332e-107
8.195	2.285867290048997e-108
8.19975	1.158128804768134e-109
8.2045	5.7626693105025915e-111
8.20925	2.8161223410195267e-112
8.213999999999999	1.351575535523272e-113
8.21875	6.370743369596391e-115
8.2235	2.94917731236363e-116
8.22825	1.3408266775489654e-117
8.233	5.986946604170874e-119
8.23775	2.6254219507515837e-120
8.2425	1.130716745004625e-121
8.247250000000001	4.7826601347383326e-123
8.251999999999999	1.986763629962478e-124
8.25675	8.105575710861893e-126
8.2615	3.2477494424719447e-127
8.26625	1.2780332466653145e-128
8.271	4.93927004548221e-130
8.275749999999999	1.8747543719322016e-131
8.2805	6.988548180625935e-133
8.28525	2.558530136552555e-134
8.29	9.199306623230793e-136
8.29475	3.2484832892045057e-137
8.2995	1.1265932997732028e-138
8.30425	3.8372021188595245e-140
8.309000000000001	1.2835806805405178e-141
8.313749999999999	4.216893692325041e-143
8.3185	1.3605769777507737e-144
8.32325	4.311362778798642e-146
8.328	1.3417357842798788e-147
8.33275	4.100911733839738e-149
8.337499999999999	1.2309908523368413e-150
8.34225	3.629027122695231e-152
8.347	1.0507190035109068e-153
8.35175	2.987747864645862e-155
8.3565	8.343769286167141e-157
8.36125	2.2884509784096e-158
8.366	6.164273863810825e-160
8.370750000000001	1.6307343568289279e-161
8.375499999999999	4.2368735417148286e-163
8.38025	1.0811072181942382e-164
8.385	2.70927454638913e-166
8.38975	6.668040842261375e-168
8.3945	1.6117752043701907e-169
8.399249999999999	3.826235298386842e-171
8.404	8.92071905556847e-173
8.40875	2.0426268435890027e-174
8.413499999999999	4.593452104777027e-176
8.41825	1.0144959893300894e-177
8.423	2.2005055136873223e-179
8.42775	4.6876542569593443e-181
8.432500000000001	9.807304693347877e-183
8.437249999999999	2.0151377954298176e-184
8.442	4.066500346675327e-186
8.44675	8.059310039902512e-188
8.4515	1.5686855554439302e-189
8.45625	2.9987130966325045e-191
8.460999999999999	5.629825318922244e-193
8.46575	1.0380443475095821e-194
8.4705	1.8797404218357737e-196
8.475249999999999	3.3430343407013893e-198
8.48	5.839084762407278e-200
8.48475	1.0016354947520376e-201
8.4895	1.687468277003954e-203
8.494250000000001	2.792045638020235e-205
8.498999999999999	4.53701685984312e-207
8.50375	7.240678393293734e-209
8.5085	1.1348778179251543e-210
8.51325	1.746947853824323e-212
8.518	2.6410204266135223e-214
8.52275	3.92125028693618e-216
8.5275	5.717923641112912e-218
8.53225	8.188665366515795e-220
8.536999999999999	1.1517252305406466e-221
8.54175	1.5909100399256865e-223
8.5465	2.1582579477931522e-225
8.55125	2.8755575234026175e-227
8.556	3.7627187300623155e-229
8.56075	4.835511665333482e-231
8.5655	6.103010259358886e-233
8.57025	7.564961973446681e-235
8.575	9.209379785462986e-237
8.57975	1.1010701819867001e-238
8.5845	1.2928871076224256e-240
8.58925	1.490964120650454e-242
8.594	1.6886310270913188e-244
8.598749999999999	1.8782929208559412e-246
8.6035	2.0518842749742568e-248
8.60825	2.2014224409394897e-250
8.613	2.3196096135174485e-252
8.61775	2.4004208771832804e-254
8.6225	2.4396126420860023e-256
8.62725	2.43509180832389e-258
8.632	2.3871009676505586e-260
8.63675	2.298196836721011e-262
8.6415	2.1730245901046734e-264
8.64625	2.017915813759254e-266
8.651	1.8403584996118166e-268
8.65575	1.648400749847847e-270
8.660499999999999	1.4500539481561393e-272
8.66525	1.252756028866722e-274
8.67	1.062942635669318e-276
8.67475	8.857560714521997e-279
8.679499999999999	7.249022254412103e-281
8.68425	5.826472657855988e-283
8.689	4.5993131185300546e-285
8.69375	3.565670648161296e-287
8.6985	2.714878883504933e-289
8.70325	2.030115175716555e-291
8.708	1.490911554201877e-293
8.71275	1.0753357089544577e-295
8.7175	7.617232990983644e-298
8.722249999999999	5.2992132449951086e-300
8.727	3.6206499400969213e-302
8.73175	2.4295322209957074e-304
8.7365	1.601104851558729e-306
8.741249999999999	1.036281794382255e-308
8.746	6.587140821506e-311
8.75075	4.11222635524e-313
8.7555	2.52126248e-315
8.76025	1.518169e-317
8.765	8.978e-320
8.76975	5.24e-322
8.7745	5e-324
8.77925	0.0
8.783999999999999	0.0
8.78875	0.0
8.7935	0.0
8.79825	0.0
8.802999999999999	0.0
8.80775	0.0
8.8125	0.0
8.81725	0.0
8.822	0.0
8.82675	0.0
8.8315	0.0
8.83625	0.0
8.841	0.0
8.84575	0.0
8.8505	0.0
8.85525	0.0
8.86	0.0
8.864749999999999	0.0
8.8695	5e-324
8.87425	8e-322
8.879	1.3843e-319
8.88375	2.3488923e-317
8.8885	3.914230223e-315
8.89325	6.40605413207e-313
8.898	1.0296647073271e-310
8.90275	1.62540665936487e-308
8.9075	2.5199343520346717e-306
8.91225	3.83687281764711e-304
8.917	5.737551081421453e-302
8.92175	8.426296001156149e-300
8.926499999999999	1.2153681238023431e-297
8.93125	1.721630535401444e-295
8.936	2.3951518732449645e-293
8.94075	3.2725564075553985e-291
8.9455	4.391392036864669e-289
8.95025	5.78733022099609e-287
8.955	7.490577501257728e-285
8.95975	9.521674360477885e-283
8.9645	1.1887001896605945e-280
8.96925	1.457445501199843e-278
8.974	1.754984562499012e-276
8.97875	2.075464272822206e-274
8.9835	2.4105614534475697e-272
8.988249999999999	2.749679893712013e-270
8.993	3.080399562419954e-268
8.99775	3.389166871746449e-266
9.0025	3.6621812676293023e-264
9.007249999999999	3.8864018631355915e-262
9.012	4.050573891471799e-260
9.01675	4.1461632423266986e-258
9.0215	4.1680912645680304e-256
9.02625	4.115181807116105e-254
9.031	3.9902657341653257e-252
9.03575	3.7999299894624726e-250
9.0405	3.55394216628551e-248
9.04525	3.2644205401494295e-246
9.049999999999999	2.944847652222769e-244
9.05475	2.6090388551612114e-242
9.0595	2.270174527266525e-240
9.06425	1.939987494281497e-238
9.068999999999999	1.6281694400498458e-236
9.07375	1.3420269963232898e-234
9.0785	1.0863853239450872e-232
9.08325	8.637091341521148e-231
9.088	6.743915492554991e-229
9.09275	5.171514077041528e-227
9.0975	3.8947921627482e-225
9.10225	2.8807916414999434e-223
9.107	2.0926682909056863e-221
9.111749999999999	1.4929660217421304e-219
9.1165	1.0460692561648284e-217
9.12125	7.198333068395947e-216
9.126	4.864793627733647e-214
9.130749999999999	3.2289244977764844e-212
9.1355	2.1048073083653993e-210
9.14025	1.3474969185214984e-208
9.145	8.47235613387959e-207
9.14975	5.231685272485256e-205
9.1545	3.172780307233058e-203
9.15925	1.8897283451737997e-201
9.164	1.1054007070397223e-199
9.16875	6.3504000253965846e-198
9.1735	3.5829719908527627e-196
9.17825	1.985394103166269e-194
9.183	1.0804658050037677e-192
9.18775	5.77479152441358e-191
9.192499999999999	3.0312557423918443e-189
9.19725	1.5626792000936767e-187
9.202	7.911850439274823e-186
9.20675	3.934117176574499e-184
9.2115	1.921221764115552e-182
9.21625	9.214434539116787e-181
9.221	4.340311154639057e-179
9.22575	2.0078627625922223e-177
9.2305	9.122380239222828e-176
9.23525	4.070458209033945e-174
9.24	1.78377229593072e-172
9.24475	7.67708790492704e-171
9.2495	3.244999221403088e-169
9.254249999999999	1.3470808585291343e-167
9.259	5.49204032972464e-166
9.26375	2.1990482326829155e-164
9.2685	8.647623577335477e-163
9.273249999999999	3.3397947942906215e-161
9.278	1.2667875152366296e-159
9.28275	4.718986666674921e-158
9.2875	1.726452804088587e-156
9.29225	6.203283870110072e-155
9.297	2.1890192715463717e-153
9.30175	7.5864482400461e-152
9.3065	2.5821912065229633e-150
9.31125	8.631758500579012e-149
9.315999999999999	2.83381274419785e-147
9.32075	9.137007924887586e-146
9.3255	2.893329124588805e-144
9.33025	8.998138227929267e-143
9.334999999999999	2.7483273943060664e-141
9.33975	8.244138091156317e-140
9.3445	2.4287512282051887e-138
9.34925	7.027191574086005e-137
9.354	1.9968320473557234e-135
9.35875	5.572656417533824e-134
9.3635	1.5273690337564724e-132
9.36825	4.111371110674171e-131
9.373	1.0869019378029334e-129
9.377749999999999	2.8219871430873287e-128
9.3825	7.195826494882333e-127
9.38725	1.8020520051998112e-125
9.392	4.4321550165277915e-124
9.396749999999999	1.0705909004966713e-122
9.4015	2.5397626873927e-121
9.40625	5.917301714434994e-120
9.411	1.3539894294072134e-118
9.41575	3.0427608405940493e-117
9.4205	6.715546297945105e-116
9.42525	1.4556463016122541e-114
9.43	3.098784390692026e-113
9.43475	6.478699589277536e-112
9.439499999999999	1.3302868871139439e-110
9.44425	2.6826484403887993e-109
9.449	5.3130413890337625e-108
9.45375	1.0334360815045509e-106
9.458499999999999	1.9741721750275155e-105
9.46325	3.703799059089027e-104
9.468	6.82449927863653e-103
9.47275	1.2349664288878647e-101
9.4775	2.194828022127158e-100
9.48225	3.830953012757984e-99
9.487	6.567107702527372e-98
9.49175	1.105611219268143e-96
9.4965	1.828065362455294e-95
9.50125	2.9685337251343975e-94
9.506	4.734272362334202e-93
9.51075	7.415244506890855e-92
9.5155	1.140666526236104e-90
9.520249999999999	1.7232683146454248e-89
9.525	2.556866736193535e-88
9.52975	3.725840577289795e-87
9.5345	5.332138577263475e-86
9.53925	7.494446643324033e-85
9.544	1.0345195465738709e-83
9.54875	1.402486902565889e-82
9.5535	1.8673250023807568e-81
9.55825	2.441754488925117e-80
9.563	3.1357762175906566e-79
9.56775	3.9550239141437664e-78
9.5725	4.8990757004734554e-77
9.57725	5.959916445529538e-76
9.581999999999999	7.120773582704965e-75
9.58675	8.355552398537967e-74
9.5915	9.629065521066683e-73
9.59625	1.0898183127558744e-71
9.600999999999999	1.2113929596585346e-70
9.60575	1.3224430359470844e-69
9.6105	1.4178486928827661e-68
9.61525	1.4929449186760398e-67
9.62	1.5438982232288413e-66
9.62475	1.5680306028141655e-65
9.6295	1.5640527135083954e-64
9.63425	1.5321780004466206e-63
9.639	1.4741037232641393e-62
9.643749999999999	1.3928612251982119e-61
9.6485	1.2925538291805823e-60
9.65325	1.1780138953513383e-59
9.658	1.0544188772120764e-58
9.662749999999999	9.269086100010485e-58
9.6675	8.002425593295406e-57
9.67225	6.785273499397934e-56
9.677	5.6503331549494374e-55
9.68175	4.621061385842818e-54
9.6865	3.711678955528528e-53
9.69125	2.9279257287575156e-52
9.696	2.2683532709056764e-51
9.70075	1.7259265624477106e-50
9.705499999999999	1.2897184657279004e-49
9.71025	9.46517194533078e-49
9.715	6.822178560976471e-48
9.71975	4.829238355924712e-47
9.724499999999999	3.35733891952829e-46
9.72925	2.2923066445119768e-45
9.734	1.5371322205892862e-44
9.73875	1.0123034654597237e-43
9.7435	6.547435151061196e-43
9.74825	4.159035930649368e-42
9.753	2.5946281381395293e-41
9.75775	1.5897123914457235e-40
9.7625	9.565837080247549e-40
9.76725	5.6531223509004466e-39
9.772	3.2810645510954836e-38
9.77675	1.8702607039102577e-37
9.7815	1.0470092242388185e-36
9.786249999999999	5.7565177926731054e-36
9.791	3.1083518968383575e-35
9.79575	1.6483957727502515e-34
9.8005	8.585266668607397e-34
9.80525	4.391441192296e-33
9.81	2.2060804084088335e-32
9.81475	1.088420189042803e-31
9.8195	5.273911340109394e-31
9.82425	2.5097475842589552e-30
9.829	1.1729736328769524e-29
9.83375	5.384029605138056e-29
9.8385	2.427099682126485e-28
9.84325	1.0745553037505193e-27
9.847999999999999	4.67230209913011e-27
9.85275	1.9952349484828075e-26
9.8575	8.367932259205514e-26
9.86225	3.446698164739997e-25
9.866999999999999	1.394277871049855e-24
9.87175	5.5393193161121734e-24
9.8765	2.161346772293248e-23
9.88125	8.282348248567573e-23
9.886	3.117048124697653e-22
9.89075	1.1521115015162522e-21
9.8955	4.182216407764097e-21
9.90025	1.4910062895338504e-20
9.905	5.220516034049732e-20
9.909749999999999	1.795181553994283e-19
9.9145	6.062675238178199e-19
9.91925	2.0108571382606957e-18
9.924	6.550268676495047e-18
9.928749999999999	2.0955498457085484e-17
9.9335	6.584121882487018e-17
9.93825	2.0316959388566557e-16
9.943	6.157161538408541e-16
9.94775	1.832581794285062e-15
9.9525	5.3568214661508635e-15
9.95725	1.53784286296806e-14
9.962	4.335884802702491e-14
9.96675	1.200617014198063e-13
9.971499999999999	3.265068044678349e-13
9.97625	8.720491518633205e-13
9.981	2.2874450823281355e-12
9.98575	5.892795541775527e-12
9.990499999999999	1.490915584023092e-11
9.99525	3.7046375146496445e-11
