3.934560391567449802e-05
1.399999999999999979e-05
3.100000000000000135e-05
-4.062709999999999932e-01
7.799999999999999859e-05
-5.187159999999999549e-01
8.818059999999999787e-01
1.579999999999999916e-04
3.100000000000000135e-05
-3.469999999999999777e-04
1.069999999999999988e-03
2.226000000000000114e-03
-1.628320999999999907e+00
1.126999999999999964e-03
-8.700000000000000051e-05
-3.310000000000000225e-04
1.800000000000000113e-04
-7.600000000000000418e-05
-1.550000000000000000e-04
5.199999999999999680e-05
-1.640000000000000019e-04
-9.699999999999999963e-05
9.600000000000000243e-05
-2.102249999999999952e-01
2.979999999999999793e-04
-3.139999999999999888e-04
-5.248410000000000020e-01
-1.700000000000000122e-04
-1.210000000000000002e-04
-1.320000000000000101e-04
-5.700000000000000314e-05
7.027200000000000113e-02
-1.350000000000000017e-04
2.599999999999999840e-05
-4.500000000000000283e-05
-3.300000000000000253e-05
9.299999999999999727e-05
-9.100000000000000287e-05
1.359569999999999945e-01
2.060599999999999932e-02
3.999999999999999819e-06
-9.999999999999999547e-07
2.000000000000000164e-05
-6.700000000000000226e-05
-3.699999999999999811e-05
-3.399999999999999973e-05
1.269999999999999970e-04
2.199999999999999943e-05
-2.097060000000000035e-01
-7.299999999999999903e-05
5.348800000000000082e-02
-3.000000000000000076e-05
1.299999999999999920e-05
1.610000000000000103e-04
1.018990000000000035e-01
-7.218999999999999723e-03
-4.199999999999999768e-05
-1.910600000000000076e-01
-6.399999999999999710e-05
9.999999999999999547e-07
-2.400000000000000061e-05
5.700000000000000314e-05
6.999999999999999387e-05
4.172599999999999920e-02
-1.129999999999999955e-04
6.149999999999999868e-04
8.938100000000000211e-02
-5.199999999999999680e-05
1.599999999999999928e-05
1.699999999999999987e-05
-2.900000000000000017e-05
6.700000000000000226e-05
-1.000000000000000082e-05
3.999999999999999819e-06
2.099999999999999884e-05
-1.479999999999999925e-04
-2.199999999999999943e-05
-1.740019999999999900e-01
1.167999999999999984e-03
2.876059999999999728e-01
-2.020000000000000040e-04
2.149999999999999947e-04
-6.799999999999999946e-05
-4.600000000000000004e-05
-3.808139999999999858e-01
-2.020000000000000040e-04
-2.699999999999999899e-05
1.440000000000000036e-04
-2.679360000000000075e-01
1.960870000000000113e-01
3.752999999999999826e-03
1.443149999999999988e-01
-1.099999999999999971e-05
-7.600000000000000418e-05
2.599999999999999840e-05
1.767859999999999987e-01
1.009260000000000018e-01
-1.620000000000000075e-04
-1.019999999999999992e-04
-3.000000000000000076e-06
2.199999999999999943e-05
