-1.573824156626979921e-04
-1.999999999999999909e-06
-5.761100000000000249e-02
-2.799999999999999958e-05
6.099999999999999872e-05
1.069999999999999988e-04
-9.999999999999999547e-07
-6.799999999999999946e-05
5.000000000000000409e-06
4.340000000000000108e-02
1.720000000000000066e-04
8.114899999999999891e-02
-7.999999999999999638e-06
-1.410000000000000120e-04
2.978290000000000104e-01
-1.800000000000000046e-05
1.399999999999999979e-05
-1.099999999999999971e-05
-1.740000000000000010e-04
-2.989419999999999855e-01
1.816399999999999959e-02
-3.521560000000000246e-01
-7.100000000000000462e-05
6.799999999999999946e-05
6.611599999999999422e-02
5.899999999999999754e-05
7.100000000000000462e-05
8.000000000000000654e-05
-7.600000000000000418e-05
1.409920000000000062e-01
5.000000000000000409e-06
-2.199999999999999943e-05
-6.000000000000000152e-06
-3.999999999999999819e-06
-6.999999999999999387e-05
1.150019999999999931e-01
-1.500000000000000038e-05
-7.399999999999999623e-05
4.399999999999999886e-05
3.199999999999999855e-05
1.600000000000000131e-04
2.843499999999999847e-02
-7.600000000000000418e-05
2.058879999999999877e-01
-5.000000000000000240e-05
9.299999999999999727e-05
3.056980000000000253e-01
-4.629999999999999567e-03
2.369999999999999874e-04
1.313870000000000038e-01
1.200000000000000030e-05
-2.400000000000000061e-05
-3.999999999999999819e-06
7.399999999999999623e-05
6.700000000000000226e-05
1.800000000000000046e-05
9.999999999999999547e-07
2.300000000000000002e-05
-5.060000000000000478e-04
9.024400000000000477e-02
-1.500000000000000038e-05
1.100000000000000039e-04
-4.682859999999999800e-01
-2.759999999999999867e-04
-3.135799999999999699e-02
2.000000000000000164e-05
1.399999999999999979e-05
-1.320000000000000101e-04
-6.120000000000000223e-04
-4.396740000000000093e-01
-1.410000000000000120e-04
-6.480299999999999949e-02
-1.530000000000000056e-04
-4.209330000000000016e-01
1.082609999999999961e-01
-1.900000000000000105e-05
3.730000000000000134e-04
2.939999999999999905e-04
-1.029999999999999964e-04
-3.300000000000000253e-05
2.039999999999999984e-04
-5.800000000000000034e-05
-8.625770000000000381e-01
7.790500000000000203e-02
3.800000000000000209e-05
1.721500000000000113e-02
4.260000000000000006e-04
5.260409999999999808e-01
2.149999999999999947e-04
7.399999999999999623e-05
-1.099999999999999971e-05
-1.200000000000000030e-05
8.200000000000000095e-05
-4.360000000000000269e-04
-2.259999999999999910e-04
-5.199999999999999680e-05
-5.779999999999999548e-04
7.590000000000000175e-04
-4.962079999999999824e-01
1.440000000000000036e-04
5.199999999999999680e-05
