6.528144717990080892e+00
-6.615105663188253042e-05
-8.977296126376510012e-05
-1.014472966557572437e-04
1.177761568653164836e+00
-2.645495966048044497e-04
7.194855604148607173e-05
-2.491165263203659955e-02
-8.614949974840061214e-05
1.568569425704246286e-04
-1.527035350896685154e-05
5.562966871190372066e-05
5.773333173623495585e-05
2.493251622336656857e-04
-4.775861748739761170e-05
1.122287611871193302e+00
-6.380535005395072739e-04
-1.242046224024319745e+00
-1.024697270230903170e-03
-1.435258877352315818e-03
4.472681932376016724e-03
1.406895024561664043e+00
1.685695373888131143e-04
-2.499286212655129824e-05
5.140374381367492779e-05
-5.253660175266549839e-05
-2.375330019296657209e-05
-6.901902227229504921e-05
9.049825590505115077e-05
-1.143323696525785688e-04
4.581339026163254994e-05
5.492270208898797834e-04
5.779586078590532860e-01
-4.873934844044171591e-04
-3.312685955366183599e-01
3.395887405725570973e-04
1.079067621965390582e-04
-2.348468899163432607e-04
5.169528788931305487e-05
1.463089669120788011e-04
4.097056988134948312e-05
-6.333234229200136456e-01
9.204299833845873359e-05
-4.318953153559520293e-04
5.885145636598487458e-05
1.912846724772394147e+00
1.306472927833946538e-04
-1.880260493967137890e-04
-4.297696777021144630e-04
1.361700226154517941e-04
6.026688788803265858e-04
-9.177285722621922881e-01
-2.012179655582586814e-04
1.021371840135673503e+00
-2.767442306776279025e-03
9.515948923429675809e-04
-6.379665329662650985e-05
-1.298746515360365856e-04
-4.650566420870450599e-05
2.459220673824156545e-04
2.043972729635315233e-01
5.555307271758435630e-04
4.699371182823283461e-04
5.220970224332894508e-05
-1.092947459075755854e-03
-2.360803375250617897e+00
7.172203188881875243e-04
1.823411138094541695e+00
-8.049697606912072870e-04
-3.207602487934278204e-04
-4.077674906011538461e-04
-1.346629434678810355e+00
-8.215938207362348262e-05
-6.185041351536444602e-05
-2.158238768907524781e-05
2.057242966869184467e-03
1.383674302703643333e+00
9.667740241014351199e-02
5.466929196429306994e-04
-1.662526130979547357e-04
2.302360230216259507e-03
8.621662848758246834e-04
2.105391449702932682e+00
2.514660640881351186e-03
1.328820928751932653e-03
-2.649098408002101233e-05
7.680814747055062343e-04
-4.272059362309037840e-04
-3.900183941814461155e-04
1.230937000121658091e-04
1.302482552609005385e-05
-8.164033655170403780e-05
-2.083152699878343763e-04
-1.961256268797584301e-01
1.098752468610997811e-03
-1.335499559283437841e-04
5.653469309432310741e-01
9.288240515110993915e-04
1.062675970083802740e-01
-1.171768943411011970e-03
-1.096400249434691387e+00
