1.438357033947757735e+01
2.794119969473194830e-04
2.467158263766030504e-04
1.308928744193822724e-04
2.150026686768766737e+00
2.669054626319744029e-04
1.838345521801291375e-04
2.957802476051397456e+00
3.824589113586337043e-04
2.390323407721134331e-04
2.679537856473598054e-04
5.074698313183974513e-04
2.347839905231948159e-04
2.721554170951549952e-03
5.221841762909539865e-03
5.345982540670532579e+00
5.005938986573052994e-03
9.604086713311108525e+00
5.256215298399567054e-03
6.938726192988839414e-03
9.815449904212677351e-03
2.337423054605848094e+00
5.714277487402301924e-04
4.048519389864415697e-04
5.732594387025875034e-05
5.048912879638262205e-04
8.685165644538269715e-05
2.887991976202396822e-04
3.120625705832415654e-04
1.072267623935882789e-03
2.620481355996237289e-04
9.739934469791825455e-04
1.273735487301231428e+00
1.107667313497981160e-03
1.340991158666074989e+00
6.811225400043339345e-04
3.340377837275783053e-04
4.881391258036352058e-04
8.576565061657458894e-05
2.738020148800715862e-04
1.374780281354080801e-04
7.877398863638598314e-01
6.145966036350576514e-04
8.880982678870370231e-04
8.356427014724025640e-04
4.279882291152316220e+00
3.070007383284338001e-04
3.040310776475846138e-04
6.258542318329989940e-04
1.650479400069732819e-04
1.372435078086234718e-03
2.976538713079233567e+00
2.717136594498047349e-03
2.855126264281850901e+00
8.050522067886537597e-03
2.136562834400495582e-03
2.865761013365668254e-04
8.468684950786816877e-04
8.782311629940992709e-04
3.435926501370928561e-04
2.127054117804758615e+00
2.684862181923737025e-03
6.734628942485129102e-04
4.390434221432684930e-04
1.793973702780889612e-03
2.495635898340037517e+00
7.440832446220407067e-04
1.938936490325047890e+00
1.112222413312486616e-03
8.936418884116299928e-04
1.328228433608827754e-03
3.692169858223885104e+00
5.738611435798010975e-04
5.557147070967921555e-04
3.201617355535884830e-04
4.595572054554387942e-03
3.076398024143217391e+00
3.663552798611474870e+00
2.940852207526947325e-03
2.367680112845958100e-04
3.907612460010037418e-03
9.818989845828333778e-04
2.367501752216855326e+00
2.906832818015852356e-03
1.376466567941821628e-03
2.458867981703035158e-04
7.768478269145740302e-04
7.478701016121013087e-04
7.724653368762915764e-04
4.439560872825469291e-04
1.486535420367500937e-04
2.552169937640916915e-04
5.337329771997726844e-04
5.934869975372735196e-01
3.160777390224189798e-03
3.867350968286168236e-04
2.957839574901821589e+00
5.406306549777330911e-03
1.886407168384139688e+00
2.109289694197672739e-03
1.280169079634971840e+00
