1.256478115504540582e+01
-2.710419964431808656e-04
-2.286255845873198637e-04
8.174496160436407006e-05
1.761020546459760139e+00
-6.522498418959899027e-06
-1.610982777206932119e-04
2.944794817521621422e+00
-3.723434811477270437e-04
-1.802917314171660493e-04
2.258423391459327698e-04
-5.006305522855862512e-04
8.705678314234417464e-05
-2.707899710773618938e-03
-5.219760636530196111e-03
5.223243983022054060e+00
4.963726969087016265e-03
9.520130547654837017e+00
5.144461369376190571e-03
6.784863971070873370e-03
-8.731101337700662365e-03
-1.861332810453440789e+00
5.363218934503572941e-04
-3.978220594638141763e-04
1.278289028199785970e-05
5.020284177269723281e-04
7.837110114772693895e-05
-2.470337330107650058e-04
2.965194538621410375e-04
1.016960440440489765e-03
-7.609315100269115019e-05
8.017806443304392478e-04
1.130261844344415234e+00
3.094343962864831536e-04
5.598848579791801949e-01
-5.832907670062789998e-04
-3.107375089955146307e-04
-1.735104413965280628e-05
-2.604754855861178672e-06
-1.980050297242816424e-04
1.162690875801432457e-04
2.622355873178375610e-02
-2.016296151558005290e-04
-6.292477534539454897e-04
6.859501647063402045e-04
9.242692258168735409e-01
1.957654398567585806e-04
-2.311344537135168165e-04
-2.683290682846889235e-04
8.725526786393516545e-05
9.734063017242817464e-04
-2.752323740826980281e+00
2.064364960721589478e-03
-4.305437640518774423e-01
5.133633314234450819e-04
-4.577802401324766453e-04
-2.603905074297248583e-04
8.345290735837314258e-04
-8.468814165962905167e-04
1.679270578693174449e-04
1.957509275117637726e+00
2.396600191503285050e-03
-4.650754781423447975e-04
-4.084493398711116878e-04
-1.252298309747605599e-03
8.083066453677781871e-01
-1.980284194351071927e-04
-6.512261856592077569e-01
7.454685241414473655e-04
7.244736210071767808e-04
1.208271206143241060e-03
3.419537053837465646e+00
-5.671834550080740453e-04
-5.013240571531093256e-04
-3.186131217296639265e-04
4.106711643112134595e-03
2.741772789013594114e+00
-3.653694121902544278e+00
2.882772266482651943e-03
1.552732944360043750e-04
-3.142929510204242605e-03
-3.271124360107649357e-04
-9.785660920537664342e-01
-1.262981892741326653e-03
-1.259331629982058634e-04
-2.376410245720692841e-04
6.762423886572905087e-05
-5.686413992918657855e-04
-6.660859028684203978e-04
-4.245291808648318332e-04
1.480561560035882553e-04
6.229795743959256390e-05
4.720447058585525114e-04
5.489736789311484566e-01
2.906742136787974530e-03
3.305381468576554975e-04
2.864082897060654886e+00
5.147980485125589790e-03
1.794896199753945654e+00
-1.750697798898023533e-03
-5.301915592652022280e-01
