   1    1   0.00000    5.57060    10.00 100.00     -0.00000  -0.00000   0.00000 
   2    2   0.09560    5.63780    10.00 100.00      0.00000   0.83200  -0.00000 
   3    3   0.02440    6.44400    10.00 100.00      0.00000  -0.39350  -0.00000 
   4    4   0.03440    6.58330    10.00 100.00      0.00000   0.00000  -0.46210 
   5    5   0.00000    7.61090    10.00 100.00      0.00000  -0.00000  -0.00000 
   6    6   0.19270    9.71130    10.00 100.00     -0.00000   0.89990   0.00000 
   7    7   0.17690    9.95380    10.00 100.00     -0.00000   0.85170  -0.00000 
   8    8   0.00000   10.72050    10.00 100.00     -0.00000  -0.00000  -0.00170 
   9    9   0.00000   10.97740    10.00 100.00      0.00000   0.00000  -0.00000 
  10   10   0.03840   12.10600    10.00 100.00     -0.00000  -0.35990  -0.00000 
  11   11   0.24030   12.16130    10.00 100.00      0.00000   0.00000  -0.89820 
  12   12   0.00630   13.83580    10.00 100.00     -0.13600  -0.00000  -0.00000 
  13   13   0.00050   13.95870    10.00 100.00      0.00000  -0.00000  -0.03860 
  14   14   0.01890   14.69520    10.00 100.00      0.00000  -0.22890  -0.00000 
  15   15   0.08760   14.72820    10.00 100.00      0.00000  -0.00000  -0.49280 
  16   16   0.04290   14.74530    10.00 100.00     -0.00000   0.34450  -0.00000 
  17   17   0.04520   15.52730    10.00 100.00     -0.00000   0.00000   0.34480 
  18   18   0.11930   15.54260    10.00 100.00     -0.55970   0.00000  -0.00000 
  19   19   0.00000   15.64840    10.00 100.00     -0.00780  -0.00000   0.00000 
  20   20   0.09580   15.92870    10.00 100.00      0.49550  -0.00000  -0.00000 
  21   21   0.00190   16.12830    10.00 100.00      0.00000  -0.00000  -0.06940 
  22   22   0.00350   16.28560    10.00 100.00     -0.00000  -0.09340  -0.00000 
  23   23   0.13320   16.42960    10.00 100.00     -0.00000   0.00000  -0.57520 
  24   24   0.00000   16.49860    10.00 100.00     -0.00000  -0.00000   0.00000 
  25   25   0.00780   16.58100    10.00 100.00     -0.13900   0.00000  -0.00000 
  26   26   0.00000   16.64050    10.00 100.00     -0.00000   0.00000   0.00000 
  27   27   0.05690   16.81800    10.00 100.00      0.00000  -0.37160   0.00000 
  28   28   0.00790   17.21340    10.00 100.00      0.00000   0.00000   0.13680 
  29   29   0.02820   17.68510    10.00 100.00     -0.00000  -0.00000   0.25530 
  30   30   0.00460   17.75500    10.00 100.00     -0.00000  -0.10270  -0.00000 
state state   Osc.      E(eV)      dum   dum        TrDx      TrDy       TrDz 
