 Ground state dipole moment in X,Y,Z:   -0.000000   -0.000000   -0.041251 a.u.

 Transition dipole moment between ground state (0) and excited states (a.u.)
     i     j         X             Y             Z        Diff.(eV)   Oscil.str
     0     1     0.0000000    -0.0000000    -0.0000000     5.57060     0.00000
     0     2     0.0000000     0.8321253    -0.0000000     5.63780     0.09564
     0     3     0.0000000    -0.3935225     0.0000000     6.44400     0.02445
     0     4     0.0000000    -0.0000000    -0.4621359     6.58330     0.03445
     0     5    -0.0000000    -0.0000000     0.0000000     7.61090     0.00000
     0     6    -0.0000000     0.8997868    -0.0000000     9.71130     0.19263
     0     7    -0.0000000     0.8517205     0.0000000     9.95380     0.17691
     0     8     0.0000000    -0.0000000    -0.0016540    10.72050     0.00000
     0     9     0.0000000     0.0000000     0.0000000    10.97740     0.00000
     0    10    -0.0000000    -0.3598687    -0.0000000    12.10600     0.03841
     0    11    -0.0000000    -0.0000000    -0.8981575    12.16130     0.24035
     0    12    -0.1359939    -0.0000000     0.0000000    13.83580     0.00627
     0    13    -0.0000000     0.0000000    -0.0385314    13.95870     0.00051
     0    14    -0.0000000    -0.2288049    -0.0000000    14.69520     0.01885
     0    15    -0.0000000     0.0000000    -0.4927480    14.72820     0.08761
     0    16    -0.0000000     0.3445015     0.0000000    14.74530     0.04287
     0    17    -0.0000000     0.0000000     0.3448007    15.52730     0.04523
     0    18    -0.5596896    -0.0000000     0.0000000    15.54260     0.11928
     0    19    -0.0077492    -0.0000000     0.0000000    15.64840     0.00002
     0    20     0.4955433    -0.0000000     0.0000000    15.92870     0.09583
     0    21     0.0000000     0.0000000    -0.0694270    16.12830     0.00190
     0    22    -0.0000000    -0.0933389    -0.0000000    16.28560     0.00348
     0    23    -0.0000000     0.0000000    -0.5752006    16.42960     0.13318
     0    24     0.0000000     0.0000000    -0.0000000    16.49860     0.00000
     0    25    -0.1389738     0.0000000     0.0000000    16.58100     0.00785
     0    26    -0.0000000     0.0000000    -0.0000000    16.64050     0.00000
     0    27     0.0000000    -0.3715274     0.0000000    16.81800     0.05687
     0    28     0.0000000    -0.0000000     0.1368554    17.21340     0.00790
     0    29    -0.0000000     0.0000000     0.2552760    17.68510     0.02823
     0    30     0.0000000    -0.1027672    -0.0000000    17.75500     0.00459
 
 Note: In below output the case of i=j corresponds to electronic contribution to dipole moment of excited state i
 Transition dipole moment between excited states (a.u.):
     i     j         X             Y             Z        Diff.(eV)   Oscil.str
     1     1     0.0000000    -0.0000000     5.8574893     0.00000     0.00000
     1     2    -2.2727335     0.0000000     0.0000000     0.06720     0.00850
     1     3     0.1426120     0.0000000     0.0000000     0.87340     0.00044
     1     4     0.0000000     0.0000000     0.0000000     1.01270     0.00000
     1     5    -0.0000000     0.0000000    -0.1603922     2.04030     0.00129
     1     6     1.6456998     0.0000000    -0.0000000     4.14070     0.27475
     1     7     0.1966111     0.0000000    -0.0000000     4.38320     0.00415
     1     8     0.0000000     0.0000000     0.0000000     5.14990     0.00000
     1     9     0.0000000     0.0000000    -0.8330331     5.40680     0.09192
     1    10     0.7442789     0.0000000    -0.0000000     6.53540     0.08870
     1    11     0.0000000     0.0000000    -0.0000000     6.59070     0.00000
     1    12     0.0000000    -0.0837948     0.0000000     8.26520     0.00142
     1    13    -0.0000000    -0.0000000    -0.0000000     8.38810     0.00000
     1    14     0.0852683    -0.0000000    -0.0000000     9.12460     0.00163
     1    15    -0.0000000    -0.0000000    -0.0000000     9.15760     0.00000
     1    16     0.2127463    -0.0000000    -0.0000000     9.17470     0.01017
     1    17    -0.0000000    -0.0000000     0.0000000     9.95670     0.00000
     1    18    -0.0000000    -0.7767633     0.0000000     9.97200     0.14741
     1    19     0.0000000     0.5992706    -0.0000000    10.07780     0.08867
     1    20    -0.0000000     0.3805395    -0.0000000    10.35810     0.03675
     1    21     0.0000000     0.0000000     0.0000000    10.55770     0.00000
     1    22     0.0447500     0.0000000    -0.0000000    10.71500     0.00053
     1    23     0.0000000    -0.0000000    -0.0000000    10.85900     0.00000
     1    24    -0.0000000    -0.0000000     0.2149467    10.92800     0.01237
     1    25     0.0000000    -0.0692564    -0.0000000    11.01040     0.00129
     1    26    -0.0000000    -0.0000000     0.9331011    11.06990     0.23613
     1    27    -0.0197739    -0.0000000     0.0000000    11.24740     0.00011
     1    28     0.0000000    -0.0000000     0.0000000    11.64280     0.00000
     1    29    -0.0000000     0.0000000     0.0000000    12.11450     0.00000
     1    30    -0.0195345     0.0000000     0.0000000    12.18440     0.00011
     2     2    -0.0000000    -0.0000000     5.7061577     0.00000     0.00000
     2     3    -0.0000000     0.0000000    -2.9026516     0.80620     0.16641
     2     4     0.0000000    -3.0759901    -0.0000000     0.94550     0.21917
     2     5     2.1194723     0.0000000     0.0000000     1.97310     0.21715
     2     6     0.0000000    -0.0000000    -0.3413808     4.07350     0.01163
     2     7     0.0000000    -0.0000000     0.3544640     4.31600     0.01329
     2     8     0.0000000     0.5798419     0.0000000     5.08270     0.04187
     2     9     0.6348659    -0.0000000    -0.0000000     5.33960     0.05273
     2    10     0.0000000    -0.0000000     0.1924178     6.46820     0.00587
     2    11     0.0000000    -0.0238837    -0.0000000     6.52350     0.00009
     2    12     0.0000000     0.0000000    -0.0000000     8.19800     0.00000
     2    13    -0.0000000     0.0946171     0.0000000     8.32090     0.00183
     2    14    -0.0000000     0.0000000     0.2884096     9.05740     0.01846
     2    15    -0.0000000     0.1438786     0.0000000     9.09040     0.00461
     2    16     0.0000000     0.0000000     0.6012138     9.10750     0.08065
     2    17    -0.0000000    -0.9715467     0.0000000     9.88950     0.22870
     2    18    -0.0000000     0.0000000     0.0000000     9.90480     0.00000
     2    19    -0.0000000     0.0000000     0.0000000    10.01060     0.00000
     2    20     0.0000000     0.0000000     0.0000000    10.29090     0.00000
     2    21    -0.0000000     0.1208419    -0.0000000    10.49050     0.00375
     2    22    -0.0000000    -0.0000000     0.0471898    10.64780     0.00058
     2    23     0.0000000    -0.1003483    -0.0000000    10.79180     0.00266
     2    24    -0.0078386    -0.0000000    -0.0000000    10.86080     0.00002
     2    25     0.0000000    -0.0000000    -0.0000000    10.94320     0.00000
     2    26    -0.0212894     0.0000000    -0.0000000    11.00270     0.00012
     2    27     0.0000000     0.0000000     0.9611643    11.18020     0.25305
     2    28    -0.0000000    -0.0216586     0.0000000    11.57560     0.00013
     2    29    -0.0000000     0.0269716     0.0000000    12.04730     0.00021
     2    30     0.0000000     0.0000000    -0.0252364    12.11720     0.00019
     3     3    -0.0000000     0.0000000     5.6935012     0.00000     0.00000
     3     4     0.0000000    -0.7303340     0.0000000     0.13930     0.00182
     3     5     0.6921115     0.0000000    -0.0000000     1.16690     0.01369
     3     6     0.0000000     0.0000000    -0.6158352     3.26730     0.03036
     3     7    -0.0000000     0.0000000     2.2184032     3.50980     0.42318
     3     8    -0.0000000    -1.4413763     0.0000000     4.27650     0.21767
     3     9    -1.4669072    -0.0000000    -0.0000000     4.53340     0.23899
     3    10    -0.0000000    -0.0000000    -0.1920660     5.66200     0.00512
     3    11    -0.0000000     1.2730625    -0.0000000     5.71730     0.22701
     3    12     0.0000000     0.0000000    -0.0000000     7.39180     0.00000
     3    13     0.0000000    -0.2240213     0.0000000     7.51470     0.00924
     3    14    -0.0000000     0.0000000    -0.1658779     8.25120     0.00556
     3    15     0.0000000    -0.1001826     0.0000000     8.28420     0.00204
     3    16    -0.0000000     0.0000000    -0.4508136     8.30130     0.04133
     3    17     0.0000000    -0.2210710     0.0000000     9.08330     0.01088
     3    18     0.0000000     0.0000000    -0.0000000     9.09860     0.00000
     3    19    -0.0000000    -0.0000000     0.0000000     9.20440     0.00000
     3    20     0.0000000    -0.0000000    -0.0000000     9.48470     0.00000
     3    21    -0.0000000    -0.8199692     0.0000000     9.68430     0.15952
     3    22    -0.0000000     0.0000000    -0.0038536     9.84160     0.00000
     3    23     0.0000000    -0.5394271    -0.0000000     9.98560     0.07119
     3    24    -0.0011572     0.0000000     0.0000000    10.05460     0.00000
     3    25    -0.0000000     0.0000000     0.0000000    10.13700     0.00000
     3    26    -0.0102845     0.0000000     0.0000000    10.19650     0.00003
     3    27     0.0000000    -0.0000000     0.0343478    10.37400     0.00030
     3    28    -0.0000000    -0.0053867     0.0000000    10.76940     0.00001
     3    29    -0.0000000    -0.0031602     0.0000000    11.24110     0.00000
     3    30     0.0000000    -0.0000000     0.9718106    11.31100     0.26171
     4     4    -0.0000000    -0.0000000     4.8987415     0.00000     0.00000
     4     5     0.0000000    -0.0000000    -0.0000000     1.02760     0.00000
     4     6    -0.0000000    -0.1603154    -0.0000000     3.12800     0.00197
     4     7    -0.0000000    -0.1060426     0.0000000     3.37050     0.00093
     4     8    -0.0000000    -0.0000000    -1.6534681     4.13720     0.27711
     4     9    -0.0000000    -0.0000000     0.0000000     4.39410     0.00000
     4    10    -0.0000000     1.4245584     0.0000000     5.52270     0.27458
     4    11     0.0000000     0.0000000     0.8561435     5.57800     0.10017
     4    12    -0.0257418     0.0000000     0.0000000     7.25250     0.00012
     4    13     0.0000000    -0.0000000    -0.1571296     7.37540     0.00446
     4    14     0.0000000    -0.2684956    -0.0000000     8.11190     0.01433
     4    15    -0.0000000     0.0000000    -0.0397865     8.14490     0.00032
     4    16     0.0000000    -0.3521932    -0.0000000     8.16200     0.02480
     4    17     0.0000000    -0.0000000    -0.1412350     8.94400     0.00437
     4    18    -0.0113303     0.0000000     0.0000000     8.95930     0.00003
     4    19    -0.0203819    -0.0000000    -0.0000000     9.06510     0.00009
     4    20     0.0293216     0.0000000    -0.0000000     9.34540     0.00020
     4    21     0.0000000    -0.0000000     0.0004953     9.54500     0.00000
     4    22    -0.0000000    -1.1796994    -0.0000000     9.70230     0.33081
     4    23    -0.0000000     0.0000000     0.1753999     9.84630     0.00742
     4    24    -0.0000000     0.0000000     0.0000000     9.91530     0.00000
     4    25    -0.0045970    -0.0000000    -0.0000000     9.99770     0.00001
     4    26    -0.0000000     0.0000000    -0.0000000    10.05720     0.00000
     4    27     0.0000000     0.0157533    -0.0000000    10.23470     0.00006
     4    28     0.0000000    -0.0000000    -0.0690899    10.63010     0.00124
     4    29    -0.0000000    -0.0000000     0.7755319    11.10180     0.16359
     4    30     0.0000000     0.0510771     0.0000000    11.17170     0.00071
     5     5     0.0000000    -0.0000000     4.2983347     0.00000     0.00000
     5     6    -1.0675014     0.0000000    -0.0000000     2.10040     0.05864
     5     7    -0.5003018     0.0000000    -0.0000000     2.34290     0.01437
     5     8    -0.0000000     0.0000000     0.0000000     3.10960     0.00000
     5     9     0.0000000     0.0000000     1.4600141     3.36650     0.17581
     5    10    -0.5063564     0.0000000     0.0000000     4.49510     0.02824
     5    11    -0.0000000     0.0000000     0.0000000     4.55040     0.00000
     5    12    -0.0000000     0.0011640    -0.0000000     6.22490     0.00000
     5    13    -0.0000000    -0.0000000    -0.0000000     6.34780     0.00000
     5    14     0.0057014    -0.0000000     0.0000000     7.08430     0.00001
     5    15    -0.0000000    -0.0000000    -0.0000000     7.11730     0.00000
     5    16     0.0454343    -0.0000000     0.0000000     7.13440     0.00036
     5    17     0.0000000    -0.0000000     0.0000000     7.91640     0.00000
     5    18     0.0000000     0.1118162    -0.0000000     7.93170     0.00243
     5    19    -0.0000000    -0.0998113     0.0000000     8.03750     0.00196
     5    20    -0.0000000    -0.2064464     0.0000000     8.31780     0.00869
     5    21    -0.0000000    -0.0000000    -0.0000000     8.51740     0.00000
     5    22    -0.0819461     0.0000000     0.0000000     8.67470     0.00143
     5    23     0.0000000     0.0000000     0.0000000     8.81870     0.00000
     5    24     0.0000000     0.0000000     0.0295673     8.88770     0.00019
     5    25     0.0000000     0.1020940    -0.0000000     8.97010     0.00229
     5    26     0.0000000    -0.0000000     0.1053906     9.02960     0.00246
     5    27     0.0250838    -0.0000000    -0.0000000     9.20710     0.00014
     5    28    -0.0000000    -0.0000000     0.0000000     9.60250     0.00000
     5    29    -0.0000000     0.0000000     0.0000000    10.07420     0.00000
     5    30     0.0407208    -0.0000000    -0.0000000    10.14410     0.00041
     6     6    -0.0000000    -0.0000000     5.2629975     0.00000     0.00000
     6     7    -0.0000000    -0.0000000     2.0156316     0.24250     0.02414
     6     8     0.0000000    -0.2251487    -0.0000000     1.00920     0.00125
     6     9    -0.3724542     0.0000000     0.0000000     1.26610     0.00430
     6    10    -0.0000000    -0.0000000    -0.2055363     2.39470     0.00248
     6    11    -0.0000000    -1.4224481     0.0000000     2.45000     0.12145
     6    12     0.0000000     0.0000000    -0.0000000     4.12450     0.00000
     6    13     0.0000000     0.1953609    -0.0000000     4.24740     0.00397
     6    14    -0.0000000    -0.0000000    -0.2344299     4.98390     0.00671
     6    15    -0.0000000    -0.0098373     0.0000000     5.01690     0.00001
     6    16    -0.0000000    -0.0000000    -0.5394689     5.03400     0.03589
     6    17    -0.0000000     0.2015579     0.0000000     5.81600     0.00579
     6    18    -0.0000000     0.0000000     0.0000000     5.83130     0.00000
     6    19     0.0000000    -0.0000000     0.0000000     5.93710     0.00000
     6    20     0.0000000    -0.0000000    -0.0000000     6.21740     0.00000
     6    21     0.0000000     0.0091488    -0.0000000     6.41700     0.00001
     6    22    -0.0000000    -0.0000000    -0.0297937     6.57430     0.00014
     6    23    -0.0000000    -0.1565134     0.0000000     6.71830     0.00403
     6    24     0.0028822    -0.0000000     0.0000000     6.78730     0.00000
     6    25     0.0000000     0.0000000    -0.0000000     6.86970     0.00000
     6    26     0.0161595     0.0000000     0.0000000     6.92920     0.00004
     6    27     0.0000000     0.0000000     0.0431313     7.10670     0.00032
     6    28     0.0000000     0.0043568    -0.0000000     7.50210     0.00000
     6    29     0.0000000    -0.0183381    -0.0000000     7.97380     0.00007
     6    30     0.0000000     0.0000000    -0.0501307     8.04370     0.00050
     7     7    -0.0000000     0.0000000     4.1946521     0.00000     0.00000
     7     8    -0.0000000    -0.4933471    -0.0000000     0.76670     0.00457
     7     9    -0.6143094     0.0000000     0.0000000     1.02360     0.00946
     7    10    -0.0000000    -0.0000000     0.0244459     2.15220     0.00003
     7    11    -0.0000000    -1.2145905     0.0000000     2.20750     0.07978
     7    12    -0.0000000     0.0000000     0.0000000     3.88200     0.00000
     7    13     0.0000000     0.1565859    -0.0000000     4.00490     0.00241
     7    14     0.0000000    -0.0000000    -0.1852869     4.74140     0.00399
     7    15    -0.0000000    -0.0203669    -0.0000000     4.77440     0.00005
     7    16     0.0000000    -0.0000000    -0.4177771     4.79150     0.02049
     7    17     0.0000000     0.1665944     0.0000000     5.57350     0.00379
     7    18    -0.0000000     0.0000000     0.0000000     5.58880     0.00000
     7    19    -0.0000000    -0.0000000     0.0000000     5.69460     0.00000
     7    20     0.0000000     0.0000000     0.0000000     5.97490     0.00000
     7    21     0.0000000     0.0315836     0.0000000     6.17450     0.00015
     7    22     0.0000000    -0.0000000     0.0226460     6.33180     0.00008
     7    23    -0.0000000    -0.1940681     0.0000000     6.47580     0.00598
     7    24     0.0104101    -0.0000000    -0.0000000     6.54480     0.00002
     7    25     0.0000000     0.0000000    -0.0000000     6.62720     0.00000
     7    26     0.0445555    -0.0000000    -0.0000000     6.68670     0.00033
     7    27    -0.0000000     0.0000000     0.0327670     6.86420     0.00018
     7    28     0.0000000     0.0494543    -0.0000000     7.25960     0.00043
     7    29     0.0000000     0.0275248    -0.0000000     7.73130     0.00014
     7    30    -0.0000000     0.0000000    -0.0723743     7.80120     0.00100
     8     8    -0.0000000    -0.0000000     4.2036251     0.00000     0.00000
     8     9    -0.0000000     0.0000000     0.0000000     0.25690     0.00000
     8    10    -0.0000000    -1.8118044    -0.0000000     1.38550     0.11143
     8    11     0.0000000    -0.0000000    -0.1531093     1.44080     0.00083
     8    12     0.0429103    -0.0000000    -0.0000000     3.11530     0.00014
     8    13    -0.0000000     0.0000000     0.0160807     3.23820     0.00002
     8    14     0.0000000     0.4425934     0.0000000     3.97470     0.01908
     8    15    -0.0000000    -0.0000000     0.0869191     4.00770     0.00074
     8    16     0.0000000     0.6994695     0.0000000     4.02480     0.04824
     8    17     0.0000000     0.0000000     0.0307494     4.80680     0.00011
     8    18     0.0465317    -0.0000000    -0.0000000     4.82210     0.00026
     8    19     0.0459958     0.0000000     0.0000000     4.92790     0.00026
     8    20    -0.0648454    -0.0000000    -0.0000000     5.20820     0.00054
     8    21     0.0000000    -0.0000000    -0.0454648     5.40780     0.00027
     8    22    -0.0000000     0.1527979     0.0000000     5.56510     0.00318
     8    23     0.0000000    -0.0000000     0.0745552     5.70910     0.00078
     8    24     0.0000000    -0.0000000     0.0000000     5.77810     0.00000
     8    25     0.0132269    -0.0000000    -0.0000000     5.86050     0.00003
     8    26     0.0000000    -0.0000000     0.0000000     5.92000     0.00000
     8    27     0.0000000     0.0066966    -0.0000000     6.09750     0.00001
     8    28    -0.0000000     0.0000000     0.0011173     6.49290     0.00000
     8    29     0.0000000     0.0000000    -0.0199254     6.96460     0.00007
     8    30     0.0000000    -0.0331028     0.0000000     7.03450     0.00019
     9     9     0.0000000    -0.0000000     4.5370571     0.00000     0.00000
     9    10    -1.7592034     0.0000000     0.0000000     1.12860     0.08557
     9    11    -0.0000000     0.0000000    -0.0000000     1.18390     0.00000
     9    12    -0.0000000     0.0069226    -0.0000000     2.85840     0.00000
     9    13     0.0000000    -0.0000000    -0.0000000     2.98130     0.00000
     9    14     0.3610095    -0.0000000    -0.0000000     3.71780     0.01187
     9    15     0.0000000     0.0000000    -0.0000000     3.75080     0.00000
     9    16     0.7750659    -0.0000000    -0.0000000     3.76790     0.05545
     9    17     0.0000000    -0.0000000    -0.0000000     4.54990     0.00000
     9    18    -0.0000000     0.0155754    -0.0000000     4.56520     0.00003
     9    19     0.0000000    -0.0151283    -0.0000000     4.67100     0.00003
     9    20    -0.0000000    -0.0383460     0.0000000     4.95130     0.00018
     9    21     0.0000000    -0.0000000    -0.0000000     5.15090     0.00000
     9    22     0.0300954     0.0000000    -0.0000000     5.30820     0.00012
     9    23    -0.0000000     0.0000000     0.0000000     5.45220     0.00000
     9    24    -0.0000000     0.0000000     0.0117943     5.52120     0.00002
     9    25    -0.0000000     0.0007422    -0.0000000     5.60360     0.00000
     9    26    -0.0000000    -0.0000000     0.0249471     5.66310     0.00009
     9    27    -0.0004083    -0.0000000     0.0000000     5.84060     0.00000
     9    28     0.0000000    -0.0000000    -0.0000000     6.23600     0.00000
     9    29     0.0000000    -0.0000000    -0.0000000     6.70770     0.00000
     9    30    -0.0061496    -0.0000000     0.0000000     6.77760     0.00001
    10    10    -0.0000000     0.0000000     2.7332578     0.00000     0.00000
    10    11    -0.0000000    -1.0548681     0.0000000     0.05530     0.00151
    10    12     0.0000000    -0.0000000    -0.0000000     1.72980     0.00000
    10    13     0.0000000     0.0372939    -0.0000000     1.85270     0.00006
    10    14     0.0000000    -0.0000000     0.0125718     2.58920     0.00001
    10    15    -0.0000000    -0.0094245    -0.0000000     2.62220     0.00001
    10    16     0.0000000    -0.0000000    -0.1196751     2.63930     0.00093
    10    17     0.0000000     0.0354129    -0.0000000     3.42130     0.00011
    10    18    -0.0000000    -0.0000000    -0.0000000     3.43660     0.00000
    10    19    -0.0000000     0.0000000     0.0000000     3.54240     0.00000
    10    20     0.0000000     0.0000000    -0.0000000     3.82270     0.00000
    10    21     0.0000000     0.0137644    -0.0000000     4.02230     0.00002
    10    22     0.0000000    -0.0000000     0.0267518     4.17960     0.00007
    10    23    -0.0000000    -0.0949297     0.0000000     4.32360     0.00095
    10    24     0.0187544    -0.0000000    -0.0000000     4.39260     0.00004
    10    25    -0.0000000    -0.0000000     0.0000000     4.47500     0.00000
    10    26     0.0438585    -0.0000000    -0.0000000     4.53450     0.00021
    10    27     0.0000000     0.0000000    -0.0007432     4.71200     0.00000
    10    28     0.0000000     0.0324965     0.0000000     5.10740     0.00013
    10    29     0.0000000     0.0374871    -0.0000000     5.57910     0.00019
    10    30    -0.0000000     0.0000000     0.0052694     5.64900     0.00000
    11    11    -0.0000000    -0.0000000     6.0815001     0.00000     0.00000
    11    12    -0.2356851     0.0000000     0.0000000     1.67450     0.00228
    11    13    -0.0000000     0.0000000     0.0197077     1.79740     0.00002
    11    14     0.0000000    -0.2522143    -0.0000000     2.53390     0.00395
    11    15    -0.0000000     0.0000000    -0.3412643     2.56690     0.00732
    11    16     0.0000000     0.4401294    -0.0000000     2.58400     0.01226
    11    17    -0.0000000    -0.0000000    -0.0951528     3.36600     0.00075
    11    18    -0.1123690     0.0000000     0.0000000     3.38130     0.00105
    11    19    -0.1416572     0.0000000     0.0000000     3.48710     0.00171
    11    20     0.2811545     0.0000000    -0.0000000     3.76740     0.00730
    11    21     0.0000000     0.0000000     0.0128838     3.96700     0.00002
    11    22     0.0000000    -0.2360747    -0.0000000     4.12430     0.00563
    11    23     0.0000000    -0.0000000    -0.1381280     4.26830     0.00200
    11    24     0.0000000     0.0000000     0.0000000     4.33730     0.00000
    11    25    -0.0011920    -0.0000000    -0.0000000     4.41970     0.00000
    11    26     0.0000000     0.0000000    -0.0000000     4.47920     0.00000
    11    27    -0.0000000     0.1076434    -0.0000000     4.65670     0.00132
    11    28     0.0000000    -0.0000000    -0.0197296     5.05210     0.00005
    11    29    -0.0000000     0.0000000     0.0636289     5.52380     0.00055
    11    30     0.0000000    -0.0217587     0.0000000     5.59370     0.00006
    12    12     0.0000000    -0.0000000     7.8090593     0.00000     0.00000
    12    13    -2.2021064     0.0000000     0.0000000     0.12290     0.01460
    12    14     0.0000000     0.0000000     0.0000000     0.85940     0.00000
    12    15     0.1340520    -0.0000000     0.0000000     0.89240     0.00039
    12    16    -0.0000000    -0.0000000    -0.0000000     0.90950     0.00000
    12    17    -0.3209872     0.0000000     0.0000000     1.69150     0.00427
    12    18    -0.0000000    -0.0000000    -0.6089449     1.70680     0.01551
    12    19     0.0000000    -0.0000000     0.5759957     1.81260     0.01473
    12    20    -0.0000000    -0.0000000     0.2597109     2.09290     0.00346
    12    21     0.0709201     0.0000000     0.0000000     2.29250     0.00028
    12    22     0.0000000     0.0000000    -0.0000000     2.44980     0.00000
    12    23     0.1363430    -0.0000000    -0.0000000     2.59380     0.00118
    12    24    -0.0000000     0.0764829     0.0000000     2.66280     0.00038
    12    25    -0.0000000     0.0000000    -0.0096727     2.74520     0.00001
    12    26    -0.0000000     0.3421395     0.0000000     2.80470     0.00804
    12    27    -0.0000000    -0.0000000    -0.0000000     2.98220     0.00000
    12    28     1.6151337     0.0000000     0.0000000     3.37760     0.21587
    12    29    -0.2233113     0.0000000    -0.0000000     3.84930     0.00470
    12    30    -0.0000000    -0.0000000     0.0000000     3.91920     0.00000
    13    13    -0.0000000     0.0000000     7.6222264     0.00000     0.00000
    13    14     0.0000000    -2.8364897    -0.0000000     0.73650     0.14518
    13    15    -0.0000000     0.0000000    -2.7094104     0.76950     0.13839
    13    16    -0.0000000     1.1876869     0.0000000     0.78660     0.02718
    13    17    -0.0000000     0.0000000    -1.0278932     1.56860     0.04060
    13    18     0.7322884     0.0000000    -0.0000000     1.58390     0.02081
    13    19    -0.6035851     0.0000000     0.0000000     1.68970     0.01508
    13    20     1.8111130     0.0000000    -0.0000000     1.97000     0.15831
    13    21    -0.0000000    -0.0000000     0.1164020     2.16960     0.00072
    13    22    -0.0000000     0.3255557     0.0000000     2.32690     0.00604
    13    23     0.0000000    -0.0000000     0.2612298     2.47090     0.00413
    13    24    -0.0000000    -0.0000000    -0.0000000     2.53990     0.00000
    13    25     0.1678127     0.0000000     0.0000000     2.62230     0.00181
    13    26     0.0000000    -0.0000000     0.0000000     2.68180     0.00000
    13    27    -0.0000000     0.3494079     0.0000000     2.85930     0.00855
    13    28     0.0000000    -0.0000000    -0.3030221     3.25470     0.00732
    13    29    -0.0000000     0.0000000     0.0344757     3.72640     0.00011
    13    30    -0.0000000     0.0528116    -0.0000000     3.79630     0.00026
    14    14    -0.0000000    -0.0000000     7.0669508     0.00000     0.00000
    14    15     0.0000000    -0.4391841     0.0000000     0.03300     0.00016
    14    16    -0.0000000     0.0000000     0.1468028     0.05010     0.00003
    14    17    -0.0000000    -0.3247055    -0.0000000     0.83210     0.00215
    14    18     0.0000000    -0.0000000    -0.0000000     0.84740     0.00000
    14    19    -0.0000000     0.0000000    -0.0000000     0.95320     0.00000
    14    20     0.0000000    -0.0000000     0.0000000     1.23350     0.00000
    14    21    -0.0000000    -0.1101422     0.0000000     1.43310     0.00043
    14    22    -0.0000000     0.0000000    -0.7123435     1.59040     0.01977
    14    23     0.0000000     0.3278840    -0.0000000     1.73440     0.00457
    14    24     0.2475531     0.0000000     0.0000000     1.80340     0.00271
    14    25     0.0000000    -0.0000000    -0.0000000     1.88580     0.00000
    14    26    -0.0855099    -0.0000000    -0.0000000     1.94530     0.00035
    14    27     0.0000000     0.0000000    -0.0179717     2.12280     0.00002
    14    28    -0.0000000    -0.1690665     0.0000000     2.51820     0.00176
    14    29    -0.0000000     0.0999275     0.0000000     2.98990     0.00073
    14    30     0.0000000     0.0000000    -0.0105520     3.05980     0.00001
    15    15    -0.0000000     0.0000000     7.7121780     0.00000     0.00000
    15    16    -0.0000000     0.1713612    -0.0000000     0.01710     0.00001
    15    17     0.0000000     0.0000000     0.0029353     0.79910     0.00000
    15    18     0.3919383    -0.0000000    -0.0000000     0.81440     0.00307
    15    19    -0.3091857    -0.0000000    -0.0000000     0.92020     0.00216
    15    20     0.4842081     0.0000000    -0.0000000     1.20050     0.00690
    15    21     0.0000000    -0.0000000    -0.2882685     1.40010     0.00285
    15    22    -0.0000000     0.4170728     0.0000000     1.55740     0.00664
    15    23     0.0000000    -0.0000000    -0.4118201     1.70140     0.00707
    15    24    -0.0000000    -0.0000000    -0.0000000     1.77040     0.00000
    15    25     0.3794081     0.0000000     0.0000000     1.85280     0.00653
    15    26     0.0000000     0.0000000     0.0000000     1.91230     0.00000
    15    27     0.0000000    -0.0873429    -0.0000000     2.08980     0.00039
    15    28     0.0000000     0.0000000     0.5562592     2.48520     0.01884
    15    29    -0.0000000     0.0000000     0.3984037     2.95690     0.01150
    15    30    -0.0000000     0.3586648    -0.0000000     3.02680     0.00954
    16    16    -0.0000000    -0.0000000     7.2363406     0.00000     0.00000
    16    17    -0.0000000     0.3496137     0.0000000     0.78200     0.00234
    16    18    -0.0000000    -0.0000000    -0.0000000     0.79730     0.00000
    16    19     0.0000000     0.0000000     0.0000000     0.90310     0.00000
    16    20    -0.0000000     0.0000000     0.0000000     1.18340     0.00000
    16    21    -0.0000000     0.0540057    -0.0000000     1.38300     0.00010
    16    22    -0.0000000    -0.0000000     0.4265666     1.54030     0.00687
    16    23     0.0000000    -0.1114593    -0.0000000     1.68430     0.00051
    16    24    -0.1240910    -0.0000000    -0.0000000     1.75330     0.00066
    16    25    -0.0000000    -0.0000000     0.0000000     1.83570     0.00000
    16    26     0.0326293     0.0000000     0.0000000     1.89520     0.00005
    16    27     0.0000000     0.0000000     0.0064460     2.07270     0.00000
    16    28    -0.0000000     0.0646945    -0.0000000     2.46810     0.00025
    16    29     0.0000000    -0.0758024    -0.0000000     2.93980     0.00041
    16    30     0.0000000    -0.0000000     0.0344477     3.00970     0.00009
    17    17    -0.0000000     0.0000000     4.7958472     0.00000     0.00000
    17    18    -1.6627748     0.0000000     0.0000000     0.01530     0.00104
    17    19     1.4095662     0.0000000     0.0000000     0.12110     0.00589
    17    20     1.4442606     0.0000000    -0.0000000     0.40140     0.02051
    17    21    -0.0000000     0.0000000    -1.9662770     0.60100     0.05693
    17    22     0.0000000    -3.0363471    -0.0000000     0.75830     0.17128
    17    23    -0.0000000     0.0000000    -2.2074425     0.90230     0.10772
    17    24     0.0000000     0.0000000     0.0000000     0.97130     0.00000
    17    25    -0.1872638     0.0000000     0.0000000     1.05370     0.00091
    17    26    -0.0000000    -0.0000000    -0.0000000     1.11320     0.00000
    17    27    -0.0000000     0.7192488     0.0000000     1.29070     0.01636
    17    28     0.0000000    -0.0000000     0.0881149     1.68610     0.00032
    17    29     0.0000000    -0.0000000     0.1639384     2.15780     0.00142
    17    30    -0.0000000     0.2102923     0.0000000     2.22770     0.00241
    18    18     0.0000000    -0.0000000     6.3274267     0.00000     0.00000
    18    19    -0.0000000     0.0000000     0.3976699     0.10580     0.00041
    18    20    -0.0000000    -0.0000000     0.3940557     0.38610     0.00147
    18    21    -0.8114877     0.0000000     0.0000000     0.58570     0.00945
    18    22     0.0000000     0.0000000     0.0000000     0.74300     0.00000
    18    23     0.9821670    -0.0000000    -0.0000000     0.88700     0.02096
    18    24     0.0000000    -1.8751471    -0.0000000     0.95600     0.08235
    18    25     0.0000000     0.0000000    -1.9373495     1.03840     0.09549
    18    26    -0.0000000     0.8336197     0.0000000     1.09790     0.01869
    18    27    -0.0000000    -0.0000000    -0.0000000     1.27540     0.00000
    18    28    -0.1733374     0.0000000    -0.0000000     1.67080     0.00123
    18    29     0.6677709     0.0000000    -0.0000000     2.14250     0.02341
    18    30    -0.0000000    -0.0000000     0.0000000     2.21240     0.00000
    19    19    -0.0000000     0.0000000     5.9731264     0.00000     0.00000
    19    20    -0.0000000    -0.0000000    -0.0031718     0.28030     0.00000
    19    21    -1.5628058    -0.0000000    -0.0000000     0.47990     0.02872
    19    22    -0.0000000    -0.0000000    -0.0000000     0.63720     0.00000
    19    23     1.5456364     0.0000000    -0.0000000     0.78120     0.04572
    19    24     0.0000000    -2.2551872    -0.0000000     0.85020     0.10594
    19    25    -0.0000000     0.0000000    -1.9444194     0.93260     0.08638
    19    26     0.0000000     0.2034395     0.0000000     0.99210     0.00101
    19    27     0.0000000    -0.0000000    -0.0000000     1.16960     0.00000
    19    28     0.5579728    -0.0000000     0.0000000     1.56500     0.01194
    19    29     0.5337715     0.0000000     0.0000000     2.03670     0.01422
    19    30     0.0000000     0.0000000    -0.0000000     2.10660     0.00000
    20    20     0.0000000    -0.0000000     6.0147054     0.00000     0.00000
    20    21    -0.5704607    -0.0000000    -0.0000000     0.19960     0.00159
    20    22    -0.0000000    -0.0000000     0.0000000     0.35690     0.00000
    20    23     0.3246500     0.0000000    -0.0000000     0.50090     0.00129
    20    24     0.0000000    -0.6464154    -0.0000000     0.56990     0.00583
    20    25    -0.0000000     0.0000000    -0.4934544     0.65230     0.00389
    20    26     0.0000000    -0.0124318     0.0000000     0.71180     0.00000
    20    27    -0.0000000    -0.0000000    -0.0000000     0.88930     0.00000
    20    28    -0.8701206     0.0000000    -0.0000000     1.28470     0.02383
    20    29     0.3843615     0.0000000     0.0000000     1.75640     0.00636
    20    30     0.0000000     0.0000000     0.0000000     1.82630     0.00000
    21    21     0.0000000    -0.0000000     6.6776484     0.00000     0.00000
    21    22     0.0000000    -0.0240013     0.0000000     0.15730     0.00000
    21    23    -0.0000000     0.0000000    -0.7053686     0.30130     0.00367
    21    24     0.0000000     0.0000000    -0.0000000     0.37030     0.00000
    21    25     0.2081549     0.0000000     0.0000000     0.45270     0.00048
    21    26    -0.0000000    -0.0000000    -0.0000000     0.51220     0.00000
    21    27     0.0000000    -0.3112366    -0.0000000     0.68970     0.00164
    21    28    -0.0000000     0.0000000     0.0574549     1.08510     0.00009
    21    29    -0.0000000     0.0000000     0.0830317     1.55680     0.00026
    21    30    -0.0000000     0.4027958    -0.0000000     1.62670     0.00647
    22    22     0.0000000    -0.0000000     4.6959623     0.00000     0.00000
    22    23     0.0000000    -0.6296886     0.0000000     0.14400     0.00140
    22    24     0.1832437     0.0000000     0.0000000     0.21300     0.00018
    22    25    -0.0000000     0.0000000    -0.0000000     0.29540     0.00000
    22    26    -0.0326244    -0.0000000    -0.0000000     0.35490     0.00001
    22    27     0.0000000     0.0000000    -0.0598456     0.53240     0.00005
    22    28     0.0000000    -0.0885084    -0.0000000     0.92780     0.00018
    22    29    -0.0000000     0.4859324     0.0000000     1.39950     0.00810
    22    30    -0.0000000     0.0000000     0.0369299     1.46940     0.00005
    23    23     0.0000000     0.0000000     6.2526172     0.00000     0.00000
    23    24    -0.0000000    -0.0000000     0.0000000     0.06900     0.00000
    23    25    -0.0757230     0.0000000    -0.0000000     0.15140     0.00002
    23    26     0.0000000     0.0000000     0.0000000     0.21090     0.00000
    23    27     0.0000000     0.0228590     0.0000000     0.38840     0.00000
    23    28    -0.0000000    -0.0000000    -0.0937546     0.78380     0.00017
    23    29     0.0000000    -0.0000000    -0.0580897     1.25550     0.00010
    23    30    -0.0000000     0.2534133     0.0000000     1.32540     0.00209
    24    24    -0.0000000    -0.0000000     6.2965888     0.00000     0.00000
    24    25     0.0000000    -0.4379501     0.0000000     0.08240     0.00039
    24    26     0.0000000     0.0000000     0.0958069     0.14190     0.00003
    24    27    -0.4214814     0.0000000     0.0000000     0.31940     0.00139
    24    28     0.0000000     0.0000000     0.0000000     0.71480     0.00000
    24    29     0.0000000     0.0000000    -0.0000000     1.18650     0.00000
    24    30     0.0163877    -0.0000000     0.0000000     1.25640     0.00001
    25    25    -0.0000000     0.0000000     6.9768351     0.00000     0.00000
    25    26    -0.0000000     0.1658659    -0.0000000     0.05950     0.00004
    25    27    -0.0000000     0.0000000     0.0000000     0.23700     0.00000
    25    28     0.0327494    -0.0000000    -0.0000000     0.63240     0.00002
    25    29     0.3992822    -0.0000000     0.0000000     1.10410     0.00431
    25    30     0.0000000    -0.0000000    -0.0000000     1.17400     0.00000
    26    26     0.0000000    -0.0000000     6.6095309     0.00000     0.00000
    26    27    -1.8557979     0.0000000     0.0000000     0.17750     0.01498
    26    28    -0.0000000    -0.0000000    -0.0000000     0.57290     0.00000
    26    29     0.0000000     0.0000000     0.0000000     1.04460     0.00000
    26    30     0.1123018     0.0000000     0.0000000     1.11450     0.00034
    27    27    -0.0000000    -0.0000000     6.4540893     0.00000     0.00000
    27    28    -0.0000000     0.1071771     0.0000000     0.39540     0.00011
    27    29     0.0000000    -2.6102932    -0.0000000     0.86710     0.14475
    27    30    -0.0000000     0.0000000    -2.8423121     0.93700     0.18546
    28    28    -0.0000000    -0.0000000     8.6891222     0.00000     0.00000
    28    29     0.0000000     0.0000000     0.0189975     0.47170     0.00000
    28    30     0.0000000     0.0123414    -0.0000000     0.54160     0.00000
    29    29     0.0000000    -0.0000000     5.8003771     0.00000     0.00000
    29    30     0.0000000    -0.4686002     0.0000000     0.06990     0.00038
    30    30    -0.0000000     0.0000000     6.4905657     0.00000     0.00000
