   1    1   0.00000    1.22840    10.00 100.00     -0.00000   0.00000   0.00000 
   2    2   0.02810    3.23140    10.00 100.00     -0.00000  -0.00000   0.59560 
   3    3   0.00220    3.48130    10.00 100.00     -0.00000  -0.15960  -0.00000 
   4    4   0.00010    3.67600    10.00 100.00      0.03220  -0.00000   0.00000 
   5    5   0.00650    4.25470    10.00 100.00     -0.25040   0.00000   0.00000 
   6    6   0.00000    6.85140    10.00 100.00     -0.00000  -0.00000  -0.00000 
   7    7   0.00220    6.86340    10.00 100.00     -0.00000  -0.11380   0.00000 
   8    8   0.06570    7.27870    10.00 100.00     -0.60700   0.00000  -0.00000 
   9    9   0.02140    7.99360    10.00 100.00     -0.00000  -0.00000  -0.33050 
  10   10   0.00000    8.40110    10.00 100.00     -0.00000  -0.00000  -0.00000 
  11   11   0.03790    8.46650    10.00 100.00     -0.00000  -0.42750   0.00000 
  12   12   0.00000    8.56070    10.00 100.00     -0.00000  -0.00000  -0.00000 
  13   13   0.31770    8.90780    10.00 100.00     -0.00000  -0.00000   1.20660 
  14   14   0.04230    8.94950    10.00 100.00     -0.43930   0.00000  -0.00000 
  15   15   0.15770    9.10040    10.00 100.00     -0.00000   0.00000  -0.84100 
  16   16   0.07050    9.65770    10.00 100.00     -0.00000   0.00000  -0.54580 
  17   17   0.00090    9.74920    10.00 100.00      0.00000   0.06220  -0.00000 
  18   18   0.01600    9.99840    10.00 100.00     -0.00000  -0.25530  -0.00000 
  19   19   0.05060   10.36780    10.00 100.00     -0.44630  -0.00000  -0.00000 
  20   20   0.01380   10.59670    10.00 100.00      0.00000  -0.23100   0.00000 
  21   21   0.00000   10.60490    10.00 100.00      0.00000   0.00000   0.00000 
  22   22   0.19540   10.77440    10.00 100.00      0.00000  -0.00000  -0.86030 
  23   23   0.00130   11.14820    10.00 100.00     -0.06770  -0.00000  -0.00000 
  24   24   0.00380   11.45500    10.00 100.00      0.00000  -0.11660   0.00000 
  25   25   0.35950   11.82240    10.00 100.00      0.00000  -0.00000   1.11410 
  26   26   0.00000   11.99170    10.00 100.00      0.00000   0.00000   0.00000 
  27   27   0.00140   12.07160    10.00 100.00      0.06950   0.00000  -0.00000 
  28   28   0.13380   12.20090    10.00 100.00     -0.00000  -0.66910  -0.00000 
  29   29   0.04910   12.57640    10.00 100.00     -0.00000   0.00000   0.39910 
  30   30   0.07780   12.82610    10.00 100.00      0.00000  -0.00000  -0.49750 
state state   Osc.      E(eV)      dum   dum        TrDx      TrDy       TrDz 
