   1    1   0.00000    1.58410    10.00 100.00     -0.00000   0.00000   0.00000 
   2    2   0.04880    4.13950    10.00 100.00     -0.00000  -0.00000   0.69350 
   3    3   0.00100    4.58170    10.00 100.00      0.09490  -0.00000   0.00000 
   4    4   0.00570    4.82970    10.00 100.00     -0.00000  -0.21950  -0.00000 
   5    5   0.00790    5.76470    10.00 100.00     -0.23630   0.00000   0.00000 
   6    6   0.00150    6.94890    10.00 100.00     -0.00000  -0.09430  -0.00000 
   7    7   0.00000    7.15440    10.00 100.00      0.00000  -0.00000  -0.00000 
   8    8   0.07670    7.66750    10.00 100.00     -0.63900  -0.00000  -0.00000 
   9    9   0.01620    8.02950    10.00 100.00     -0.00000  -0.00000  -0.28660 
  10   10   0.00000    8.58880    10.00 100.00     -0.00000   0.00000   0.00000 
  11   11   0.03070    8.65900    10.00 100.00      0.00000  -0.38030   0.00000 
  12   12   0.00000    8.72520    10.00 100.00     -0.00000   0.00000   0.00000 
  13   13   0.04170    9.32230    10.00 100.00      0.00000  -0.00000   0.42710 
  14   14   0.02680    9.42880    10.00 100.00     -0.34070   0.00000   0.00000 
  15   15   0.24340    9.64820    10.00 100.00      0.00000   0.00000  -1.01480 
  16   16   0.02030   10.11020    10.00 100.00     -0.00000  -0.28660   0.00000 
  17   17   0.05840   10.19330    10.00 100.00     -0.00000  -0.00000  -0.48360 
  18   18   0.04800   10.76060    10.00 100.00     -0.42690  -0.00000   0.00000 
  19   19   0.01310   10.81610    10.00 100.00     -0.00000   0.22200  -0.00000 
  20   20   0.01060   11.06840    10.00 100.00     -0.00000  -0.19730   0.00000 
  21   21   0.00000   11.07960    10.00 100.00      0.00000   0.00000   0.00000 
  22   22   0.26470   11.10960    10.00 100.00      0.00000  -0.00000  -0.98630 
  23   23   0.00170   11.55730    10.00 100.00      0.00000  -0.07820   0.00000 
  24   24   0.00270   11.59720    10.00 100.00     -0.09790  -0.00000  -0.00000 
  25   25   0.00000   12.11590    10.00 100.00     -0.00000  -0.00000   0.00000 
  26   26   0.14200   12.23630    10.00 100.00     -0.00000  -0.68810   0.00000 
  27   27   0.00340   12.45380    10.00 100.00      0.10580   0.00000  -0.00000 
  28   28   0.37180   12.51240    10.00 100.00      0.00000   0.00000   1.10130 
  29   29   0.00620   13.00660    10.00 100.00     -0.00000  -0.00000  -0.13940 
  30   30   0.13720   13.11880    10.00 100.00      0.00000   0.00000   0.65340 
state state   Osc.      E(eV)      dum   dum        TrDx      TrDy       TrDz 
