   1    1   0.13220    4.66000    10.00 100.00      0.00000   1.07600  -0.00000 
   2    2   0.00000    5.01230    10.00 100.00      0.00000  -0.00000  -0.00000 
   3    3   0.03580    5.65170    10.00 100.00      0.00000   0.50860   0.00000 
   4    4   0.00440    5.84250    10.00 100.00     -0.00000  -0.00000   0.17530 
   5    5   0.00000    8.27800    10.00 100.00      0.00000   0.00000   0.00000 
   6    6   0.10040    8.88060    10.00 100.00      0.00000  -0.67940   0.00000 
   7    7   0.01110    9.27100    10.00 100.00     -0.00000   0.00000  -0.22070 
   8    8   0.39770    9.47210    10.00 100.00      0.00000  -1.30910  -0.00000 
   9    9   0.00000   10.04950    10.00 100.00     -0.00000   0.00000  -0.00000 
  10   10   0.05620   10.55290    10.00 100.00      0.00000   0.46620   0.00000 
  11   11   0.26130   12.34890    10.00 100.00      0.00000  -0.00000   0.92930 
  12   12   0.02790   13.67500    10.00 100.00     -0.00000   0.00000   0.28860 
  13   13   0.01260   13.85220    10.00 100.00      0.00000  -0.19280   0.00000 
  14   14   0.00320   14.17750    10.00 100.00      0.09570   0.00000  -0.00000 
  15   15   0.03750   14.80630    10.00 100.00      0.00000  -0.32150   0.00000 
  16   16   0.00110   14.98120    10.00 100.00      0.00000   0.00000   0.05590 
  17   17   0.00840   15.32270    10.00 100.00      0.00000   0.00000  -0.14960 
  18   18   0.10680   15.50380    10.00 100.00     -0.53020  -0.00000  -0.00000 
  19   19   0.00730   16.12960    10.00 100.00      0.00000  -0.13580  -0.00000 
  20   20   0.11540   16.16210    10.00 100.00     -0.00000   0.00000  -0.53970 
  21   21   0.02520   17.26780    10.00 100.00     -0.00000   0.00000  -0.24420 
  22   22   0.15750   17.49380    10.00 100.00     -0.60620   0.00000  -0.00000 
  23   23   0.06710   18.13380    10.00 100.00     -0.00000  -0.00000   0.38860 
  24   24   0.04470   18.16710    10.00 100.00     -0.00000  -0.31690  -0.00000 
  25   25   0.00860   18.78290    10.00 100.00     -0.00000   0.00000   0.13670 
  26   26   0.02390   18.83300    10.00 100.00      0.22760  -0.00000   0.00000 
  27   27   0.02240   19.11590    10.00 100.00      0.00000  -0.21860  -0.00000 
  28   28   0.01670   19.18020    10.00 100.00      0.18830   0.00000  -0.00000 
  29   29   0.06020   19.68400    10.00 100.00     -0.00000  -0.00000   0.35320 
  30   30   0.06200   19.71490    10.00 100.00     -0.00000  -0.35820  -0.00000 
state state   Osc.      E(eV)      dum   dum        TrDx      TrDy       TrDz 
