0.5	0.0
0.50475	0.0
0.5095	0.0
0.51425	0.0
0.519	0.0
0.52375	0.0
0.5285	0.0
0.53325	0.0
0.538	0.0
0.54275	0.0
0.5475	0.0
0.55225	0.0
0.5569999999999999	0.0
0.56175	0.0
0.5665	0.0
0.57125	0.0
0.576	0.0
0.58075	0.0
0.5855	0.0
0.5902499999999999	0.0
0.595	0.0
0.59975	0.0
0.6045	0.0
0.60925	0.0
0.614	0.0
0.61875	0.0
0.6234999999999999	0.0
0.62825	0.0
0.633	0.0
0.63775	0.0
0.6425	0.0
0.64725	0.0
0.652	0.0
0.65675	0.0
0.6615	0.0
0.66625	0.0
0.671	0.0
0.67575	0.0
0.6805	0.0
0.68525	0.0
0.69	0.0
0.69475	0.0
0.6995	0.0
0.70425	0.0
0.709	0.0
0.71375	0.0
0.7185	0.0
0.72325	0.0
0.728	0.0
0.73275	0.0
0.7375	0.0
0.74225	0.0
0.747	0.0
0.7517499999999999	0.0
0.7565	0.0
0.76125	0.0
0.766	0.0
0.77075	0.0
0.7755	0.0
0.78025	0.0
0.7849999999999999	0.0
0.78975	0.0
0.7945	0.0
0.79925	0.0
0.804	0.0
0.80875	0.0
0.8135	0.0
0.8182499999999999	0.0
0.823	0.0
0.82775	0.0
0.8325	0.0
0.83725	0.0
0.842	0.0
0.84675	0.0
0.8514999999999999	0.0
0.85625	0.0
0.861	0.0
0.86575	0.0
0.8705	0.0
0.87525	0.0
0.88	0.0
0.8847499999999999	0.0
0.8895	0.0
0.89425	0.0
0.899	0.0
0.90375	0.0
0.9085	0.0
0.91325	0.0
0.9179999999999999	0.0
0.92275	0.0
0.9275	0.0
0.93225	0.0
0.937	0.0
0.94175	0.0
0.9465	0.0
0.9512499999999999	0.0
0.956	0.0
0.96075	0.0
0.9655	0.0
0.9702500000000001	0.0
0.975	0.0
0.97975	0.0
0.9844999999999999	0.0
0.98925	0.0
0.994	0.0
0.99875	0.0
1.0034999999999998	0.0
1.0082499999999999	0.0
1.013	0.0
1.01775	0.0
1.0225	0.0
1.02725	0.0
1.032	0.0
1.03675	0.0
1.0415	0.0
1.0462500000000001	0.0
1.051	0.0
1.05575	0.0
1.0605	0.0
1.06525	0.0
1.0699999999999998	0.0
1.0747499999999999	0.0
1.0795	0.0
1.08425	0.0
1.089	0.0
1.09375	0.0
1.0985	0.0
1.10325	0.0
1.108	0.0
1.1127500000000001	0.0
1.1175	0.0
1.12225	0.0
1.127	0.0
1.13175	0.0
1.1364999999999998	0.0
1.1412499999999999	0.0
1.146	0.0
1.15075	0.0
1.1555	0.0
1.16025	0.0
1.165	0.0
1.16975	0.0
1.1745	0.0
1.1792500000000001	0.0
1.184	0.0
1.18875	0.0
1.1935	0.0
1.19825	0.0
1.2029999999999998	0.0
1.2077499999999999	0.0
1.2125	0.0
1.21725	0.0
1.222	0.0
1.22675	0.0
1.2315	0.0
1.23625	0.0
1.241	0.0
1.2457500000000001	0.0
1.2505	0.0
1.25525	0.0
1.26	0.0
1.2647499999999998	0.0
1.2694999999999999	0.0
1.2742499999999999	0.0
1.279	0.0
1.28375	0.0
1.2885	0.0
1.29325	0.0
1.298	0.0
1.30275	0.0
1.3075	0.0
1.3122500000000001	0.0
1.317	0.0
1.32175	0.0
1.3265	0.0
1.3312499999999998	0.0
1.3359999999999999	0.0
1.3407499999999999	0.0
1.3455	0.0
1.35025	0.0
1.355	0.0
1.35975	0.0
1.3645	0.0
1.36925	0.0
1.374	0.0
1.3787500000000001	0.0
1.3835	0.0
1.38825	0.0
1.393	0.0
1.3977499999999998	0.0
1.4024999999999999	0.0
1.40725	0.0
1.412	0.0
1.41675	0.0
1.4215	0.0
1.42625	0.0
1.431	0.0
1.43575	0.0
1.4405000000000001	0.0
1.44525	0.0
1.45	0.0
1.45475	0.0
1.4595	0.0
1.4642499999999998	0.0
1.4689999999999999	0.0
1.47375	0.0
1.4785	0.0
1.48325	0.0
1.488	0.0
1.49275	0.0
1.4975	0.0
1.50225	0.0
1.507	0.0
1.51175	0.0
1.5165	0.0
1.52125	0.0
1.526	0.0
1.53075	0.0
1.5354999999999999	0.0
1.54025	0.0
1.545	0.0
1.54975	0.0
1.5545	0.0
1.55925	0.0
1.564	0.0
1.5687499999999999	0.0
1.5735	0.0
1.57825	0.0
1.583	0.0
1.58775	0.0
1.5925	0.0
1.59725	0.0
1.6019999999999999	0.0
1.60675	0.0
1.6115	0.0
1.61625	0.0
1.621	0.0
1.62575	0.0
1.6305	0.0
1.6352499999999999	0.0
1.64	0.0
1.64475	0.0
1.6495	0.0
1.65425	0.0
1.659	0.0
1.66375	0.0
1.6684999999999999	0.0
1.67325	0.0
1.678	0.0
1.68275	0.0
1.6875	0.0
1.69225	0.0
1.697	0.0
1.7017499999999999	0.0
1.7065	0.0
1.71125	0.0
1.716	0.0
1.72075	0.0
1.7255	0.0
1.73025	0.0
1.7349999999999999	0.0
1.73975	0.0
1.7445	0.0
1.74925	0.0
1.754	0.0
1.75875	0.0
1.7635	0.0
1.7682499999999999	0.0
1.773	0.0
1.77775	0.0
1.7825	0.0
1.78725	0.0
1.792	0.0
1.79675	0.0
1.8014999999999999	0.0
1.80625	0.0
1.811	0.0
1.81575	0.0
1.8205	0.0
1.82525	0.0
1.83	0.0
1.8347499999999999	0.0
1.8395	0.0
1.84425	0.0
1.849	0.0
1.85375	0.0
1.8585	0.0
1.86325	0.0
1.8679999999999999	0.0
1.87275	0.0
1.8775	0.0
1.88225	0.0
1.887	0.0
1.89175	0.0
1.8965	0.0
1.9012499999999999	0.0
1.906	0.0
1.91075	0.0
1.9155	0.0
1.92025	0.0
1.925	0.0
1.9297499999999999	0.0
1.9344999999999999	0.0
1.93925	0.0
1.944	0.0
1.94875	0.0
1.9535	0.0
1.95825	0.0
1.9629999999999999	0.0
1.9677499999999999	0.0
1.9725	0.0
1.97725	0.0
1.982	0.0
1.98675	0.0
1.9915	0.0
1.9962499999999999	0.0
2.001	0.0
2.00575	0.0
2.0105	0.0
2.01525	0.0
2.02	0.0
2.02475	0.0
2.0294999999999996	0.0
2.03425	0.0
2.0389999999999997	0.0
2.04375	0.0
2.0484999999999998	0.0
2.0532500000000002	0.0
2.058	0.0
2.06275	0.0
2.0675	0.0
2.07225	0.0
2.077	0.0
2.08175	0.0
2.0865	0.0
2.09125	0.0
2.096	0.0
2.1007499999999997	0.0
2.1055	0.0
2.1102499999999997	0.0
2.115	0.0
2.11975	0.0
2.1245000000000003	0.0
2.12925	0.0
2.134	0.0
2.13875	0.0
2.1435	0.0
2.14825	0.0
2.153	0.0
2.15775	0.0
2.1624999999999996	0.0
2.16725	0.0
2.1719999999999997	0.0
2.17675	0.0
2.1814999999999998	0.0
2.1862500000000002	0.0
2.191	0.0
2.19575	0.0
2.2005	0.0
2.20525	0.0
2.21	0.0
2.21475	0.0
2.2195	0.0
2.22425	0.0
2.229	0.0
2.2337499999999997	0.0
2.2385	0.0
2.2432499999999997	0.0
2.248	0.0
2.25275	0.0
2.2575000000000003	0.0
2.26225	0.0
2.267	0.0
2.27175	0.0
2.2765	0.0
2.28125	0.0
2.286	0.0
2.29075	0.0
2.2954999999999997	0.0
2.30025	0.0
2.3049999999999997	0.0
2.30975	0.0
2.3145	0.0
2.3192500000000003	0.0
2.324	0.0
2.32875	0.0
2.3335	0.0
2.33825	0.0
2.343	0.0
2.34775	0.0
2.3525	0.0
2.3572499999999996	0.0
2.362	0.0
2.3667499999999997	0.0
2.3715	0.0
2.3762499999999998	0.0
2.3810000000000002	0.0
2.38575	0.0
2.3905	0.0
2.39525	0.0
2.4	0.0
2.40475	0.0
2.4095	0.0
2.41425	0.0
2.419	0.0
2.42375	0.0
2.4284999999999997	0.0
2.43325	0.0
2.4379999999999997	0.0
2.44275	0.0
2.4475	0.0
2.4522500000000003	0.0
2.457	0.0
2.46175	0.0
2.4665	0.0
2.47125	0.0
2.476	0.0
2.48075	0.0
2.4855	0.0
2.4902499999999996	0.0
2.495	0.0
2.4997499999999997	0.0
2.5045	0.0
2.5092499999999998	0.0
2.514	0.0
2.51875	0.0
2.5235	0.0
2.52825	0.0
2.533	0.0
2.53775	0.0
2.5425	0.0
2.54725	0.0
2.552	0.0
2.55675	0.0
2.5615	0.0
2.56625	0.0
2.5709999999999997	0.0
2.5757499999999998	0.0
2.5805	0.0
2.58525	0.0
2.59	0.0
2.59475	0.0
2.5995	0.0
2.60425	0.0
2.609	0.0
2.61375	0.0
2.6185	0.0
2.62325	0.0
2.628	0.0
2.63275	0.0
2.6374999999999997	0.0
2.6422499999999998	0.0
2.647	0.0
2.65175	0.0
2.6565	0.0
2.66125	0.0
2.666	0.0
2.67075	0.0
2.6755	0.0
2.68025	0.0
2.685	0.0
2.68975	0.0
2.6945	0.0
2.69925	0.0
2.7039999999999997	0.0
2.7087499999999998	0.0
2.7135	0.0
2.71825	0.0
2.723	0.0
2.72775	0.0
2.7325	0.0
2.73725	0.0
2.742	0.0
2.74675	0.0
2.7515	0.0
2.75625	0.0
2.761	0.0
2.76575	0.0
2.7704999999999997	0.0
2.7752499999999998	0.0
2.78	0.0
2.78475	0.0
2.7895	0.0
2.79425	0.0
2.799	0.0
2.80375	0.0
2.8085	0.0
2.81325	0.0
2.818	0.0
2.82275	0.0
2.8275	0.0
2.83225	0.0
2.8369999999999997	0.0
2.8417499999999998	0.0
2.8465	0.0
2.85125	0.0
2.856	0.0
2.86075	0.0
2.8655	0.0
2.87025	0.0
2.875	0.0
2.87975	0.0
2.8845	0.0
2.88925	0.0
2.894	0.0
2.89875	0.0
2.9034999999999997	0.0
2.90825	0.0
2.913	0.0
2.91775	0.0
2.9225	0.0
2.92725	0.0
2.932	0.0
2.93675	0.0
2.9415	0.0
2.94625	0.0
2.951	0.0
2.95575	0.0
2.9605	0.0
2.9652499999999997	0.0
2.9699999999999998	0.0
2.97475	0.0
2.9795	0.0
2.98425	0.0
2.989	0.0
2.99375	0.0
2.9985	0.0
3.00325	0.0
3.008	0.0
3.01275	0.0
3.0175	0.0
3.02225	0.0
3.027	0.0
3.0317499999999997	0.0
3.0364999999999998	0.0
3.04125	0.0
3.046	0.0
3.05075	0.0
3.0555	0.0
3.06025	0.0
3.065	0.0
3.06975	0.0
3.0745	0.0
3.07925	0.0
3.084	0.0
3.08875	0.0
3.0935	0.0
3.0982499999999997	0.0
3.1029999999999998	0.0
3.10775	0.0
3.1125	0.0
3.11725	0.0
3.122	0.0
3.12675	0.0
3.1315	0.0
3.13625	0.0
3.141	0.0
3.14575	0.0
3.1505	0.0
3.15525	0.0
3.16	0.0
3.1647499999999997	0.0
3.1694999999999998	0.0
3.17425	0.0
3.179	0.0
3.18375	0.0
3.1885	0.0
3.19325	0.0
3.198	0.0
3.20275	0.0
3.2075	0.0
3.21225	0.0
3.217	0.0
3.22175	0.0
3.2265	0.0
3.2312499999999997	0.0
3.2359999999999998	0.0
3.24075	0.0
3.2455	0.0
3.25025	0.0
3.255	0.0
3.25975	0.0
3.2645	0.0
3.26925	0.0
3.274	0.0
3.27875	0.0
3.2835	0.0
3.28825	0.0
3.293	0.0
3.2977499999999997	0.0
3.3024999999999998	0.0
3.30725	0.0
3.312	0.0
3.31675	0.0
3.3215	0.0
3.32625	0.0
3.331	0.0
3.33575	0.0
3.3405	0.0
3.34525	0.0
3.35	0.0
3.35475	0.0
3.3594999999999997	0.0
3.3642499999999997	0.0
3.3689999999999998	0.0
3.37375	0.0
3.3785	0.0
3.38325	0.0
3.388	0.0
3.39275	0.0
3.3975	0.0
3.40225	0.0
3.407	0.0
3.41175	0.0
3.4165	0.0
3.42125	0.0
3.4259999999999997	0.0
3.4307499999999997	0.0
3.4354999999999998	0.0
3.44025	0.0
3.445	0.0
3.44975	0.0
3.4545	0.0
3.45925	0.0
3.464	0.0
3.46875	0.0
3.4735	0.0
3.47825	0.0
3.483	0.0
3.48775	0.0
3.4924999999999997	0.0
3.4972499999999997	0.0
3.502	0.0
3.50675	0.0
3.5115	0.0
3.51625	0.0
3.521	0.0
3.52575	0.0
3.5305	0.0
3.53525	0.0
3.54	0.0
3.54475	0.0
3.5495	0.0
3.55425	0.0
3.5589999999999997	0.0
3.5637499999999998	0.0
3.5685	0.0
3.57325	0.0
3.578	0.0
3.58275	0.0
3.5875	0.0
3.59225	0.0
3.597	0.0
3.60175	0.0
3.6065	0.0
3.61125	0.0
3.616	0.0
3.62075	0.0
3.6254999999999997	0.0
3.6302499999999998	0.0
3.635	0.0
3.63975	0.0
3.6445	0.0
3.64925	0.0
3.654	0.0
3.65875	0.0
3.6635	0.0
3.66825	0.0
3.673	0.0
3.67775	0.0
3.6825	0.0
3.68725	0.0
3.6919999999999997	0.0
3.6967499999999998	0.0
3.7015	0.0
3.70625	0.0
3.711	0.0
3.71575	0.0
3.7205	0.0
3.72525	0.0
3.73	0.0
3.73475	0.0
3.7395	0.0
3.74425	0.0
3.749	0.0
3.7537499999999997	0.0
3.7584999999999997	0.0
3.7632499999999998	0.0
3.768	0.0
3.77275	0.0
3.7775	0.0
3.78225	0.0
3.787	0.0
3.79175	0.0
3.7965	0.0
3.80125	0.0
3.806	0.0
3.81075	0.0
3.8155	0.0
3.8202499999999997	0.0
3.8249999999999997	0.0
3.8297499999999998	0.0
3.8345	0.0
3.83925	0.0
3.844	0.0
3.84875	0.0
3.8535	0.0
3.85825	0.0
3.863	0.0
3.86775	0.0
3.8725	0.0
3.87725	0.0
3.882	0.0
3.8867499999999997	0.0
3.8914999999999997	0.0
3.8962499999999998	0.0
3.901	0.0
3.90575	0.0
3.9105	0.0
3.91525	0.0
3.92	0.0
3.92475	0.0
3.9295	0.0
3.93425	0.0
3.939	0.0
3.94375	0.0
3.9485	0.0
3.9532499999999997	0.0
3.9579999999999997	0.0
3.9627499999999998	0.0
3.9675	0.0
3.97225	0.0
3.977	0.0
3.98175	0.0
3.9865	0.0
3.99125	0.0
3.996	0.0
4.00075	0.0
4.0055	0.0
4.01025	0.0
4.015000000000001	0.0
4.01975	0.0
4.0245	0.0
4.029249999999999	0.0
4.034	0.0
4.03875	0.0
4.0435	0.0
4.0482499999999995	0.0
4.053	0.0
4.05775	0.0
4.0625	0.0
4.06725	0.0
4.072	0.0
4.0767500000000005	0.0
4.0815	0.0
4.08625	0.0
4.090999999999999	0.0
4.09575	0.0
4.1005	0.0
4.10525	0.0
4.109999999999999	0.0
4.11475	0.0
4.1195	0.0
4.12425	0.0
4.129	0.0
4.13375	0.0
4.1385000000000005	0.0
4.14325	0.0
4.148	0.0
4.152749999999999	0.0
4.1575	0.0
4.16225	0.0
4.167	0.0
4.171749999999999	0.0
4.1765	0.0
4.18125	0.0
4.186	0.0
4.1907499999999995	0.0
4.1955	0.0
4.2002500000000005	0.0
4.205	0.0
4.20975	0.0
4.214499999999999	0.0
4.21925	0.0
4.224	0.0
4.22875	0.0
4.233499999999999	0.0
4.23825	0.0
4.243	0.0
4.24775	0.0
4.2524999999999995	0.0
4.25725	0.0
4.2620000000000005	0.0
4.26675	0.0
4.2715	0.0
4.27625	0.0
4.281	0.0
4.28575	0.0
4.2905	0.0
4.295249999999999	0.0
4.3	0.0
4.30475	0.0
4.3095	0.0
4.3142499999999995	0.0
4.319	0.0
4.32375	0.0
4.3285	0.0
4.33325	0.0
4.338	0.0
4.3427500000000006	0.0
4.3475	0.0
4.35225	0.0
4.356999999999999	0.0
4.36175	0.0
4.3665	0.0
4.37125	0.0
4.3759999999999994	0.0
4.38075	0.0
4.3855	0.0
4.39025	0.0
4.395	0.0
4.39975	0.0
4.4045000000000005	0.0
4.40925	0.0
4.414	0.0
4.418749999999999	0.0
4.4235	0.0
4.42825	0.0
4.433	0.0
4.437749999999999	0.0
4.4425	0.0
4.44725	0.0
4.452	0.0
4.4567499999999995	0.0
4.4615	0.0
4.4662500000000005	0.0
4.471	0.0
4.47575	0.0
4.480499999999999	0.0
4.48525	0.0
4.49	0.0
4.49475	0.0
4.499499999999999	0.0
4.50425	0.0
4.509	0.0
4.51375	0.0
4.5184999999999995	0.0
4.52325	0.0
4.528	0.0
4.53275	0.0
4.5375	0.0
4.54225	0.0
4.547	0.0
4.55175	0.0
4.5565	0.0
4.56125	0.0
4.566	0.0
4.57075	0.0
4.5755	0.0
4.5802499999999995	0.0
4.585	0.0
4.5897499999999996	0.0
4.5945	0.0
4.59925	0.0
4.604	0.0
4.60875	0.0
4.6135	0.0
4.61825	0.0
4.623	0.0
4.62775	0.0
4.6325	0.0
4.63725	0.0
4.6419999999999995	0.0
4.64675	0.0
4.6514999999999995	0.0
4.65625	0.0
4.661	0.0
4.66575	0.0
4.6705	0.0
4.67525	0.0
4.68	3.1e-322
4.68475	5.414e-320
4.6895	9.184315e-318
4.69425	1.530197757e-315
4.699	2.5038556246e-313
4.70375	4.023759270983e-311
4.7085	6.350613495516905e-309
4.7132499999999995	9.843745075080485e-307
4.718	1.4985319917585423e-304
4.72275	2.240436629479277e-302
4.7275	3.289730296794302e-300
4.73225	4.744046192907816e-298
4.737	6.718905120626877e-296
4.74175	9.345640957090003e-294
4.7465	1.2766759011978339e-291
4.75125	1.7128258695225863e-289
4.756	2.2568710793303548e-287
4.76075	2.9205273224261666e-285
4.7655	3.711733446902117e-283
4.77025	4.6329036875899263e-281
4.7749999999999995	5.679246877106447e-279
4.77975	6.837371990531723e-277
4.7844999999999995	8.084416016300819e-275
4.78925	9.387913592595844e-273
4.794	1.0706573385459212e-270
4.79875	1.1992035270239432e-268
4.8035	1.3191563756975017e-266
4.80825	1.4251502360539154e-264
4.813	1.5121191098110493e-262
4.81775	1.5756956621214874e-260
4.8225	1.6125740304790808e-258
4.82725	1.6207945517040563e-256
4.832	1.599916286648828e-254
4.83675	1.5510562043733773e-252
4.8415	1.476790179740713e-250
4.8462499999999995	1.3809280167549085e-248
4.851	1.2681898427686703e-246
4.85575	1.1438221036827582e-244
4.8605	1.0131965064505076e-242
4.86525	8.81434138772569e-241
4.87	7.5309026775371305e-239
4.87475	6.319244918710502e-237
4.8795	5.2076804221338e-235
4.88425	4.214872551722349e-233
4.889	3.350314319559842e-231
4.89375	2.6154573633892104e-229
4.8985	2.0052601364216005e-227
4.90325	1.5099229306281363e-225
4.9079999999999995	1.116605661536516e-223
4.91275	8.109719910543695e-222
4.9174999999999995	5.784593818107411e-220
4.92225	4.052293265442742e-218
4.927	2.7879812657073108e-216
4.93175	1.8838218029717016e-214
4.9365	1.2501173179652732e-212
4.94125	8.147468848575232e-211
4.946	5.215015821538927e-209
4.95075	3.278306363054078e-207
4.9555	2.023971661969981e-205
4.96025	1.227214005752318e-203
4.965	7.30797685433159e-202
4.9697499999999994	4.274004823026534e-200
4.9745	2.4549001771127402e-198
4.9792499999999995	1.3848210331912988e-196
4.984	7.672103440760117e-195
4.98875	4.1744208678572323e-193
4.9935	2.2306888707245183e-191
4.99825	1.1706922756483133e-189
5.003	6.034030343184411e-188
5.00775	3.0544513432090844e-186
5.0125	1.518517906175398e-184
5.01725	7.414256526810722e-183
5.022	3.5553002509581506e-181
5.02675	1.674348831669361e-179
5.0315	7.744200490969057e-178
5.03625	3.5177762875780456e-176
5.0409999999999995	1.5693536826631749e-174
5.04575	6.875977219809873e-173
5.0504999999999995	2.9587550496449017e-171
5.05525	1.2503873740416603e-169
5.06	5.189686597645259e-168
5.06475	2.1154300466035804e-166
5.0695	8.468708608935694e-165
5.07425	3.329635520086858e-163
5.079	1.2856927248589093e-161
5.08375	4.875718926075748e-160
5.0885	1.8159384375991918e-158
5.09325	6.642392976626766e-157
5.098	2.386211831196428e-155
5.1027499999999995	8.41888172459013e-154
5.1075	2.9171637380055476e-152
5.1122499999999995	9.927232404093768e-151
5.117	3.3178485397084135e-149
5.12175	1.0890452082888534e-147
5.1265	3.510720417876304e-146
5.13125	1.111495135269882e-144
5.136	3.456048846591307e-143
5.14075	1.0553904557609636e-141
5.1455	3.165245772156943e-140
5.15025	9.323150543449572e-139
5.155	2.696987546824815e-137
5.15975	7.6622473904863e-136
5.1645	2.1379344395440896e-134
5.16925	5.8585964119421186e-133
5.1739999999999995	1.576717049742836e-131
5.17875	4.167493499238701e-130
5.1834999999999996	1.0818251730511487e-128
5.18825	2.758037832897389e-127
5.193	6.905646455182934e-126
5.19775	1.6981241791404922e-124
5.2025	4.101054455090073e-123
5.20725	9.727082757000422e-122
5.212	2.2658474653207073e-120
5.21675	5.183698267771047e-119
5.2215	1.164688380686613e-117
5.22625	2.570045168011464e-116
5.231	5.569712188385597e-115
5.2357499999999995	1.1854568110638203e-113
5.2405	2.4779908776837035e-112
5.2452499999999995	5.087151305110273e-111
5.25	1.0256769389996303e-109
5.25475	2.030988722504498e-108
5.2595	3.9497118895874295e-107
5.26425	7.543698235341338e-106
5.269	1.415025225190085e-104
5.27375	2.60678396680965e-103
5.2785	4.716359322250452e-102
5.28325	8.380495812753236e-101
5.288	1.4624920920377567e-99
5.29275	2.506561265222996e-98
5.2975	4.219141650346997e-97
5.30225	6.974785774994235e-96
5.3069999999999995	1.132396776887689e-94
5.31175	1.8056241743832216e-93
5.3165	2.8275941940445478e-92
5.32125	4.348783492110247e-91
5.326	6.56870073696211e-90
5.33075	9.74433375766699e-89
5.3355	1.4196647852600107e-87
5.34025	2.0313298640983974e-86
5.345	2.85453966245835e-85
5.34975	3.93960513224436e-84
5.3545	5.3398651778013946e-83
5.35925	7.108351156415413e-82
5.364	9.293267553850579e-81
5.3687499999999995	1.1932432655193256e-79
5.3735	1.504702102515427e-78
5.3782499999999995	1.8635156667880672e-77
5.383	2.2666087100521204e-76
5.38775	2.707578413598423e-75
5.3925	3.1764828672119807e-74
5.39725	3.659931660008355e-73
5.402	4.141526261583759e-72
5.40675	4.602659502387126e-71
5.4115	5.0236371143251346e-70
5.41625	5.385036577874759e-69
5.421	5.669177299602354e-68
5.42575	5.861549082156623e-67
5.430499999999999	5.95203884657434e-66
5.43525	5.935811388334598e-65
5.4399999999999995	5.8137374225901855e-64
5.44475	5.592316181950825e-63
5.4495	5.283102142474388e-62
5.45425	4.901706251921268e-61
5.459	4.4664917907044423e-60
5.46375	3.997116288269154e-59
5.4685	3.51307977030067e-58
5.47325	3.032426084833948e-57
5.478	2.5707119765344383e-56
5.48275	2.1403145435873035e-55
5.4875	1.75009961333878e-54
5.49225	1.4054290294741876e-53
5.497	1.1084498660742337e-52
5.5017499999999995	8.585867368211532e-52
5.5065	6.531505246734926e-51
5.5112499999999995	4.879815131445793e-50
5.516	3.580588753776032e-49
5.52075	2.5802780133974607e-48
5.5255	1.826163023595476e-47
5.53025	1.269327159323538e-46
5.535	8.665000356162009e-46
5.53975	5.809310396328479e-45
5.5445	3.8250891656315127e-44
5.54925	2.4735433697476644e-43
5.554	1.5709359563821575e-42
5.55875	9.798473343783434e-42
5.5634999999999994	6.002322629869954e-41
5.56825	3.6111143405553835e-40
5.5729999999999995	2.1336546623093515e-39
5.57775	1.2381350063784496e-38
5.5825	7.056232157607682e-38
5.58725	3.949468951926725e-37
5.592	2.171028534583351e-36
5.59675	1.1720694432702277e-35
5.6015	6.214442019811933e-35
5.60625	3.2360253999370852e-34
5.611	1.654941656517879e-33
5.61575	8.312170410643655e-33
5.6205	4.100220129349794e-32
5.62525	1.986373410522783e-31
5.63	9.450952871263703e-31
5.6347499999999995	4.416225960981014e-30
5.6395	2.0266929649901557e-29
5.6442499999999995	9.134517625743746e-29
5.649	4.043377228363593e-28
5.65375	1.7577774479848434e-27
5.6585	7.504892921666056e-27
5.66325	3.146922856355981e-26
5.668	1.2959512887674165e-25
5.67275	5.241459611701322e-25
5.6775	2.0819811542570383e-24
5.68225	8.121987728786876e-24
5.687	3.1117797376092593e-23
5.69175	1.1708906896740735e-22
5.6964999999999995	4.326979538405396e-22
5.70125	1.5704145662181157e-21
5.7059999999999995	5.597637531866996e-21
5.71075	1.9595493952445133e-20
5.7155	6.737032502379169e-20
5.72025	2.2747938966772256e-19
5.725	7.543561767439437e-19
5.72975	2.4568114740033613e-18
5.7345	7.858292631879061e-18
5.73925	2.4685705722812682e-17
5.744	7.61594645936225e-17
5.74875	2.3076141942045734e-16
5.7535	6.866943998545938e-16
5.75825	2.006895662076632e-15
5.763	5.760326064095827e-15
5.7677499999999995	1.6237917300323968e-14
5.7725	4.495464449811339e-14
5.7772499999999996	1.222305580626698e-13
5.782	3.263968856254069e-13
5.78675	8.559988917493147e-13
5.7915	2.204760315360012e-12
5.79625	5.5771271853032035e-12
5.801	1.3855452015089923e-11
5.80575	3.380584790530324e-11
5.8105	8.100726179738306e-11
5.81525	1.9064132870498584e-10
5.82	4.4062703961685754e-10
5.82475	1.0001985431983919e-09
5.8294999999999995	2.2297813325044895e-09
5.83425	4.8820173385540984e-09
5.8389999999999995	1.049777703178849e-08
5.84375	2.2169523347089107e-08
5.8485	4.598078185775063e-08
5.85325	9.366068556897693e-08
5.858	1.873696724552014e-07
5.86275	3.6813087866653447e-07
5.8675	7.103398542664373e-07
5.87225	1.3461427014478554e-06
5.877	2.5053996043502774e-06
5.88175	4.579561469430485e-06
5.8865	8.221134729640308e-06
5.891249999999999	1.4494412705452124e-05
5.896	2.5097500123621028e-05
5.9007499999999995	4.267969347656636e-05
5.9055	7.128088825032207e-05
5.91025	0.00011691921713741284
5.915	0.000188347421576053
5.91975	0.0002979850282612245
5.9245	0.0004630098112697827
5.92925	0.0007065565522079598
5.934	0.0010589236476959284
5.93875	0.0015586311459703961
5.9435	0.002253113337936044
5.94825	0.0031987751327899974
5.953	0.00446010793105406
5.95775	0.00610756377104468
5.9624999999999995	0.008213942091443754
5.96725	0.010849163340374952
5.9719999999999995	0.01407349112126413
5.97675	0.017929510121618718
5.9815	0.022433445893863063
5.98625	0.027566684644701918
5.991	0.03326856527870961
5.99575	0.039431617358617214
6.0005	0.04590036024575253
6.00525	0.052474532965151616
6.01	0.05891719393893103
6.01475	0.06496755331710145
6.0195	0.07035775172839626
6.024249999999999	0.07483217694372934
6.029	0.07816742225345831
6.0337499999999995	0.08019073347787783
6.0385	0.08079482896547487
6.04325	0.07994732381824587
6.048	0.07769360618660585
6.05275	0.07415281011157883
6.0575	0.06950738219249829
6.06225	0.06398751367690435
6.067	0.05785228580784181
6.07175	0.051369672314274764
6.0765	0.04479752827774135
6.08125	0.03836739327941032
6.086	0.032272419032540016
6.09075	0.026660097329878965
6.0954999999999995	0.02162982102464885
6.10025	0.017234754671142067
6.1049999999999995	0.013487090457509246
6.10975	0.01036555163624023
6.1145	0.007823976784619078
6.11925	0.005799942278540328
6.124	0.00422260807976378
6.12875	0.003019248518616505
6.1335	0.0021202053888560316
6.13825	0.0014622377466683735
6.143	0.0009904191570753915
6.14775	0.0006588416679179573
6.1525	0.0004304315217830097
6.1572499999999994	0.0002761773535045838
6.162	0.00017403357572030694
6.1667499999999995	0.00010770577937442116
6.1715	6.546451528777101e-05
6.17625	3.9078140513678344e-05
6.181	2.2909879677999003e-05
6.18575	1.3190847851167025e-05
6.1905	7.459051374309071e-06
6.19525	4.142432785130064e-06
6.2	2.2593750409944963e-06
6.20475	1.2102697207869221e-06
6.2095	6.367031430571354e-07
6.21425	3.2896735584647015e-07
6.218999999999999	1.6692815720715563e-07
6.22375	8.318928250561178e-08
6.2284999999999995	4.071609722590612e-08
6.23325	1.9571580186364133e-08
6.2379999999999995	9.239460749357438e-09
6.24275	4.283791678025843e-09
6.2475	1.9506126905192973e-09
6.25225	8.723177960037307e-10
6.257	3.8312404057308207e-10
6.26175	1.652589772421435e-10
6.2665	7.000864976406425e-11
6.27125	2.912723952446096e-11
6.276	1.190167090533347e-11
6.28075	4.776145318616503e-12
6.2855	1.8823835178577275e-12
6.2902499999999995	7.286176300609782e-13
6.295	2.7698243190644545e-13
6.2997499999999995	1.034107665045259e-13
6.3045	3.7917550601399846e-14
6.30925	1.3654499232950027e-14
6.314	4.829167446373521e-15
6.31875	1.677373339427586e-15
6.3235	5.722004462141584e-16
6.32825	1.9170243659652302e-16
6.333	6.307656843681009e-17
6.33775	2.038306400957351e-17
6.3425	6.468921229897868e-18
6.34725	2.016300427003774e-18
6.351999999999999	6.172194537908085e-19
6.35675	1.8556025227574004e-19
6.3614999999999995	5.478873676918312e-20
6.36625	1.588761125903207e-20
6.3709999999999996	4.524669968799214e-21
6.37575	1.2655409249282279e-21
6.3805	3.476373777032713e-22
6.38525	9.378593690648898e-23
6.39	2.4849059839414908e-23
6.39475	6.4661114690862264e-24
6.3995	1.652484509549054e-24
6.40425	4.147559207092739e-25
6.409	1.0223717264117002e-25
6.41375	2.4750680041681334e-26
6.4185	5.885021611160176e-27
6.4232499999999995	1.3756291718626315e-27
6.428	3.2205113588918757e-28
6.4327499999999995	1.0209536276299348e-28
6.4375	1.5303579378035357e-28
6.44225	5.986403212066795e-28
6.447	2.5343680485553488e-27
6.45175	1.0591868133310808e-26
6.4565	4.34859490447796e-26
6.46125	1.7534442631988744e-25
6.466	6.943784686228104e-25
6.47075	2.7006078437656728e-24
6.4755	1.0315440752698908e-23
6.48025	3.869679866977768e-23
6.484999999999999	1.425683986252201e-22
6.48975	5.158607552525864e-22
6.4944999999999995	1.833169793269913e-21
6.49925	6.397847437627172e-21
6.504	2.1929364773651242e-20
6.50875	7.38208783391169e-20
6.5135	2.440581693657234e-19
6.51825	7.924438059514703e-19
6.523	2.5269961805241265e-18
6.52775	7.914102676706422e-18
6.5325	2.434219628216888e-17
6.53725	7.353241408323404e-17
6.542	2.181518362567348e-16
6.54675	6.356234428069224e-16
6.5515	1.818871107353397e-15
6.5562499999999995	5.111694929446891e-15
6.561	1.4108762213507555e-14
6.5657499999999995	3.824493135726289e-14
6.5705	1.0181689346646424e-13
6.57525	2.662114819847538e-13
6.58	6.835884381760947e-13
6.58475	1.7239458443776788e-12
6.5895	4.269858800837529e-12
6.59425	1.038638442986595e-11
6.599	2.481282754023423e-11
6.60375	5.821690398095699e-11
6.6085	1.341476097503664e-10
6.61325	3.035832154682485e-10
6.617999999999999	6.747354978054624e-10
6.62275	1.4728222822415477e-09
6.6274999999999995	3.1573891886921103e-09
6.63225	6.647630530645164e-09
6.637	1.3745692193304397e-08
6.64175	2.7914338456715754e-08
6.6465	5.5673567325391416e-08
6.65125	1.0905152533111702e-07
6.656	2.0978547899375156e-07
6.66075	3.9635111799512004e-07
6.6655	7.354374410117025e-07
6.67025	1.340208502916416e-06
6.675	2.3986119145036403e-06
6.679749999999999	4.216077532465444e-06
6.6845	7.278102635163659e-06
6.6892499999999995	1.233924953926145e-05
6.694	2.054566976188603e-05
6.6987499999999995	3.359795499690339e-05
6.7035	5.395930776356268e-05
6.70825	8.511005669501541e-05
6.713	0.0001318427870299081
6.71775	0.00020058241475629854
6.7225	0.00029970246931298105
6.72725	0.0004397934664143043
6.732	0.0006338233176121235
6.73675	0.0008971160786343877
6.7415	0.0012470677850727524
6.74625	0.0017025209997196043
6.7509999999999994	0.0022827371137739
6.75575	0.0030059402380771794
6.7604999999999995	0.003887459057457103
6.76525	0.004937560144433876
6.77	0.006159140666162238
6.77475	0.007545518986132599
6.7795	0.009078614480325216
6.78425	0.010727828624366907
6.789	0.012449916275307263
6.79375	0.014190063015603807
6.7985	0.015884263757987516
6.80325	0.017462941476512298
6.808	0.01885557383385205
6.812749999999999	0.019995936626496732
6.8175	0.02082745479422952
6.8222499999999995	0.021308098408721467
6.827	0.02141428705083933
6.8317499999999995	0.021143372225105442
6.8365	0.020514440029607037
6.84125	0.019567388297845472
6.846	0.018360448681147234
6.85075	0.01696650786268726
6.8555	0.015468702085296222
6.86025	0.01395579598459013
6.865	0.012517806486437648
6.86975	0.011242207730132079
6.8745	0.010210880007589093
6.87925	0.009497779855622371
6.8839999999999995	0.009167147318424568
6.88875	0.009271963049978125
6.8934999999999995	0.009852344763214626
6.89825	0.01093363707932524
6.903	0.012524091873038046
6.90775	0.014612232637060706
6.9125	0.017164208696475006
6.91725	0.020121629218717296
6.922	0.023400479726024687
6.92675	0.026891731098912318
6.9315	0.030464135213266817
6.93625	0.033969466488412176
6.941	0.03725014233781704
6.945749999999999	0.040148786176585696
6.9505	0.042518946119866924
6.9552499999999995	0.0442359153024164
6.96	0.0452064704578607
6.9647499999999996	0.045376387130429345
6.9695	0.04473480634124524
6.97425	0.043314890724113965
6.979	0.04119066276391511
6.98375	0.03847039132013801
6.9885	0.035287309322169905
6.99325	0.03178874086263453
6.998	0.028124848577177987
7.00275	0.02443817085798183
7.007499999999999	0.020854922108665627
7.01225	0.017478721452342704
7.0169999999999995	0.014387053913589644
7.02175	0.011630413241911781
7.0264999999999995	0.009233778516778717
7.03125	0.007199871965171156
7.036	0.005513547177887412
7.04075	0.004146659845288603
7.0455	0.003062856979580283
7.05025	0.0022218565320864057
7.055	0.0015829467080408005
7.05975	0.0011075862644392485
7.0645	0.0007611141811846378
7.06925	0.0005136686388860554
7.074	0.0003404687638570869
7.078749999999999	0.0002216320079766007
7.0835	0.00014169309056074572
7.0882499999999995	8.896636565268026e-05
7.093	5.4861036791069617e-05
7.09775	3.322485977490327e-05
7.1025	1.9761653818460197e-05
7.10725	1.1543683266884936e-05
7.112	6.622569151740506e-06
7.11675	3.7313809164938886e-06
7.1215	2.0647793822776283e-06
7.12625	1.1221184635721644e-06
7.131	5.989143879928025e-07
7.13575	3.1394369765919226e-07
7.140499999999999	1.6162173939728659e-07
7.14525	8.171631394421537e-08
7.1499999999999995	4.0576888794439405e-08
7.15475	1.9788355586555932e-08
7.1594999999999995	9.47767149315535e-09
7.16425	4.458149024728635e-09
7.169	2.059531774453491e-09
7.17375	9.344227341535916e-10
7.1785	4.1636985591849143e-10
7.18325	1.8221165336863648e-10
7.188	7.8313025426755e-11
7.19275	3.305619334697584e-11
7.1975	1.370353655187629e-11
7.20225	5.579219778602696e-12
7.207	2.230875126713064e-12
7.211749999999999	8.760684445884281e-13
7.2165	3.3787946551365446e-13
7.2212499999999995	1.279813078681726e-13
7.226	4.7609352402207594e-14
7.23075	1.7393980898065494e-14
7.2355	6.241179712331884e-15
7.24025	2.1993551878602148e-15
7.245	7.611759194656913e-16
7.24975	2.5872339032253936e-16
7.2545	8.636689994835843e-17
7.25925	2.8315220868969164e-17
7.264	9.117033708849512e-18
7.26875	2.8830232984871767e-18
7.273499999999999	8.953724517714546e-19
7.27825	2.730991125522088e-19
7.2829999999999995	8.180838782013984e-20
7.28775	2.406779834908142e-20
7.2924999999999995	6.954019091222068e-21
7.29725	1.973314821012505e-21
7.302	5.499432317625995e-22
7.30675	1.5052212117244182e-22
7.3115	4.046166804573863e-23
7.31625	1.0681892924218478e-23
7.321	2.7695782656009505e-24
7.32575	7.05245054114787e-25
7.3305	1.7637110687023537e-25
7.33525	4.331874004622654e-26
7.34	1.0449251373075214e-26
7.3447499999999994	2.4754577710167262e-27
7.3495	5.759527441284169e-28
7.3542499999999995	1.3160705355363048e-28
7.359	2.9534693284379527e-29
7.36375	6.509486769658952e-30
7.3685	1.4090357650586308e-30
7.37325	2.995423754528481e-31
7.378	6.253965871007961e-32
7.38275	1.2823711201149263e-32
7.3875	2.5824560277775103e-33
7.39225	5.1075558771380475e-34
7.397	9.920973790627192e-35
7.40175	1.892589658416828e-35
7.406499999999999	3.545843859579536e-36
7.41125	6.524447444873239e-37
7.4159999999999995	1.1790408475043133e-37
7.42075	2.0925456932861056e-38
7.4254999999999995	3.647388575750344e-39
7.43025	6.243816074286371e-40
7.435	1.0497337345069609e-40
7.43975	1.7332818573941047e-41
7.4445	2.810737014835799e-42
7.44925	4.476434346865763e-43
7.454	7.001727594385386e-44
7.45875	1.0755712521674622e-44
7.4635	1.622684717863049e-45
7.468249999999999	2.40430794115431e-46
7.473	3.498702539560789e-47
7.4777499999999995	5.000171889682061e-48
7.4825	7.018169175227153e-49
7.4872499999999995	9.674392785597185e-50
7.492	1.3097384696159414e-50
7.49675	1.7414316612895335e-51
7.5015	2.27399378386397e-52
7.50625	2.9163060228562316e-53
7.511	3.673143546973023e-54
7.51575	4.543637672791831e-55
7.5205	5.519890558488564e-56
7.52525	6.585946935308478e-57
7.53	7.717328228309152e-58
7.53475	8.881303286333753e-59
7.539499999999999	1.0038005164306164e-59
7.54425	1.1142409443749103e-60
7.5489999999999995	1.2147077327782802e-61
7.55375	1.3005452397060735e-62
7.5584999999999996	1.3675402452642557e-63
7.56325	1.4122635583159609e-64
7.568	1.4323606260656477e-65
7.57275	1.4267568958382428e-66
7.5775	1.3957530029008725e-67
7.58225	1.3409980493301026e-68
7.587	1.2653442792414802e-69
7.59175	1.1726009733760284e-70
7.5965	1.0672171099820188e-71
7.601249999999999	9.539295298316696e-73
7.606	8.374151068554721e-74
7.6107499999999995	7.219818402780318e-75
7.6155	6.113258234260848e-76
7.6202499999999995	5.083703272254021e-77
7.625	4.1519166857127424e-78
7.62975	3.330259312542975e-79
7.6345	2.623423818455035e-80
7.63925	2.0296438992617942e-81
7.644	1.5421699014233697e-82
7.64875	1.1508151813109342e-83
7.6535	8.434122928424658e-85
7.65825	6.0706508510760464e-86
7.663	4.291326602745965e-87
7.66775	2.979263164001775e-88
7.672499999999999	2.0313611844047262e-89
7.67725	1.3602740618729724e-90
7.6819999999999995	8.945954165349522e-92
7.68675	5.778137936763482e-93
7.6915	3.665305058587738e-94
7.69625	2.2834595980644864e-95
7.701	1.397132264747841e-96
7.70575	8.3954252087212e-98
7.7105	4.95460294546801e-99
7.71525	2.8716797160031593e-100
7.72	1.6346475550701475e-101
7.72475	9.13846478247694e-103
7.7295	5.017453316181676e-104
7.734249999999999	2.7055428888451155e-105
7.739	1.4328030256036744e-106
7.7437499999999995	7.452114886008403e-108
7.7485	3.806567872982509e-109
7.7532499999999995	1.9096272298833654e-110
7.758	9.408591313659213e-112
7.76275	4.552622016706889e-113
7.7675	2.1635132984340754e-114
7.77225	1.009760849740613e-115
7.777	4.628480860467147e-117
7.78175	2.0836242375636566e-118
7.7865	9.2121566365799e-120
7.79125	4.000038869088924e-121
7.795999999999999	1.70579993592396e-122
7.80075	7.144189416760921e-124
7.805499999999999	2.9385887535926906e-125
7.81025	1.1870954715043068e-126
7.8149999999999995	4.709702437605577e-128
7.81975	1.8351107286914826e-129
7.8245	7.022505114412961e-131
7.82925	2.6392640286845204e-132
7.834	9.741696559772526e-134
7.83875	3.53140348681701e-135
7.8435	1.2572483368928692e-136
7.84825	4.395980757440289e-138
7.853	1.509563826138566e-139
7.85775	5.091059378233774e-141
7.8625	1.6862650122110438e-142
7.867249999999999	5.485351728570376e-144
7.872	1.75244386880648e-145
7.8767499999999995	5.498506424569582e-147
7.8815	1.694362542853875e-148
7.8862499999999995	5.127774657832535e-150
7.891	1.5240966412782037e-151
7.89575	4.44894528800532e-153
7.9005	1.275447563421458e-154
7.90525	3.591113541647683e-156
7.91	9.930169219239826e-158
7.91475	2.6967776899540324e-159
7.9195	7.192744417263084e-161
7.92425	1.884104969883695e-162
7.928999999999999	4.847039358895085e-164
7.93375	1.2246415269160162e-165
7.9384999999999994	3.0388019917043568e-167
7.94325	7.405541283364457e-169
7.9479999999999995	1.7724426705300134e-170
7.95275	4.1662811236757204e-172
7.9575	9.61802562406057e-174
7.96225	2.1806415009921508e-175
7.967	4.855607807665894e-177
7.97175	1.061851814808494e-178
7.9765	2.280579471847663e-180
7.98125	4.8104698005563226e-182
7.986	9.965308753418172e-184
7.99075	2.0274726754775344e-185
7.9955	4.051167924444312e-187
8.00025	7.949987862538612e-189
8.004999999999999	1.5321936932237232e-190
8.00975	2.900159341772345e-192
8.0145	5.391269397376496e-194
8.01925	9.842857378439483e-196
8.024000000000001	1.7648684338723393e-197
8.028749999999999	3.1078815855167966e-199
8.0335	5.3749889482301186e-201
8.03825	9.129598373285991e-203
8.043	1.5229538887329924e-204
8.04775	2.4950704938144496e-206
8.0525	4.014577730240342e-208
8.05725	6.343923050807844e-210
8.062	9.845480730410808e-212
8.066749999999999	1.5006414256378957e-213
8.0715	2.2463525676197797e-215
8.07625	3.302477702780513e-217
8.081	4.768292106156983e-219
8.08575	6.761558276384556e-221
8.090499999999999	9.416547968582734e-223
8.09525	1.2879459425500133e-224
8.1	1.7300734127413085e-226
8.10475	2.2824034413853872e-228
8.1095	2.95720396263406e-230
8.11425	3.7629732416744236e-232
8.119	4.702642508972616e-234
8.123750000000001	5.771833374851275e-236
8.128499999999999	6.957393858798664e-238
8.13325	8.236455920273235e-240
8.138	9.57624287312354e-242
8.14275	1.0934801668063556e-243
8.1475	1.2262743752821094e-245
8.152249999999999	1.3505957556613558e-247
8.157	1.460912121760389e-249
8.16175	1.551971669755912e-251
8.1665	1.6192148213317293e-253
8.17125	1.6591518524621046e-255
8.176	1.6696628595429102e-257
8.18075	1.650184189237736e-259
8.185500000000001	1.6017585148826045e-261
8.190249999999999	1.5269423679295464e-263
8.195	1.4295825370051244e-265
8.19975	1.3144885511331513e-267
8.2045	1.1870400332431833e-269
8.20925	1.0527734127792735e-271
8.213999999999999	9.169917655299158e-274
8.21875	7.84434972538159e-276
8.2235	6.590364634102231e-278
8.22825	5.4377961777298375e-280
8.233	4.4065366923206e-282
8.23775	3.5069763811923315e-284
8.2425	2.7411277473967817e-286
8.247250000000001	2.104198444906906e-288
8.251999999999999	1.586372232081862e-290
8.25675	1.174585101726665e-292
8.2615	8.541317409485305e-295
8.26625	6.0999492123326034e-297
8.271	4.278470694121785e-299
8.275749999999999	2.9472154734174077e-301
8.2805	1.9938670678839852e-303
8.28525	1.324773086432628e-305
8.29	8.644657224739832e-308
8.29475	5.54006733057654e-310
8.2995	3.486930513547e-312
8.30425	2.155423074e-314
8.309000000000001	1.3085272e-316
8.313749999999999	7.8018e-319
8.3185	4.57e-321
8.32325	2.5e-323
8.328	0.0
8.33275	0.0
8.337499999999999	0.0
8.34225	0.0
8.347	0.0
8.35175	0.0
8.3565	0.0
8.36125	0.0
8.366	0.0
8.370750000000001	0.0
8.375499999999999	0.0
8.38025	0.0
8.385	0.0
8.38975	0.0
8.3945	0.0
8.399249999999999	0.0
8.404	0.0
8.40875	0.0
8.413499999999999	0.0
8.41825	0.0
8.423	0.0
8.42775	0.0
8.432500000000001	0.0
8.437249999999999	0.0
8.442	0.0
8.44675	0.0
8.4515	0.0
8.45625	0.0
8.460999999999999	0.0
8.46575	0.0
8.4705	0.0
8.475249999999999	0.0
8.48	0.0
8.48475	0.0
8.4895	0.0
8.494250000000001	0.0
8.498999999999999	0.0
8.50375	0.0
8.5085	0.0
8.51325	0.0
8.518	0.0
8.52275	0.0
8.5275	0.0
8.53225	0.0
8.536999999999999	0.0
8.54175	0.0
8.5465	0.0
8.55125	0.0
8.556	0.0
8.56075	0.0
8.5655	0.0
8.57025	0.0
8.575	0.0
8.57975	0.0
8.5845	0.0
8.58925	0.0
8.594	0.0
8.598749999999999	0.0
8.6035	0.0
8.60825	0.0
8.613	0.0
8.61775	0.0
8.6225	0.0
8.62725	0.0
8.632	0.0
8.63675	0.0
8.6415	1.5e-323
8.64625	2.703e-321
8.651	4.65044e-319
8.65575	7.8637736e-317
8.660499999999999	1.305957307e-314
8.66525	2.13004084244e-312
8.67	3.41199091990364e-310
8.67475	5.367706822576364e-308
8.679499999999999	8.293363332216083e-306
8.68425	1.2584430942460911e-303
8.689	1.875415306050203e-301
8.69375	2.7448733774587654e-299
8.6985	3.945555515547272e-297
8.70325	5.5699973239101685e-295
8.708	7.722586814461408e-293
8.71275	1.0515540404554291e-290
8.7175	1.4062462531387612e-288
8.722249999999999	1.846937268313896e-286
8.727	2.38234084004759e-284
8.73175	3.0179819047995618e-282
8.7365	3.7548306284021354e-280
8.741249999999999	4.5880174038063784e-278
8.746	5.505803989253433e-276
8.75075	6.488994711320886e-274
8.7555	7.510953596615329e-272
8.76025	8.53834545706152e-270
8.765	9.532643464281432e-268
8.76975	1.0452350451045124e-265
8.7745	1.1255779056609601e-263
8.77925	1.190414316546583e-261
8.783999999999999	1.2364646585225068e-259
8.78875	1.261322835547543e-257
8.7935	1.2636645258445473e-255
8.79825	1.2433640723366351e-253
8.802999999999999	1.2015056537413951e-251
8.80775	1.1402873542394434e-249
8.8125	1.0628299446776767e-247
8.81725	9.729135241720363e-246
8.822	8.746729252671578e-244
8.82675	7.722859096852352e-242
8.8315	6.696864681055486e-240
8.83625	5.7032961111895364e-238
8.841	4.770251776506963e-236
8.84575	3.91848030309991e-234
8.8505	3.16122216804994e-232
8.85525	2.504686379459253e-230
8.86	1.9490037466918756e-228
8.864749999999999	1.4894741778499963e-226
8.8695	1.1179291167782506e-224
8.87425	8.240556498940916e-223
8.879	5.965677879532506e-221
8.88375	4.241544644896375e-219
8.8885	2.9617559534303963e-217
8.89325	2.0311195306489652e-215
8.898	1.3679892322121728e-213
8.90275	9.048797310244684e-212
8.9075	5.87841206812917e-210
8.91225	3.7505086958521477e-208
8.917	2.3500727779599433e-206
8.92175	1.4462168978958745e-204
8.926499999999999	8.74070646851318e-203
8.93125	5.188246776187521e-201
8.936	3.0245146915390504e-199
8.94075	1.7316166641135536e-197
8.9455	9.736632971516423e-196
8.95025	5.376836451706936e-194
8.955	2.9161230022687313e-192
8.95975	1.5532659972444768e-190
8.9645	8.125438663579123e-189
8.96925	4.174541492578716e-187
8.974	2.106355797547557e-185
8.97875	1.0437960940357592e-183
8.9835	5.0799634422846866e-182
8.988249999999999	2.4280995645562514e-180
8.993	1.1398124065279276e-178
8.99775	5.254861248103047e-177
9.0025	2.3793049666283144e-175
9.007249999999999	1.0580348032507778e-173
9.012	4.620732005187713e-172
9.01675	1.9819039017459864e-170
9.0215	8.348633361962449e-169
9.02625	3.453895312672247e-167
9.031	1.4033433324554931e-165
9.03575	5.599892444803863e-164
9.0405	2.1946052839637759e-162
9.04525	8.446837511215008e-161
9.049999999999999	3.1929553384414755e-159
9.05475	1.1853661809514893e-157
9.0595	4.3218849898011823e-156
9.06425	1.5475862534830806e-154
9.068999999999999	5.44248832154907e-153
9.07375	1.879754498384833e-151
9.0785	6.376255987938673e-150
9.08325	2.1241801228091224e-148
9.088	6.949889848901298e-147
9.09275	2.2331890348608695e-145
9.0975	7.047482997113559e-144
9.10225	2.184256170965632e-142
9.107	6.648659480103131e-141
9.111749999999999	1.987584468305537e-139
9.1165	5.835500125791534e-138
9.12125	1.6826413441834574e-136
9.126	4.7650341048360586e-135
9.130749999999999	1.3252611156733929e-133
9.1355	3.619910911537703e-132
9.14025	9.710806353479374e-131
9.145	2.558430888727302e-129
9.14975	6.619925019236031e-128
9.1545	1.6822612280669286e-126
9.15925	4.1985060704576764e-125
9.164	1.0290989139456281e-123
9.16875	2.4773104742858105e-122
9.1735	5.856858645473394e-121
9.17825	1.359909572243236e-119
9.183	3.101103802834576e-118
9.18775	6.945180880330004e-117
9.192499999999999	1.527607574155155e-115
9.19725	3.29990190267858e-114
9.202	7.000857549163146e-113
9.20675	1.4586880890000019e-111
9.2115	2.9849332046501956e-110
9.21625	5.998846955034942e-109
9.221	1.1840278884411099e-107
9.22575	2.295181665858929e-106
9.2305	4.369514500371427e-105
9.23525	8.169778618527073e-104
9.24	1.5001972892723151e-102
9.24475	2.705499444144217e-101
9.2495	4.7918973508968e-100
9.254249999999999	8.335440353476691e-99
9.259	1.424001919099004e-97
9.26375	2.3892059390818806e-96
9.2685	3.9369289878714496e-95
9.273249999999999	6.371219411802752e-94
9.278	1.012624723079602e-92
9.28275	1.5806491272618103e-91
9.2875	2.423167357246985e-90
9.29225	3.6483149983557794e-89
9.297	5.394637063661133e-88
9.30175	7.834172314536906e-87
9.3065	1.1173390884977329e-85
9.31125	1.5650847122300409e-84
9.315999999999999	2.1530379800540734e-83
9.32075	2.908884765874985e-82
9.3255	3.859778015039141e-81
9.33025	5.0298973672163294e-80
9.334999999999999	6.437494983820977e-79
9.33975	8.09162352423789e-78
9.3445	9.988848300603102e-77
9.34925	1.2110334848919915e-75
9.354	1.4419754616146004e-74
9.35875	1.686244604470615e-73
9.3635	1.936619322763534e-72
9.36825	2.1843837296214692e-71
9.373	2.419772796049463e-70
9.377749999999999	2.632577901594545e-69
9.3825	2.8128647945357862e-68
9.38725	2.951735701887847e-67
9.392	3.0420550120797553e-66
9.396749999999999	3.0790563952290616e-65
9.4015	3.060759512505747e-64
9.40625	2.9881456135763193e-63
9.411	2.8650703529790187e-62
9.41575	2.697924605710637e-61
9.4205	2.4950848082071956e-60
9.42525	2.266218598627058e-59
9.43	2.0215257213335273e-58
9.43475	1.7709966034161763e-57
9.439499999999999	1.5237621079194134e-56
9.44425	1.2875900011531249e-55
9.449	1.0685602289282148e-54
9.45375	8.709262913140141e-54
9.458499999999999	6.971476710204378e-53
9.46325	5.4806131091792245e-52
9.468	4.231501450628343e-51
9.47275	3.2086387762150387e-50
9.4775	2.3895061121577605e-49
9.48225	1.7476579965843833e-48
9.487	1.2553526272037118e-47
9.49175	8.855967370676512e-47
9.4965	6.1357444649073224e-46
9.50125	4.175029085980918e-45
9.506	2.7900547854050023e-44
9.51075	1.831162734243132e-43
9.5155	1.1803264420201e-42
9.520249999999999	7.4720249944142e-42
9.525	4.645532258022821e-41
9.52975	2.836570806236618e-40
9.5345	1.7010330908991137e-39
9.53925	1.0018273415791573e-38
9.544	5.794740373766571e-38
9.54875	3.2918199266429764e-37
9.5535	1.8365347134033527e-36
9.55825	1.0062900951208233e-35
9.563	5.415121917861792e-35
9.56775	2.861898746840236e-34
9.5725	1.485461070206498e-33
9.57725	7.572325419026985e-33
9.581999999999999	3.7910389698727765e-32
9.58675	1.864009891902221e-31
9.5915	9.001174088122908e-31
9.59625	4.268851963438522e-30
9.600999999999999	1.9883096130430084e-29
9.60575	9.095318558914949e-29
9.6105	4.08613585230406e-28
9.61525	1.802887688977979e-27
9.62	7.812419031863188e-27
9.62475	3.3247834963019924e-26
9.6295	1.389639644678948e-25
9.63425	5.704295372103506e-25
9.639	2.299655598879098e-24
9.643749999999999	9.105097050034266e-24
9.6485	3.540522372496451e-23
9.65325	1.352107094128638e-22
9.658	5.07125938475577e-22
9.662749999999999	1.868020087303011e-21
9.6675	6.7578452762212174e-21
9.67225	2.4010208477097368e-20
9.677	8.378081917169344e-20
9.68175	2.8711392640922873e-19
9.6865	9.663287460341682e-19
9.69125	3.1941589512837676e-18
9.696	1.0369292706121488e-17
9.70075	3.305999080099434e-17
9.705499999999999	1.0351834197363763e-16
9.71025	3.183412161055437e-16
9.715	9.6145601152776e-16
9.71975	2.8518517928457893e-15
9.724499999999999	8.307789221610256e-15
9.72925	2.376867494945152e-14
9.734	6.678600383484623e-14
9.73875	1.843006764712935e-13
9.7435	4.994929756159961e-13
9.74825	1.329513726461823e-12
9.753	3.4754996615507647e-12
9.75775	8.922830850602064e-12
9.7625	2.2498266373535957e-11
9.76725	5.57129856983652e-11
9.772	1.3549547652416085e-10
9.77675	3.2363400275951726e-10
9.7815	7.591795086190933e-10
9.786249999999999	1.7490241034117253e-09
9.791	3.957383114675598e-09
9.79575	8.793897167401088e-09
9.8005	1.9191797557275535e-08
9.80525	4.113494391550105e-08
9.81	8.658988238792994e-08
9.81475	1.7901291913857087e-07
9.8195	3.6346498944653993e-07
9.82425	7.247726193605144e-07
9.829	1.4193907045275085e-06
9.83375	2.7300029730149173e-06
9.8385	5.156859128896939e-06
9.84325	9.566837568228206e-06
9.847999999999999	1.7430607248781543e-05
9.85275	3.119016117764332e-05
9.8575	5.481301677908766e-05
9.86225	9.46042781125786e-05
9.866999999999999	0.00016036102798118267
9.87175	0.0002669610314739389
9.8765	0.00043647351526380145
9.88125	0.0007008561773917488
9.886	0.0011052509566012554
9.89075	0.001711803373559322
9.8955	0.002603801309059354
9.90025	0.003889759845038343
9.905	0.0057068797415138865
9.909749999999999	0.008223101252410422
9.9145	0.011636799171605209
9.91925	0.016173068478130437
9.924	0.022075588808600312
9.928749999999999	0.029593283276038673
9.9335	0.038961439226760444
9.93825	0.05037763966695745
9.943	0.06397372289164188
9.94775	0.07978594963609824
9.9525	0.09772646662398854
9.95725	0.11755983279217036
9.962	0.13888863420446934
9.96675	0.16115190334892196
9.971499999999999	0.1836391001385835
9.97625	0.20552083573419147
9.981	0.225895481086634
9.98575	0.24384857032982696
9.990499999999999	0.25851983424632186
9.99525	0.26917114908318157
