   1    1   0.00000    1.85730    10.00 100.00      0.00000   0.00000   0.00000 
   2    2   0.06680    4.79870    10.00 100.00      0.00000  -0.00000   0.75410 
   3    3   0.00130    5.15780    10.00 100.00      0.10240   0.00000   0.00000 
   4    4   0.01090    5.72830    10.00 100.00      0.00000  -0.27890  -0.00000 
   5    5   0.00660    6.84550    10.00 100.00     -0.19790  -0.00000   0.00000 
   6    6   0.00150    7.01040    10.00 100.00      0.00000  -0.09410  -0.00000 
   7    7   0.00000    7.39720    10.00 100.00     -0.00000  -0.00000   0.00000 
   8    8   0.08940    7.98570    10.00 100.00     -0.67590  -0.00000  -0.00000 
   9    9   0.01820    8.04360    10.00 100.00     -0.00000  -0.00000  -0.30410 
  10   10   0.00000    8.60110    10.00 100.00     -0.00000  -0.00000   0.00000 
  11   11   0.02150    8.89290    10.00 100.00      0.00000  -0.31410   0.00000 
  12   12   0.00000    8.97600    10.00 100.00     -0.00000  -0.00000  -0.00000 
  13   13   0.01290    9.59020    10.00 100.00      0.00000  -0.00000   0.23460 
  14   14   0.01280    9.89960    10.00 100.00     -0.23010  -0.00000  -0.00000 
  15   15   0.16830   10.01180    10.00 100.00      0.00000   0.00000  -0.82830 
  16   16   0.02820   10.20570    10.00 100.00      0.00000  -0.33600  -0.00000 
  17   17   0.03860   10.53470    10.00 100.00     -0.00000   0.00000  -0.38670 
  18   18   0.04530   11.07610    10.00 100.00     -0.40860   0.00000   0.00000 
  19   19   0.03000   11.30660    10.00 100.00     -0.00000  -0.32930   0.00000 
  20   20   0.30330   11.33380    10.00 100.00     -0.00000  -0.00000  -1.04520 
  21   21   0.00000   11.44180    10.00 100.00      0.00000   0.00000   0.00000 
  22   22   0.00920   11.53010    10.00 100.00     -0.00000   0.18080  -0.00000 
  23   23   0.00050   11.61170    10.00 100.00      0.00000  -0.04090   0.00000 
  24   24   0.00400   11.87630    10.00 100.00     -0.11740  -0.00000  -0.00000 
  25   25   0.00000   12.19180    10.00 100.00     -0.00000   0.00000   0.00000 
  26   26   0.13340   12.32970    10.00 100.00      0.00000  -0.66450  -0.00000 
  27   27   0.00480   12.73000    10.00 100.00      0.12410   0.00000  -0.00000 
  28   28   0.33560   12.94860    10.00 100.00      0.00000   0.00000   1.02860 
  29   29   0.03590   13.13440    10.00 100.00     -0.00000  -0.00000  -0.33390 
  30   30   0.06240   13.36580    10.00 100.00     -0.00000  -0.00000   0.43640 
state state   Osc.      E(eV)      dum   dum        TrDx      TrDy       TrDz 
