   1    1   0.14420    4.45240    10.00 100.00      0.00000   1.14980   0.00000 
   2    2   0.00000    4.83350    10.00 100.00     -0.00000   0.00000  -0.00000 
   3    3   0.03830    5.53030    10.00 100.00      0.00000   0.53150  -0.00000 
   4    4   0.00050    5.76630    10.00 100.00      0.00000  -0.00000   0.05750 
   5    5   0.00000    8.46680    10.00 100.00      0.00000   0.00000  -0.00000 
   6    6   0.12970    8.76750    10.00 100.00     -0.00000  -0.77710  -0.00000 
   7    7   0.02310    8.96220    10.00 100.00     -0.00000   0.00000  -0.32440 
   8    8   0.36430    9.42550    10.00 100.00     -0.00000  -1.25610  -0.00000 
   9    9   0.00000    9.94880    10.00 100.00      0.00000  -0.00000  -0.00000 
  10   10   0.09330   10.21040    10.00 100.00      0.00000   0.61090   0.00000 
  11   11   0.27230   12.45450    10.00 100.00     -0.00000  -0.00000   0.94470 
  12   12   0.00750   12.88290    10.00 100.00      0.00000   0.00000   0.15390 
  13   13   0.00030   13.42520    10.00 100.00      0.03100  -0.00000  -0.00000 
  14   14   0.00700   13.73380    10.00 100.00     -0.00000  -0.14400   0.00000 
  15   15   0.05150   14.13440    10.00 100.00     -0.00000  -0.38550   0.00000 
  16   16   0.00190   14.34870    10.00 100.00     -0.00000   0.00000   0.07310 
  17   17   0.00820   15.07830    10.00 100.00      0.00000  -0.00000  -0.14860 
  18   18   0.10010   15.34330    10.00 100.00     -0.51600  -0.00000  -0.00000 
  19   19   0.00100   16.05040    10.00 100.00      0.00000  -0.04980  -0.00000 
  20   20   0.10710   16.08050    10.00 100.00      0.00000   0.00000  -0.52150 
  21   21   0.03130   16.52350    10.00 100.00     -0.00000   0.00000  -0.27800 
  22   22   0.14070   17.01120    10.00 100.00     -0.58110   0.00000   0.00000 
  23   23   0.04970   17.33500    10.00 100.00     -0.00000  -0.34220  -0.00000 
  24   24   0.04630   17.53540    10.00 100.00      0.00000  -0.00000   0.32840 
  25   25   0.00700   18.46770    10.00 100.00     -0.12480  -0.00000  -0.00000 
  26   26   0.03120   18.63390    10.00 100.00      0.00000   0.00000   0.26140 
  27   27   0.05810   19.00990    10.00 100.00     -0.00000   0.00000  -0.35330 
  28   28   0.01950   19.01220    10.00 100.00      0.00000  -0.20450  -0.00000 
  29   29   0.03100   19.03340    10.00 100.00      0.25800   0.00000  -0.00000 
  30   30   0.05030   19.45120    10.00 100.00     -0.00000  -0.32480  -0.00000 
state state   Osc.      E(eV)      dum   dum        TrDx      TrDy       TrDz 
