0.5	0.0
0.50475	0.0
0.5095	0.0
0.51425	0.0
0.519	0.0
0.52375	0.0
0.5285	0.0
0.53325	0.0
0.538	0.0
0.54275	0.0
0.5475	0.0
0.55225	0.0
0.5569999999999999	0.0
0.56175	0.0
0.5665	0.0
0.57125	0.0
0.576	0.0
0.58075	0.0
0.5855	0.0
0.5902499999999999	0.0
0.595	0.0
0.59975	0.0
0.6045	0.0
0.60925	0.0
0.614	0.0
0.61875	0.0
0.6234999999999999	0.0
0.62825	0.0
0.633	0.0
0.63775	0.0
0.6425	0.0
0.64725	0.0
0.652	0.0
0.65675	0.0
0.6615	0.0
0.66625	0.0
0.671	0.0
0.67575	0.0
0.6805	0.0
0.68525	0.0
0.69	0.0
0.69475	0.0
0.6995	0.0
0.70425	0.0
0.709	0.0
0.71375	0.0
0.7185	0.0
0.72325	0.0
0.728	0.0
0.73275	0.0
0.7375	0.0
0.74225	0.0
0.747	0.0
0.7517499999999999	0.0
0.7565	0.0
0.76125	0.0
0.766	0.0
0.77075	0.0
0.7755	0.0
0.78025	0.0
0.7849999999999999	0.0
0.78975	0.0
0.7945	0.0
0.79925	0.0
0.804	0.0
0.80875	0.0
0.8135	0.0
0.8182499999999999	0.0
0.823	0.0
0.82775	0.0
0.8325	0.0
0.83725	0.0
0.842	0.0
0.84675	0.0
0.8514999999999999	0.0
0.85625	0.0
0.861	0.0
0.86575	0.0
0.8705	0.0
0.87525	0.0
0.88	0.0
0.8847499999999999	0.0
0.8895	0.0
0.89425	0.0
0.899	0.0
0.90375	0.0
0.9085	0.0
0.91325	0.0
0.9179999999999999	0.0
0.92275	0.0
0.9275	0.0
0.93225	0.0
0.937	0.0
0.94175	0.0
0.9465	0.0
0.9512499999999999	0.0
0.956	0.0
0.96075	0.0
0.9655	0.0
0.9702500000000001	0.0
0.975	0.0
0.97975	0.0
0.9844999999999999	0.0
0.98925	0.0
0.994	0.0
0.99875	0.0
1.0034999999999998	0.0
1.0082499999999999	0.0
1.013	0.0
1.01775	0.0
1.0225	0.0
1.02725	0.0
1.032	0.0
1.03675	0.0
1.0415	0.0
1.0462500000000001	0.0
1.051	0.0
1.05575	0.0
1.0605	0.0
1.06525	0.0
1.0699999999999998	0.0
1.0747499999999999	0.0
1.0795	0.0
1.08425	0.0
1.089	0.0
1.09375	0.0
1.0985	0.0
1.10325	0.0
1.108	0.0
1.1127500000000001	0.0
1.1175	0.0
1.12225	0.0
1.127	0.0
1.13175	0.0
1.1364999999999998	0.0
1.1412499999999999	0.0
1.146	0.0
1.15075	0.0
1.1555	0.0
1.16025	0.0
1.165	0.0
1.16975	0.0
1.1745	0.0
1.1792500000000001	0.0
1.184	0.0
1.18875	0.0
1.1935	0.0
1.19825	0.0
1.2029999999999998	0.0
1.2077499999999999	0.0
1.2125	0.0
1.21725	0.0
1.222	0.0
1.22675	0.0
1.2315	0.0
1.23625	0.0
1.241	0.0
1.2457500000000001	0.0
1.2505	0.0
1.25525	0.0
1.26	0.0
1.2647499999999998	0.0
1.2694999999999999	0.0
1.2742499999999999	0.0
1.279	0.0
1.28375	0.0
1.2885	0.0
1.29325	0.0
1.298	0.0
1.30275	0.0
1.3075	0.0
1.3122500000000001	0.0
1.317	0.0
1.32175	0.0
1.3265	0.0
1.3312499999999998	0.0
1.3359999999999999	0.0
1.3407499999999999	0.0
1.3455	0.0
1.35025	0.0
1.355	0.0
1.35975	0.0
1.3645	0.0
1.36925	0.0
1.374	0.0
1.3787500000000001	0.0
1.3835	0.0
1.38825	0.0
1.393	0.0
1.3977499999999998	0.0
1.4024999999999999	0.0
1.40725	0.0
1.412	0.0
1.41675	0.0
1.4215	0.0
1.42625	0.0
1.431	0.0
1.43575	0.0
1.4405000000000001	0.0
1.44525	0.0
1.45	0.0
1.45475	0.0
1.4595	0.0
1.4642499999999998	0.0
1.4689999999999999	0.0
1.47375	0.0
1.4785	0.0
1.48325	0.0
1.488	0.0
1.49275	0.0
1.4975	0.0
1.50225	0.0
1.507	0.0
1.51175	0.0
1.5165	0.0
1.52125	0.0
1.526	0.0
1.53075	0.0
1.5354999999999999	0.0
1.54025	0.0
1.545	0.0
1.54975	0.0
1.5545	0.0
1.55925	0.0
1.564	0.0
1.5687499999999999	0.0
1.5735	0.0
1.57825	0.0
1.583	0.0
1.58775	0.0
1.5925	0.0
1.59725	0.0
1.6019999999999999	0.0
1.60675	0.0
1.6115	0.0
1.61625	0.0
1.621	0.0
1.62575	0.0
1.6305	0.0
1.6352499999999999	0.0
1.64	0.0
1.64475	0.0
1.6495	0.0
1.65425	0.0
1.659	0.0
1.66375	0.0
1.6684999999999999	0.0
1.67325	0.0
1.678	0.0
1.68275	0.0
1.6875	0.0
1.69225	0.0
1.697	0.0
1.7017499999999999	0.0
1.7065	0.0
1.71125	0.0
1.716	0.0
1.72075	0.0
1.7255	0.0
1.73025	0.0
1.7349999999999999	0.0
1.73975	0.0
1.7445	0.0
1.74925	0.0
1.754	0.0
1.75875	0.0
1.7635	0.0
1.7682499999999999	0.0
1.773	0.0
1.77775	0.0
1.7825	0.0
1.78725	0.0
1.792	0.0
1.79675	0.0
1.8014999999999999	0.0
1.80625	0.0
1.811	0.0
1.81575	0.0
1.8205	0.0
1.82525	0.0
1.83	0.0
1.8347499999999999	0.0
1.8395	0.0
1.84425	0.0
1.849	0.0
1.85375	0.0
1.8585	0.0
1.86325	0.0
1.8679999999999999	0.0
1.87275	0.0
1.8775	0.0
1.88225	0.0
1.887	0.0
1.89175	0.0
1.8965	0.0
1.9012499999999999	0.0
1.906	0.0
1.91075	0.0
1.9155	0.0
1.92025	0.0
1.925	0.0
1.9297499999999999	0.0
1.9344999999999999	0.0
1.93925	0.0
1.944	0.0
1.94875	0.0
1.9535	0.0
1.95825	0.0
1.9629999999999999	0.0
1.9677499999999999	0.0
1.9725	0.0
1.97725	0.0
1.982	0.0
1.98675	0.0
1.9915	0.0
1.9962499999999999	0.0
2.001	0.0
2.00575	0.0
2.0105	0.0
2.01525	0.0
2.02	0.0
2.02475	0.0
2.0294999999999996	0.0
2.03425	0.0
2.0389999999999997	0.0
2.04375	0.0
2.0484999999999998	0.0
2.0532500000000002	0.0
2.058	0.0
2.06275	0.0
2.0675	0.0
2.07225	0.0
2.077	0.0
2.08175	0.0
2.0865	0.0
2.09125	0.0
2.096	0.0
2.1007499999999997	0.0
2.1055	0.0
2.1102499999999997	0.0
2.115	0.0
2.11975	0.0
2.1245000000000003	0.0
2.12925	0.0
2.134	0.0
2.13875	0.0
2.1435	0.0
2.14825	0.0
2.153	0.0
2.15775	0.0
2.1624999999999996	0.0
2.16725	0.0
2.1719999999999997	0.0
2.17675	0.0
2.1814999999999998	0.0
2.1862500000000002	0.0
2.191	0.0
2.19575	0.0
2.2005	0.0
2.20525	0.0
2.21	0.0
2.21475	0.0
2.2195	0.0
2.22425	0.0
2.229	0.0
2.2337499999999997	0.0
2.2385	0.0
2.2432499999999997	0.0
2.248	0.0
2.25275	0.0
2.2575000000000003	0.0
2.26225	0.0
2.267	0.0
2.27175	0.0
2.2765	0.0
2.28125	0.0
2.286	0.0
2.29075	0.0
2.2954999999999997	0.0
2.30025	0.0
2.3049999999999997	0.0
2.30975	0.0
2.3145	0.0
2.3192500000000003	0.0
2.324	0.0
2.32875	0.0
2.3335	0.0
2.33825	0.0
2.343	0.0
2.34775	0.0
2.3525	0.0
2.3572499999999996	0.0
2.362	0.0
2.3667499999999997	0.0
2.3715	0.0
2.3762499999999998	0.0
2.3810000000000002	0.0
2.38575	0.0
2.3905	0.0
2.39525	0.0
2.4	0.0
2.40475	0.0
2.4095	0.0
2.41425	0.0
2.419	0.0
2.42375	0.0
2.4284999999999997	0.0
2.43325	0.0
2.4379999999999997	0.0
2.44275	0.0
2.4475	0.0
2.4522500000000003	0.0
2.457	0.0
2.46175	0.0
2.4665	0.0
2.47125	0.0
2.476	0.0
2.48075	0.0
2.4855	0.0
2.4902499999999996	0.0
2.495	0.0
2.4997499999999997	0.0
2.5045	0.0
2.5092499999999998	0.0
2.514	0.0
2.51875	0.0
2.5235	0.0
2.52825	0.0
2.533	0.0
2.53775	0.0
2.5425	0.0
2.54725	0.0
2.552	0.0
2.55675	0.0
2.5615	0.0
2.56625	0.0
2.5709999999999997	0.0
2.5757499999999998	0.0
2.5805	0.0
2.58525	0.0
2.59	0.0
2.59475	0.0
2.5995	0.0
2.60425	0.0
2.609	0.0
2.61375	0.0
2.6185	0.0
2.62325	0.0
2.628	0.0
2.63275	0.0
2.6374999999999997	0.0
2.6422499999999998	0.0
2.647	0.0
2.65175	0.0
2.6565	0.0
2.66125	0.0
2.666	0.0
2.67075	0.0
2.6755	0.0
2.68025	0.0
2.685	0.0
2.68975	0.0
2.6945	0.0
2.69925	0.0
2.7039999999999997	0.0
2.7087499999999998	0.0
2.7135	0.0
2.71825	0.0
2.723	0.0
2.72775	0.0
2.7325	0.0
2.73725	0.0
2.742	0.0
2.74675	0.0
2.7515	0.0
2.75625	0.0
2.761	0.0
2.76575	0.0
2.7704999999999997	0.0
2.7752499999999998	0.0
2.78	0.0
2.78475	0.0
2.7895	0.0
2.79425	0.0
2.799	0.0
2.80375	0.0
2.8085	0.0
2.81325	0.0
2.818	0.0
2.82275	0.0
2.8275	0.0
2.83225	0.0
2.8369999999999997	0.0
2.8417499999999998	0.0
2.8465	0.0
2.85125	0.0
2.856	0.0
2.86075	0.0
2.8655	0.0
2.87025	0.0
2.875	0.0
2.87975	0.0
2.8845	0.0
2.88925	0.0
2.894	0.0
2.89875	0.0
2.9034999999999997	0.0
2.90825	0.0
2.913	0.0
2.91775	0.0
2.9225	0.0
2.92725	0.0
2.932	0.0
2.93675	0.0
2.9415	0.0
2.94625	0.0
2.951	0.0
2.95575	0.0
2.9605	0.0
2.9652499999999997	0.0
2.9699999999999998	0.0
2.97475	0.0
2.9795	0.0
2.98425	0.0
2.989	0.0
2.99375	0.0
2.9985	0.0
3.00325	0.0
3.008	0.0
3.01275	0.0
3.0175	0.0
3.02225	0.0
3.027	0.0
3.0317499999999997	0.0
3.0364999999999998	0.0
3.04125	0.0
3.046	0.0
3.05075	0.0
3.0555	0.0
3.06025	0.0
3.065	0.0
3.06975	0.0
3.0745	0.0
3.07925	0.0
3.084	0.0
3.08875	0.0
3.0935	2.3e-322
3.0982499999999997	4.062e-320
3.1029999999999998	6.91271e-318
3.10775	1.155232055e-315
3.1125	1.89605621568e-313
3.11725	3.0562872643985e-311
3.122	4.838359325996815e-309
3.12675	7.522514785629661e-307
3.1315	1.1486533038698606e-304
3.13625	1.7225659836331952e-302
3.141	2.537019188584396e-300
3.14575	3.6697174063037416e-298
3.1505	5.213177069436548e-296
3.15525	7.273330383136306e-294
3.16	9.966097669982373e-292
3.1647499999999997	1.3411518323883968e-289
3.1694999999999998	1.7725224324333293e-287
3.17425	2.3007345676214757e-285
3.179	2.9329339296056365e-283
3.18375	3.6719691716236016e-281
3.1885	4.514989635101045e-279
3.19325	5.452246388999316e-277
3.198	6.46628994147596e-275
3.20275	7.53174935765279e-273
3.2075	8.615838084490672e-271
3.21225	9.67966178650293e-269
3.217	1.068030910233276e-266
3.22175	1.1573599386112504e-264
3.2265	1.231725842992121e-262
3.2312499999999997	1.2874211697730907e-260
3.2359999999999998	1.3215640721948888e-258
3.24075	1.3323452728033077e-256
3.2455	1.3191869058085133e-254
3.25025	1.282793831711315e-252
3.255	1.2250910826058111e-250
3.25975	1.1490551642690679e-248
3.2645	1.0584597892075888e-246
3.26925	9.57566255876015e-245
3.274	8.507937433112625e-243
3.27875	7.42404723126761e-241
3.2835	6.3623586877033555e-239
3.28825	5.354964022864454e-237
3.293	4.426453944281184e-235
3.2977499999999997	3.59348905980349e-233
3.3024999999999998	2.865086172836176e-231
3.30725	2.2434688045092492e-229
3.312	1.7252950089064445e-227
3.31675	1.3030698053862779e-225
3.3215	9.665692656168189e-224
3.32625	7.041404059448594e-222
3.331	5.037865117559923e-220
3.33575	3.539930940318786e-218
3.3405	2.4428906545175475e-216
3.34525	1.6556717978134318e-214
3.35	1.10206055642707e-212
3.35475	7.2043972416653006e-211
3.3594999999999997	4.6254163180377424e-209
3.3642499999999997	2.9165202068203435e-207
3.3689999999999998	1.806093110103916e-205
3.37375	1.0984398157317479e-203
3.3785	6.561050521884165e-202
3.38325	3.848854396532469e-200
3.388	2.2174333063382043e-198
3.39275	1.2546732406939868e-196
3.3975	6.972229745477519e-195
3.40225	3.80516705232217e-193
3.407	2.0395612429360854e-191
3.41175	1.0736451291965226e-189
3.4165	5.5506743714689714e-188
3.42125	2.8183292441574255e-186
3.4259999999999997	1.405395920125598e-184
3.4307499999999997	6.882823524639707e-183
3.4354999999999998	3.310515037676476e-181
3.44025	1.5638153801965203e-179
3.445	7.254982678509898e-178
3.44975	3.305584506284533e-176
3.4545	1.4791803648478377e-174
3.45925	6.500623099954759e-173
3.464	2.805755513125773e-171
3.46875	1.1893389658068094e-169
3.4735	4.951336642258739e-168
3.47825	2.0244182652774305e-166
3.483	8.129035565444908e-165
3.48775	3.205817422572478e-163
3.4924999999999997	1.241650965576245e-161
3.4972499999999997	4.723036055528843e-160
3.502	1.7644281418385821e-158
3.50675	6.47362704638564e-157
3.5115	2.3326649280571736e-155
3.51625	8.255018075000398e-154
3.521	2.8690933701533977e-152
3.52575	9.793373543785483e-151
3.5305	3.283076046526967e-149
3.53525	1.0809125261400966e-147
3.54	3.4951123566675907e-146
3.54475	1.1099226597673155e-144
3.5495	3.4616669275290506e-143
3.55425	1.0603245685804955e-141
3.5589999999999997	3.189725825663234e-140
3.5637499999999998	9.42386095114775e-139
3.5685	2.734420925551248e-137
3.57325	7.792249556188011e-136
3.578	2.1808275330151824e-134
3.58275	5.994331748203255e-133
3.5875	1.618159072513128e-131
3.59225	4.290052776568785e-130
3.597	1.117030526932013e-128
3.60175	2.8564618857755932e-127
3.6065	7.173858558871588e-126
3.61125	1.769449492691657e-124
3.616	4.286319263537141e-123
3.62075	1.0197456139962646e-121
3.6254999999999997	2.382649503248846e-120
3.6302499999999998	5.467508412254375e-119
3.635	1.2321958555930787e-117
3.63975	2.7272880663546554e-116
3.6445	5.928478718311933e-115
3.64925	1.2656583912769774e-113
3.654	2.6536932824493576e-112
3.65875	5.464443399402479e-111
3.6635	1.1051013853621428e-109
3.66825	2.1949230505722976e-108
3.673	4.281514902846876e-107
3.67775	8.202318049115026e-106
3.6825	1.5432515971993724e-104
3.68725	2.851660694083948e-103
3.6919999999999997	5.175114327931345e-102
3.6967499999999998	9.223654616558545e-101
3.7015	1.6145336482468689e-99
3.70625	2.7755697995321898e-98
3.711	4.686171633542264e-97
3.71575	7.770432870346867e-96
3.7205	1.2654157031779398e-94
3.72525	2.023868126305238e-93
3.73	3.179012141871376e-92
3.73475	4.904143246426735e-91
3.7395	7.430107413338783e-90
3.74425	1.1055745220882706e-88
3.749	1.6156301015639885e-87
3.7537499999999997	2.3187655263624248e-86
3.7584999999999997	3.2683813108000866e-85
3.7632499999999998	4.524489519276932e-84
3.768	6.15130752169291e-83
3.77275	8.213462459309305e-82
3.7775	1.0770753788716707e-80
3.78225	1.3871611108844746e-79
3.787	1.7545619057528288e-78
3.79175	2.179573262320903e-77
3.7965	2.65910344018409e-76
3.80125	3.1861042123692677e-75
3.806	3.749261275693445e-74
3.81075	4.3330372278937e-73
3.8155	4.918131300776318e-72
3.8202499999999997	5.4823758070795776e-71
3.8249999999999997	6.002034262116734e-70
3.8297499999999998	6.453407994169375e-69
3.8345	6.814606133790645e-68
3.83925	7.067297631283468e-67
3.844	7.198251026125411e-66
3.84875	7.20048216025347e-65
3.8535	7.073871301797614e-64
3.85825	6.825173790071993e-63
3.863	6.467422884716191e-62
3.86775	6.0187982822527934e-61
3.8725	5.501096992386793e-60
3.87725	4.937985391415301e-59
3.882	4.353226696880613e-58
3.8867499999999997	3.7690660796078704e-57
3.8914999999999997	3.204920078432606e-56
3.8962499999999998	2.6764654457780117e-55
3.901	2.1951644577995397e-54
3.90575	1.7682084777676157e-53
3.9105	1.3988168631280302e-52
3.91525	1.0867990110070049e-51
3.92	8.292750410131027e-51
3.92475	6.214539302906799e-50
3.9295	4.573832626572551e-49
3.93425	3.3060740888989115e-48
3.939	2.3469610394663066e-47
3.94375	1.6362895737622697e-46
3.9485	1.1204060123033188e-45
3.9532499999999997	7.53445221427778e-45
3.9579999999999997	4.976097939440703e-44
3.9627499999999998	3.227655249304566e-43
3.9675	2.056110007219696e-42
3.97225	1.286371878551117e-41
3.977	7.90401421281977e-41
3.98175	4.769686910959137e-40
3.9865	2.8267865523845185e-39
3.99125	1.6453456432821294e-38
3.996	9.405508042567125e-38
4.00075	5.280418662149334e-37
4.0055	2.911490920091563e-36
4.01025	1.5766072066814346e-35
4.015000000000001	8.38479713061065e-35
4.01975	4.379480489569604e-34
4.0245	2.246537213904424e-33
4.029249999999999	1.1317894018197668e-32
4.034	5.599878615363055e-32
4.03875	2.7211506629020397e-31
4.0435	1.2986363283208817e-30
4.0482499999999995	6.0867223549987504e-30
4.053	2.8018212234805434e-29
4.05775	1.2666549774619874e-28
4.0625	5.623895367542522e-28
4.06725	2.45231985639068e-27
4.072	1.0502144314144032e-26
4.0767500000000005	4.417126465377859e-26
4.0815	1.8245789912946358e-25
4.08625	7.401955860198346e-25
4.090999999999999	2.9491122053695603e-24
4.09575	1.1539768240420108e-23
4.1005	4.4346960752976386e-23
4.10525	1.6737539730092966e-22
4.109999999999999	6.204122508019697e-22
4.11475	2.2585519972110204e-21
4.1195	8.074967939366913e-21
4.12425	2.8353880489510206e-20
4.129	9.777890893705953e-20
4.13375	3.3116074725447667e-19
4.1385000000000005	1.1015228370870617e-18
4.14325	3.598397544231983e-18
4.148	1.1544782689990997e-17
4.152749999999999	3.637670581905758e-17
4.1575	1.1256981644292097e-16
4.16225	3.4212241778735914e-16
4.167	1.0211795092089313e-15
4.171749999999999	2.993530142888735e-15
4.1765	8.618390417909181e-15
4.18125	2.4368549373655867e-14
4.186	6.766968807824081e-14
4.1907499999999995	1.8455238279640938e-13
4.1955	4.943176569419485e-13
4.2002500000000005	1.3003299784009042e-12
4.205	3.3594022682559937e-12
4.20975	8.523764293867572e-12
4.214499999999999	2.1240358224613783e-11
4.21925	5.19820289533078e-11
4.224	1.2494117940566912e-10
4.22875	2.949300064148155e-10
4.233499999999999	6.837436466662103e-10
4.23825	1.5567849775215096e-09
4.243	3.4811676976841912e-09
4.24775	7.645083663011466e-09
4.2524999999999995	1.6489235644271698e-08
4.25725	3.492848840190232e-08
4.2620000000000005	7.266412400959979e-08
4.26675	1.484640413033319e-07
4.2715	2.9790891422362276e-07
4.27625	5.870927315972896e-07
4.281	1.136294470653947e-06
4.28575	2.1599120512063635e-06
4.2905	4.032201496428297e-06
4.295249999999999	7.392807024946651e-06
4.3	1.3311821883358515e-05
4.30475	2.354109232844412e-05
4.3095	4.088619615801307e-05
4.3142499999999995	6.974093888702804e-05
4.319	0.00011683147406555174
4.32375	0.00019221749239841003
4.3285	0.0003105896239958943
4.33325	0.0004928808709821487
4.338	0.0007681711069444307
4.3427500000000006	0.0011758040657645654
4.3475	0.0017675549808201913
4.35225	0.002609587661752221
4.356999999999999	0.00378383189446806
4.36175	0.005388312331491337
4.3665	0.0075358921423507065
4.37125	0.010350887086206871
4.3759999999999994	0.013963087281460517
4.38075	0.01849891764784457
4.3855	0.024069782722436053
4.39025	0.03075806464825107
4.395	0.03860173504646334
4.39975	0.04757903508624439
4.4045000000000005	0.057595084461539964
4.40925	0.06847250137241297
4.414	0.07994806407983047
4.418749999999999	0.09167706370938421
4.4235	0.10324628234518304
4.42825	0.11419553802239613
4.433	0.12404659049700809
4.437749999999999	0.1323370695308113
4.4425	0.13865616351619509
4.44725	0.14267826849741405
4.452	0.14419077149531528
4.4567499999999995	0.1431126703899755
4.4615	0.1395017610018402
4.4662500000000005	0.13354950390205164
4.471	0.12556420543607352
4.47575	0.11594456916245087
4.480499999999999	0.10514677433160921
4.48525	0.0936488570986988
4.49	0.08191623697323656
4.49475	0.07037177256327477
4.499499999999999	0.05937286031175851
4.50425	0.049196979279282384
4.509	0.0400359269541467
4.51375	0.03199796237051261
4.5184999999999995	0.025116304699088904
4.52325	0.019361996951510745
4.528	0.014659040217651645
4.53275	0.010899884848819838
4.5375	0.00795974707497519
4.54225	0.00570870512559799
4.547	0.004021026526366059
4.55175	0.002781616475853108
4.5565	0.0018898117573979314
4.56125	0.0012609585993612353
4.566	0.0008263120641720628
4.57075	0.0005318000133077794
4.5755	0.00033613487860478764
4.5802499999999995	0.0002086602860299065
4.585	0.00012721168422891638
4.5897499999999996	7.616846286288949e-05
4.5945	4.479034056715535e-05
4.59925	2.5867503862950642e-05
4.604	1.4671876584333323e-05
4.60875	8.172930246186584e-06
4.6135	4.471270085981559e-06
4.61825	2.402398236989861e-06
4.623	1.2677104824903498e-06
4.62775	6.569860483132954e-07
4.6325	3.343899352480203e-07
4.63725	1.6715186706740684e-07
4.6419999999999995	8.205976168178881e-08
4.64675	3.956491666646348e-08
4.6514999999999995	1.8734894158219248e-08
4.65625	8.712709161132437e-09
4.661	3.97938698201973e-09
4.66575	1.7850077961535658e-09
4.6705	7.863665731776096e-10
4.67525	3.4022870791162074e-10
4.68	1.4456989048493363e-10
4.68475	6.033172361317731e-11
4.6895	2.4727180452672857e-11
4.69425	9.953239357929727e-12
4.699	3.934733137065764e-12
4.70375	1.5276613884932076e-12
4.7085	5.82505333009699e-13
4.7132499999999995	2.1813918901782554e-13
4.718	8.022846208697959e-14
4.72275	2.8979055380039073e-14
4.7275	1.0280185871814582e-14
4.73225	3.581613297913989e-15
4.737	1.2255115403345598e-15
4.74175	4.1182916683700425e-16
4.7465	1.3591825240594512e-16
4.75125	4.405543026274243e-17
4.756	1.4024329177190106e-17
4.76075	4.384557110783227e-18
4.7655	1.346264364931642e-18
4.77025	4.0597188106541573e-19
4.7749999999999995	1.202326840152604e-19
4.77975	3.497116618740827e-20
4.7844999999999995	9.989843219002601e-21
4.78925	2.8026457976318354e-21
4.794	7.72215902770066e-22
4.79875	2.089634126868829e-22
4.8035	5.553448492119495e-23
4.80825	1.449493354568153e-23
4.813	3.7156148817310014e-24
4.81775	9.354189059496667e-25
4.8225	2.3128239584190774e-25
4.82725	5.616166780773917e-26
4.832	1.3393633159706005e-26
4.83675	3.137023613854139e-27
4.8415	7.216027182302354e-28
4.8462499999999995	1.6301948535057093e-28
4.851	3.6169446231631244e-29
4.85575	7.881432965020225e-30
4.8605	1.6866675792527548e-30
4.86525	3.5449881905616995e-31
4.87	7.317472062527726e-32
4.87475	1.4834343727906128e-32
4.8795	2.9534973622509672e-33
4.88425	5.775183943947124e-34
4.889	1.1090625485852485e-34
4.89375	2.0917377935589957e-35
4.8985	3.874533597610386e-36
4.90325	7.048433451334576e-37
4.9079999999999995	1.2592929172368143e-37
4.91275	2.2096419297001536e-38
4.9174999999999995	3.8078341869444186e-39
4.92225	6.444587721634731e-40
4.927	1.0712065881528991e-40
4.93175	1.7486879408088752e-41
4.9365	2.80357629839489e-42
4.94125	4.4144177465051145e-43
4.946	6.826458634703764e-44
4.95075	1.0367605930081273e-44
4.9555	1.5464022912853642e-45
4.96025	2.265309113546581e-46
4.965	3.2590681684646534e-47
4.9697499999999994	4.6049021081284873e-48
4.9745	6.3901109580285556e-49
4.9792499999999995	8.708847019353307e-50
4.984	1.1661946399870386e-50
4.98875	1.575518180017063e-51
4.9935	5.3331038906878525e-52
4.99825	2.5816184027189962e-51
5.003	1.913619539544467e-50
5.00775	1.4063052710479316e-49
5.0125	1.0151568434393187e-48
5.01725	7.196955444552357e-48
5.022	5.011012487224515e-47
5.02675	3.426597872129358e-46
5.0315	2.3012392954644385e-45
5.03625	1.5178239677001172e-44
5.0409999999999995	9.832003310222487e-44
5.04575	6.254946657771241e-43
5.0504999999999995	3.9081046919291613e-42
5.05525	2.3981136039958553e-41
5.06	1.4452211241725766e-40
5.06475	8.553814612548061e-40
5.0695	4.9721743727061095e-39
5.07425	2.83853237994617e-38
5.079	1.5914842287013335e-37
5.08375	8.763383353797603e-37
5.0885	4.7391697635196966e-36
5.09325	2.517060800990788e-35
5.098	1.3129437833768853e-34
5.1027499999999995	6.726041470515896e-34
5.1075	3.384027898703843e-33
5.1122499999999995	1.672127207841902e-32
5.117	8.114573097692676e-32
5.12175	3.867435013220672e-31
5.1265	1.810261675677561e-30
5.13125	8.321865155272878e-30
5.136	3.757171125628748e-29
5.14075	1.6659511490861503e-28
5.1455	7.254784781451889e-28
5.15025	3.1027571767187428e-27
5.155	1.3032628897060713e-26
5.15975	5.376222742125027e-26
5.1645	2.1781283261928984e-25
5.16925	8.666638003465546e-25
5.1739999999999995	3.3867164360601655e-24
5.17875	1.2997744586470967e-23
5.1834999999999996	4.899120778548493e-23
5.18825	1.8135489349337744e-22
5.193	6.593278118003092e-22
5.19775	2.3541519820679426e-21
5.2025	8.255218700194409e-21
5.20725	2.8430444774238825e-20
5.212	9.616116347499203e-20
5.21675	3.194307706570401e-19
5.2215	1.0421129044884984e-18
5.22625	3.3389797327847478e-18
5.231	1.0506880109410242e-17
5.2357499999999995	3.247093206415292e-17
5.2405	9.855455878190992e-17
5.2452499999999995	2.937782676413871e-16
5.25	8.60049797032349e-16
5.25475	2.47279728061189e-15
5.2595	6.9825558132858624e-15
5.26425	1.9364277682477887e-14
5.269	5.274109864840069e-14
5.27375	1.4107758850449883e-13
5.2785	3.7061915987184223e-13
5.28325	9.562219124566631e-13
5.288	2.422983744871017e-12
5.29275	6.0298053691757824e-12
5.2975	1.4737271088162115e-11
5.30225	3.537462421936767e-11
5.3069999999999995	8.339261306942147e-11
5.31175	1.930742313077092e-10
5.3165	4.39017700862176e-10
5.32125	9.803941974991719e-10
5.326	2.1502077258582663e-09
5.33075	4.63149381435279e-09
5.3355	9.797668548421402e-09
5.34025	2.0355669124545168e-08
5.345	4.1534501950975375e-08
5.34975	8.323262964285694e-08
5.3545	1.6380954698968172e-07
5.35925	3.166254261233993e-07
5.364	6.010538036971788e-07
5.3687499999999995	1.1205774974792628e-06
5.3735	2.0517830080829184e-06
5.3782499999999995	3.689622595460094e-06
5.383	6.5161856071820904e-06
5.38775	1.1302276608091956e-05
5.3925	1.9253043943511285e-05
5.39725	3.221023229373854e-05
5.402	5.292358999875379e-05
5.40675	8.540154356550128e-05
5.4115	0.00013534528436747156
5.41625	0.00021065972946223487
5.421	0.0003220185572737485
5.42575	0.0004834385318507312
5.430499999999999	0.0007127916595845912
5.43525	0.001032155048105339
5.4399999999999995	0.0014678722396393278
5.44475	0.002050182669362394
5.4495	0.002812275370815853
5.45425	0.00378864674583301
5.459	0.0050126960103960855
5.46375	0.006513577836992655
5.4685	0.008312445887501798
5.47325	0.010418352310041843
5.478	0.012824198528333096
5.48275	0.015503237858189186
5.4875	0.01840668467488717
5.49225	0.02146296509662028
5.497	0.024579036287449816
5.5017499999999995	0.027644005251184055
5.5065	0.030535010061636038
5.5112499999999995	0.03312502026854034
5.516	0.03529191483439851
5.52075	0.03692795662075609
5.5255	0.037948648713591715
5.53025	0.038299961700123744
5.535	0.037963071940554385
5.53975	0.03695603253587427
5.5445	0.035332170560128544
5.54925	0.03317540858803913
5.554	0.030593081738769845
5.55875	0.02770710550652815
5.5634999999999994	0.024644503592678994
5.56825	0.021528311863911746
5.5729999999999995	0.01846974346671566
5.57775	0.015562262570856703
5.5825	0.012877916545852795
5.58725	0.010465969827174898
5.592	0.008353613602597555
5.59675	0.006548327480420657
5.6015	0.005041359534935259
5.60625	0.00381176962899022
5.611	0.0028305337785925915
5.61575	0.002064311744743281
5.6205	0.0014786100521276219
5.62525	0.0010402042296571061
5.63	0.000718798767740341
5.6347499999999995	0.00048798986758789343
5.6395	0.00032565051571243996
5.6442499999999995	0.00021388165055487703
5.649	0.0001386729979998713
5.65375	8.940013748699468e-05
5.6585	5.8258143993451166e-05
5.66325	3.97031684874746e-05
5.668	2.9946212080718988e-05
5.67275	2.652087633312751e-05
5.6775	2.793017493166367e-05
5.68225	3.336653235474488e-05
5.687	4.2493122783001e-05
5.69175	5.527264885030539e-05
5.6964999999999995	7.18304131412107e-05
5.70125	9.234109278759822e-05
5.7059999999999995	0.00011693214839421372
5.71075	0.00014560059634332592
5.7155	0.00017814338496863528
5.72025	0.0002141043756537932
5.725	0.0002527425731508523
5.72975	0.0002930265322140784
5.7345	0.0003336587115791194
5.73925	0.000373131076785254
5.744	0.00040980981579716373
5.74875	0.00044204316819184753
5.7535	0.0004682827497958099
5.75825	0.0004872060685864388
5.763	0.0004978267518179145
5.7677499999999995	0.0004995796829161592
5.7725	0.0004923708060407187
5.7772499999999996	0.00047658548098534174
5.782	0.0004530543513798581
5.78675	0.0004229809314698351
5.7915	0.00038783969559232155
5.79625	0.00034925667085807075
5.801	0.0003088859449128281
5.80575	0.00026829499383701857
5.8105	0.00022886952890724472
5.81525	0.00019174514076689765
5.82	0.00015776902532416292
5.82475	0.00012749116886841128
5.8294999999999995	0.00010118111192964348
5.83425	7.886417732268789e-05
5.8389999999999995	6.0369988264913166e-05
5.84375	4.538615481076546e-05
5.8485	3.351094488383402e-05
5.85325	2.4300261179643106e-05
5.858	1.7305979859941125e-05
5.86275	1.2104376705776954e-05
5.8675	8.314758750238444e-06
5.87225	5.6094187156765585e-06
5.877	3.7166105052256445e-06
5.88175	2.4184506271681745e-06
5.8865	1.5455689553068925e-06
5.891249999999999	9.700643188621055e-07
5.896	5.979621020262638e-07
5.9007499999999995	3.619993359400753e-07
5.9055	2.1523003306541473e-07
5.91025	1.2567791165023134e-07
5.915	7.207356816361524e-08
5.91975	4.059327357560996e-08
5.9245	2.2453968684949438e-08
5.92925	1.2198126536976883e-08
5.934	6.508098844564044e-09
5.93875	3.410170797908847e-09
5.9435	1.754927204963568e-09
5.94825	8.869580228995618e-10
5.953	4.402587650289648e-10
5.95775	2.1462185301294262e-10
5.9624999999999995	1.0275450085787688e-10
5.96725	4.8315752992013654e-11
5.9719999999999995	2.231195551128612e-11
5.97675	1.0119230833606649e-11
5.9815	4.507319614772264e-12
5.98625	1.9717424740231183e-12
5.991	8.471162508639949e-13
5.99575	3.5743478837970735e-13
6.0005	1.4811928596308597e-13
6.00525	6.028196284582621e-14
6.01	2.4094845437730475e-14
6.01475	9.458491745050595e-15
6.0195	3.6465369462572566e-15
6.024249999999999	1.380703201058351e-15
6.029	5.13429750294072e-16
6.0337499999999995	1.8750925690483073e-16
6.0385	6.725512436740503e-17
6.04325	2.3691307633596625e-17
6.048	8.196221163635872e-18
6.05275	2.7848338545620698e-18
6.0575	9.292785136889955e-19
6.06225	3.0454641121932717e-19
6.067	9.802166183061003e-20
6.07175	3.098500858033385e-20
6.0765	9.61927110727851e-21
6.08125	2.9328759465129183e-21
6.086	8.782258319192669e-22
6.09075	2.5827341512088157e-22
6.0954999999999995	7.45957676969311e-23
6.10025	2.1159707260301748e-23
6.1049999999999995	5.894759714828216e-24
6.10975	1.61281124677126e-24
6.1145	4.333731136493346e-25
6.11925	1.1436716874897563e-25
6.124	2.964160803938847e-26
6.12875	7.545067596541542e-27
6.1335	1.8861902449188216e-27
6.13825	4.630936633500011e-28
6.143	1.11663996427268e-28
6.14775	2.644347220439275e-29
6.1525	6.1501368295571174e-30
6.1572499999999994	1.404792114009913e-30
6.162	3.151376757652363e-31
6.1667499999999995	6.943038592748353e-32
6.1715	1.502310890484437e-32
6.17625	3.192500958826314e-33
6.181	6.662899180745239e-34
6.18575	1.3657035297291787e-34
6.1905	2.7492270384716456e-35
6.19525	5.435328108193078e-36
6.2	1.0553631104613442e-36
6.20475	2.0125145925438724e-37
6.2095	3.769095582850959e-38
6.21425	6.932601691633751e-39
6.218999999999999	1.2523229256127883e-39
6.22375	2.221761301145473e-40
6.2284999999999995	3.871145094064662e-41
6.23325	6.624338025548448e-42
6.2379999999999995	1.11328538074759e-42
6.24275	1.8375176163753967e-43
6.2475	2.978636460451269e-44
6.25225	4.7420319495546916e-45
6.257	7.41433892730725e-46
6.26175	1.1385218726877481e-46
6.2665	1.717003999349124e-47
6.27125	2.5430928662884242e-48
6.276	3.699253702084859e-49
6.28075	5.284781051414264e-50
6.2855	7.41482432267207e-51
6.2902499999999995	1.0217289927216138e-51
6.295	1.3827114304631087e-52
6.2997499999999995	1.8377582181985497e-53
6.3045	2.398867046975479e-54
6.30925	3.0752821561013948e-55
6.314	3.871905441920631e-56
6.31875	4.7876842582008194e-57
6.3235	5.814163561608809e-58
6.32825	6.934417299594906e-59
6.333	8.12257417126886e-60
6.33775	9.344119482576345e-61
6.3425	1.055708613577167e-61
6.34725	1.1714148668183491e-62
6.351999999999999	1.276551624470259e-63
6.35675	1.3662400695414089e-64
6.3614999999999995	1.4360734022192725e-65
6.36625	1.482474540023557e-66
6.3709999999999996	1.5029994894136716e-67
6.37575	1.496550606114325e-68
6.3805	1.463473847338814e-69
6.38525	1.4055280240895462e-70
6.39	1.3257298567079935e-71
6.39475	1.228093830526277e-72
6.3995	1.1172980653435026e-73
6.40425	9.983148434907223e-75
6.409	8.760461690948319e-76
6.41375	7.550008589930538e-77
6.4185	6.390412331913873e-78
6.4232499999999995	5.3121618846775787e-79
6.428	4.336853043802171e-80
6.4327499999999995	3.4772754586779502e-81
6.4375	2.738195607252501e-82
6.44225	2.117633642649001e-83
6.447	1.6084152089686444e-84
6.45175	1.1997934835623051e-85
6.4565	8.789735594121691e-87
6.46125	6.324207459611191e-88
6.466	4.468866588830288e-89
6.47075	3.101341965516096e-90
6.4755	2.1137951960207398e-91
6.48025	1.4149371256103753e-92
6.484999999999999	9.301914897291418e-94
6.48975	6.00576820489302e-95
6.4944999999999995	3.808252672829253e-96
6.49925	2.371613584633611e-97
6.504	1.4505178837533521e-98
6.50875	8.712910052797641e-100
6.5135	5.140014666444757e-101
6.51825	2.978012184776556e-102
6.523	1.694531190575794e-103
6.52775	9.469643912296396e-105
6.5325	5.197311111090373e-106
6.53725	2.80146218784272e-107
6.542	1.4830363645836211e-108
6.54675	7.710451682205693e-110
6.5515	3.937030908861305e-111
6.5562499999999995	1.9743257660536198e-112
6.561	9.7236604956318e-114
6.5657499999999995	4.703289863338087e-115
6.5705	2.2342650287064882e-116
6.57525	1.042386109000543e-117
6.58	4.776211250300033e-119
6.58475	2.149311804015302e-120
6.5895	9.498965384031255e-122
6.59425	4.123007936787368e-123
6.599	1.7575715791898427e-124
6.60375	7.358221486678648e-126
6.6085	3.0254757465439057e-127
6.61325	1.2217306800432119e-128
6.617999999999999	4.845273189837323e-130
6.62275	1.8872178785999226e-131
6.6274999999999995	7.219162209211677e-133
6.63225	2.712142740606964e-134
6.637	1.0006893321348832e-135
6.64175	3.626160157827777e-137
6.6465	1.2904930744989477e-138
6.65125	4.510506980048765e-140
6.656	1.5483032479933124e-141
6.66075	5.219725626847446e-143
6.6655	1.7282251060474358e-144
6.67025	5.619710317164595e-146
6.675	1.7946862410387734e-147
6.679749999999999	5.628907629371641e-149
6.6845	1.733886619539392e-150
6.6892499999999995	5.24539566470683e-152
6.694	1.558464074373785e-153
6.6987499999999995	4.547537849570518e-155
6.7035	1.30321729256689e-156
6.70825	3.667907124200636e-158
6.713	1.0138665880184394e-159
6.71775	2.7523539091180858e-161
6.7225	7.33818618616615e-163
6.72725	1.9214724467696286e-164
6.732	4.941292701680349e-166
6.73675	1.2479810311890413e-167
6.7415	3.095539661268965e-169
6.74625	7.540944522722988e-171
6.7509999999999994	1.8041643767727113e-172
6.75575	4.239234546338599e-174
6.7604999999999995	9.782723359604082e-176
6.76525	2.21713983008984e-177
6.77	4.935002534158658e-179
6.77475	1.0788042797191133e-180
6.7795	2.3161086360656917e-182
6.78425	4.883556040716052e-184
6.789	1.011286966885311e-185
6.79375	2.0567126976345517e-187
6.7985	4.1080321422131115e-189
6.80325	8.058515047973717e-191
6.808	1.5525199660385258e-192
6.812749999999999	2.9375167491829637e-194
6.8175	5.458640506617015e-196
6.8222499999999995	9.962070716789293e-198
6.827	1.7855652758966515e-199
6.8317499999999995	3.1431335000198065e-201
6.8365	5.433890817067683e-203
6.84125	9.226138567278288e-205
6.846	1.5384735094912525e-206
6.85075	2.5195388360774972e-208
6.8555	4.0524071768483906e-210
6.86025	6.401269020711877e-212
6.865	9.930704688851065e-214
6.86975	1.5130561323909826e-215
6.8745	2.264075980718564e-217
6.87925	3.3272691955256e-219
6.8839999999999995	4.802262169194724e-221
6.88875	6.807141475875263e-223
6.8934999999999995	9.476428114715962e-225
6.89825	1.2956435961154455e-226
6.903	1.739752293615033e-228
6.90775	2.294300328072508e-230
6.9125	2.97148882496021e-232
6.91725	3.7797138324507426e-234
6.922	4.721768856155002e-236
6.92675	5.793106481685202e-238
6.9315	6.980383507475611e-240
6.93625	8.26053243597921e-242
6.941	9.600586890243614e-244
6.945749999999999	1.0958434316638877e-245
6.9505	1.228457736651825e-247
6.9552499999999995	1.3524864266994792e-249
6.96	1.4624014042643226e-251
6.9647499999999996	1.5529635418669715e-253
6.9695	1.6196340909370115e-255
6.97425	1.6589509419718732e-257
6.979	1.6688264017123801e-259
6.98375	1.648730852938467e-261
6.9885	1.5997398109922783e-263
6.99325	1.5244385584524845e-265
6.998	1.4266961261288938e-267
7.00275	1.3113361193399768e-269
7.007499999999999	1.1837433429958064e-271
7.01225	1.0494507455540926e-273
7.0169999999999995	9.137503488145654e-276
7.02175	7.813651473446276e-278
7.0264999999999995	6.562079691069279e-280
7.03125	5.412400797635143e-282
7.036	4.3842911121837526e-284
7.04075	3.487946392323126e-286
7.0455	2.7252177215600024e-288
7.05025	2.0911904742786702e-290
7.055	1.5759664367333549e-292
7.05975	1.166437090284556e-294
7.0645	8.478844338590128e-297
7.06925	6.053032255119118e-299
7.074	4.243950391810762e-301
7.078749999999999	2.9223255415741114e-303
7.0835	1.976277260779583e-305
7.0882499999999995	1.3125871189594308e-307
7.093	8.561884935111e-310
7.09775	5.484936708256e-312
7.1025	3.4509195806e-314
7.10725	2.1323527e-316
7.112	1.29403e-318
7.11675	7.71e-321
7.1215	4.4e-323
7.12625	0.0
7.131	0.0
7.13575	0.0
7.140499999999999	0.0
7.14525	0.0
7.1499999999999995	0.0
7.15475	0.0
7.1594999999999995	0.0
7.16425	0.0
7.169	0.0
7.17375	0.0
7.1785	0.0
7.18325	0.0
7.188	0.0
7.19275	0.0
7.1975	0.0
7.20225	0.0
7.207	0.0
7.211749999999999	0.0
7.2165	0.0
7.2212499999999995	0.0
7.226	0.0
7.23075	0.0
7.2355	0.0
7.24025	0.0
7.245	0.0
7.24975	0.0
7.2545	0.0
7.25925	0.0
7.264	0.0
7.26875	0.0
7.273499999999999	0.0
7.27825	0.0
7.2829999999999995	0.0
7.28775	0.0
7.2924999999999995	0.0
7.29725	0.0
7.302	0.0
7.30675	0.0
7.3115	0.0
7.31625	0.0
7.321	0.0
7.32575	0.0
7.3305	0.0
7.33525	0.0
7.34	0.0
7.3447499999999994	0.0
7.3495	0.0
7.3542499999999995	0.0
7.359	0.0
7.36375	0.0
7.3685	0.0
7.37325	0.0
7.378	0.0
7.38275	0.0
7.3875	0.0
7.39225	0.0
7.397	0.0
7.40175	0.0
7.406499999999999	2e-323
7.41125	3.75e-321
7.4159999999999995	6.43155e-319
7.42075	1.08343137e-316
7.4254999999999995	1.7924582695e-314
7.43025	2.912444685134e-312
7.435	4.6475845847145e-310
7.43975	7.283798182394e-308
7.4445	1.1211132619588102e-305
7.44925	1.694736022111219e-303
7.454	2.516028845374763e-301
7.45875	3.6685137876731207e-299
7.4635	5.253221101321475e-297
7.468249999999999	7.387920086254749e-295
7.473	1.0204216932365996e-292
7.4777499999999995	1.3841978201461572e-290
7.4825	1.844070939105904e-288
7.4872499999999995	2.412781927725998e-286
7.492	3.1004126720553424e-284
7.49675	3.9127483764919886e-282
7.5015	4.849593323811369e-280
7.50625	5.903230035101291e-278
7.511	7.057243094396625e-276
7.51575	8.285933290124717e-274
7.5205	9.554517762038576e-272
7.52525	1.0820245046713326e-269
7.53	1.2034454387707365e-267
7.53475	1.314548756464364e-265
7.539499999999999	1.4102235949177331e-263
7.54425	1.4857996078239699e-261
7.5489999999999995	1.5374233991981855e-259
7.55375	1.5623837686695622e-257
7.5584999999999996	1.559347595572144e-255
7.56325	1.5284778024972973e-253
7.568	1.4714188713106988e-251
7.57275	1.3911517036607217e-249
7.5775	1.2917356534961129e-247
7.58225	1.1779687959615982e-245
7.587	1.0550059533449925e-243
7.59175	9.279765869495545e-242
7.5965	8.016413528600135e-240
7.601249999999999	6.801178764791993e-238
7.606	5.66694832709865e-236
7.6107499999999995	4.637407923411838e-234
7.6155	3.727025218688328e-232
7.6202499999999995	2.9417810609505917e-230
7.625	2.2804436673585785e-228
7.62975	1.7361583525665157e-226
7.6345	1.29813632925139e-224
7.63925	9.532619512204995e-223
7.644	6.874881204270389e-221
7.64875	4.869441155452151e-219
7.6535	3.3873028730274957e-217
7.65825	2.314141568575687e-215
7.663	1.552697312383117e-213
7.66775	1.0231626158212759e-211
7.672499999999999	6.621608664371504e-210
7.67725	4.208655151031219e-208
7.6819999999999995	2.6271456932825383e-206
7.68675	1.6105935620360625e-204
7.6915	9.697253393763754e-203
7.69625	5.734195743077506e-201
7.701	3.330099948661899e-199
7.70575	1.8993412816037687e-197
7.7105	1.0639218576656817e-195
7.71525	5.85298538435277e-194
7.72	3.162322314057197e-192
7.72475	1.6780148892355466e-190
7.7295	8.744731355489648e-189
7.734249999999999	4.475670631231221e-187
7.739	2.2497318160342586e-185
7.7437499999999995	1.1106171260558473e-183
7.7485	5.384668437708145e-182
7.7532499999999995	2.5639795193875317e-180
7.758	1.1990329600458745e-178
7.76275	5.506918838463153e-177
7.7675	2.4839749669382067e-175
7.77225	1.100390261769011e-173
7.777	4.787483017855671e-172
7.78175	2.0456377955358977e-170
7.7865	8.584425116007568e-169
7.79125	3.5379743375926935e-167
7.795999999999999	1.4320531107415224e-165
7.80075	5.692782038528613e-164
7.805499999999999	2.2225470929831949e-162
7.81025	8.521938039353054e-161
7.8149999999999995	3.2091259116459074e-159
7.81975	1.1868507996530883e-157
7.8245	4.310885430860646e-156
7.82925	1.5377927874387488e-154
7.834	5.387535476799541e-153
7.83875	1.8537170776390107e-151
7.8435	6.264086461075549e-150
7.84825	2.0788972304667815e-148
7.853	6.775935798483914e-147
7.85775	2.1690348444674094e-145
7.8625	6.819063893948817e-144
7.867249999999999	2.105445360614249e-142
7.872	6.384460075407728e-141
7.8767499999999995	1.901364409109262e-139
7.8815	5.561187393915346e-138
7.8862499999999995	1.5974625426755145e-136
7.891	4.506660287889052e-135
7.89575	1.248647768482269e-133
7.9005	3.3977080030538053e-132
7.90525	9.080152562958948e-131
7.91	2.3832040184487713e-129
7.91475	6.143138178486679e-128
7.9195	1.555178810336132e-126
7.92425	3.866618825282352e-125
7.928999999999999	9.44155171843214e-124
7.93375	2.2642082914066402e-122
7.9384999999999994	5.332739398661545e-121
7.94325	1.2335175425230726e-119
7.9479999999999995	2.802213906462951e-118
7.95275	6.251989247096888e-117
7.9575	1.3699229627028697e-115
7.96225	2.948051411606115e-114
7.967	6.230672800742959e-113
7.97175	1.293289709563683e-111
7.9765	2.6364387329252117e-110
7.98125	5.278378502171949e-109
7.986	1.0378733488490438e-107
7.99075	2.0042374609868566e-106
7.9955	3.80114971182481e-105
8.00025	7.080138599542997e-104
8.004999999999999	1.295178207602761e-102
8.00975	2.3269030136360807e-101
8.0145	4.1057076350751773e-100
8.01925	7.114735235916167e-99
8.024000000000001	1.210850291135409e-97
8.028749999999999	2.0238724684235814e-96
8.0335	3.322284493589707e-95
8.03825	5.356134576286638e-94
8.043	8.480610675116964e-93
8.04775	1.318753898964672e-91
8.0525	2.0140088364607123e-90
8.05725	3.0207860797058632e-89
8.062	4.4497904083240604e-88
8.066749999999999	6.437542724746651e-87
8.0715	9.146641930809761e-86
8.07625	1.2763336396699794e-84
8.081	1.7491527552518467e-83
8.08575	2.354248192983025e-82
8.090499999999999	3.111986738368151e-81
8.09525	4.040026502046126e-80
8.1	5.1510014849625667e-79
8.10475	6.45000603118968e-78
8.1095	7.932125026950465e-77
8.11425	9.580318903438264e-76
8.119	1.1364003669454415e-74
8.123750000000001	1.3238651487180085e-73
8.128499999999999	1.5146668410961174e-72
8.13325	1.7019683171674768e-71
8.138	1.878221506518045e-70
8.14275	2.0356501032395865e-69
8.1475	2.166808041300498e-68
8.152249999999999	2.265159198867336e-67
8.157	2.3256159994498686e-66
8.16175	2.3449752722338653e-65
8.1665	2.3221994235093128e-64
8.17125	2.2585085706914817e-63
8.176	2.157272253367137e-62
8.18075	2.0237140969033298e-61
8.185500000000001	1.8644654536461204e-60
8.190249999999999	1.6870210799130247e-59
8.195	1.4991588827445773e-58
8.19975	1.3083857337011482e-57
8.2045	1.1214629294620977e-56
8.20925	9.440500709460476e-56
8.213999999999999	7.804878032567304e-55
8.21875	6.337211429150259e-54
8.2235	5.053488217737598e-53
8.22825	3.95772216151605e-52
8.233	3.0441099361589456e-51
8.23775	2.2995155309783795e-50
8.2425	1.705977685629889e-49
8.247250000000001	1.2430005761633453e-48
8.251999999999999	8.894679384935623e-48
8.25675	6.251010827434166e-47
8.2615	4.314507106419148e-46
8.26625	2.924644682018742e-45
8.271	1.947045127482523e-44
8.275749999999999	1.27303372413689e-43
8.2805	8.174567507350491e-43
8.28525	5.155260852801206e-42
8.29	3.1929894993997973e-41
8.29475	1.942250849256536e-40
8.2995	1.160310264914008e-39
8.30425	6.807755242073009e-39
8.309000000000001	3.9227869040613843e-38
8.313749999999999	2.219966827310287e-37
8.3185	1.233841113778932e-36
8.32325	6.73492827440657e-36
8.328	3.6105028892046163e-35
8.33275	1.9009180888757677e-34
8.337499999999999	9.829243512096076e-34
8.34225	4.991576946309585e-33
8.347	2.4895246487846414e-32
8.35175	1.219427754669299e-31
8.3565	5.8661978318427855e-31
8.36125	2.771521928981648e-30
8.366	1.2859998499907312e-29
8.370750000000001	5.860362777921686e-29
8.375499999999999	2.62282351813889e-28
8.38025	1.1528548255624386e-27
8.385	4.976696528231471e-27
8.38975	2.1099330775525626e-26
8.3945	8.785311948120257e-26
8.399249999999999	3.592581903538677e-25
8.404	1.4428366102882066e-24
8.40875	5.6910003675032285e-24
8.413499999999999	2.2045556100674345e-23
8.41825	8.387151497436319e-23
8.423	3.1337828660614556e-22
8.42775	1.149964146824846e-21
8.432500000000001	4.144390632920661e-21
8.437249999999999	1.4668916998768096e-20
8.442	5.0991337492797234e-20
8.44675	1.7408275075513407e-19
8.4515	5.836816796987038e-19
8.45625	1.9220176357477756e-18
8.460999999999999	6.2158375977298836e-18
8.46575	1.974253580983663e-17
8.4705	6.158390083084478e-17
8.475249999999999	1.8866547744739594e-16
8.48	5.676474198224017e-16
8.48475	1.677358454139189e-15
8.4895	4.867815175895991e-15
8.494250000000001	1.387405025571528e-14
8.498999999999999	3.883590507494254e-14
8.50375	1.0676393767123076e-13
8.5085	2.8825491415720654e-13
8.51325	7.643457256167486e-13
8.518	1.990508091022144e-12
8.52275	5.0909524164203704e-12
8.5275	1.2787778732060497e-11
8.53225	3.1546571940581525e-11
8.536999999999999	7.643111886801654e-11
8.54175	1.8186504995333824e-10
8.5465	4.250003227214847e-10
8.55125	9.754168599276635e-10
8.556	2.198630462086425e-09
8.56075	4.8671553495045e-09
8.5655	1.0581790529317016e-08
8.57025	2.2594570844211765e-08
8.575	4.7381632295455795e-08
8.57975	9.75836197873888e-08
8.5845	1.973807588373244e-07
8.58925	3.920971533597671e-07
8.594	7.649684944757121e-07
8.598749999999999	1.465731404795868e-06
8.6035	2.75820297126283e-06
8.60825	5.097521138550785e-06
8.613	9.252366626417109e-06
8.61775	1.6493302184849185e-05
8.6225	2.8875092442381387e-05
8.62725	4.9647814445837785e-05
8.632	8.383741355340738e-05
8.63675	0.00013903898623349165
8.6415	0.00022646250045348288
8.64625	0.00036225716867376717
8.651	0.0005691132059453904
8.65575	0.000878094633015222
8.660499999999999	0.0013305921800823312
8.66525	0.0019802024586498255
8.67	0.0028942444465725452
8.67475	0.004154529111512248
8.679499999999999	0.005856921307134368
8.68425	0.00810919895967592
8.689	0.011026749475427563
8.69375	0.014725771047473576
8.6985	0.019313881601267194
8.70325	0.02487837846036763
8.708	0.03147281292218988
8.71275	0.03910299612648935
8.7175	0.04771396352085036
8.722249999999999	0.057179708638245876
8.727	0.06729756746904136
8.73175	0.07778892676058016
8.7365	0.08830741610590592
8.741249999999999	0.09845495088090017
8.746	0.10780500575240609
8.75075	0.11593145308111671
8.7555	0.12244036540849702
8.76025	0.12700152652679406
8.765	0.12937615903099092
8.76975	0.12943763175016942
8.7745	0.1271826483179188
8.77925	0.1227315414062496
8.783999999999999	0.11631763665801385
8.78875	0.10826699567531849
8.7935	0.09897098702651243
8.79825	0.08885489592450357
8.802999999999999	0.07834606573565414
8.80775	0.06784485341923611
8.8125	0.057701046346460706
8.81725	0.04819746466233889
8.822	0.039541430638424954
8.82675	0.03186379332062461
8.8315	0.025224391575342092
8.83625	0.01962230865041845
8.841	0.015009045169400102
8.84575	0.01130278983783826
8.8505	0.00840223332513082
8.85525	0.006198765667391469
8.86	0.0045863347387009425
8.864749999999999	0.0034686505855916734
8.8695	0.002763748896230779
8.87425	0.0024061541011923806
8.879	0.002347009780383161
8.88375	0.002552589679108774
8.8885	0.0030015944354411686
8.89325	0.0036816061045948393
8.898	0.004585038599786335
8.90275	0.005704901794891294
8.9075	0.007030693835378295
8.91225	0.008544743600804386
8.917	0.010219329342446631
8.92175	0.012014883290197073
8.926499999999999	0.01387954029340138
8.93125	0.01575019254809186
8.936	0.01755507318329891
8.94075	0.019217721117169646
8.9455	0.020662000377158936
8.95025	0.02181768766081704
8.955	0.022626031853835448
8.95975	0.023044652670359437
8.9645	0.023051195581314618
8.96925	0.022645294999618624
8.974	0.021848600074975476
8.97875	0.02070285737765622
8.9835	0.019266284870277903
8.988249999999999	0.017608674373421913
8.993	0.015805794756981226
8.99775	0.013933717514196699
9.0025	0.012063647844952815
9.007249999999999	0.010257730524531607
9.012	0.008566134820980618
9.01675	0.0070255367488094205
9.0215	0.005658940125320762
9.02625	0.004476634863324343
9.031	0.0034779972232630973
9.03575	0.0026537974587832087
9.0405	0.0019886909685418435
9.04525	0.001463618241499585
9.049999999999999	0.0010579114322780718
9.05475	0.0007509859149366878
9.0595	0.0005235706072166623
9.06425	0.00035849219785953146
9.068999999999999	0.0002410710965725744
9.07375	0.00015921044754024338
9.0785	0.00010326638342674382
9.08325	6.578204287888751e-05
9.088	4.1154443180127083e-05
9.09275	2.5286404923638715e-05
9.0975	1.5258731498897788e-05
9.10225	9.042963093345323e-06
9.107	5.263372055348593e-06
9.111749999999999	3.0086964037955777e-06
9.1165	1.6890933345056279e-06
9.12125	9.313006668080774e-07
9.126	5.042979054438354e-07
9.130749999999999	2.6819174110745453e-07
9.1355	1.4007628707516848e-07
9.14025	7.185298903095224e-08
9.145	3.6198127521611996e-08
9.14975	1.7909717311619433e-08
9.1545	8.702710105047291e-09
9.15925	4.1533061299996885e-09
9.164	1.9470089220570386e-09
9.16875	8.972852563428828e-10
9.1735	4.08440816150838e-10
9.17825	1.885808768313635e-10
9.183	1.0058721237752963e-10
9.18775	8.879568191857707e-11
9.192499999999999	1.4917360817667947e-10
9.19725	3.3024734002576353e-10
9.202	7.677245462126346e-10
9.20675	1.7742802303252751e-09
9.2115	4.035699671934685e-09
9.21625	9.018508659851813e-09
9.221	1.9794239584949656e-08
9.22575	4.26686187784175e-08
9.2305	9.033169015768539e-08
9.23525	1.8781609683045302e-07
9.24	3.8351865524937616e-07
9.24475	7.691325046388661e-07
9.2495	1.5148750844694326e-06
9.254249999999999	2.9303093070652195e-06
9.259	5.5668701445449735e-06
9.26375	1.0386511394043069e-05
9.2685	1.9032213349840826e-05
9.273249999999999	3.4250733584233065e-05
9.278	6.053568240503803e-05
9.28275	0.00010507853080055992
9.2875	0.00017913379468885134
9.29225	0.00029991766380294335
9.297	0.0004931596636632256
9.30175	0.0007964051055828042
9.3065	0.0012631109728711365
9.31125	0.0019674783629412226
9.315999999999999	0.003009812257868828
9.32075	0.00452199244898442
9.3255	0.006672387247166058
9.33025	0.009669268922928893
9.334999999999999	0.013761539438075818
9.33975	0.01923540716714094
9.3445	0.026405642120786
9.34925	0.03560025155606152
9.354	0.047137916764750126
9.35875	0.061298336406312756
9.3635	0.07828669803971981
9.36825	0.09819474532642693
9.373	0.1209621520890588
9.377749999999999	0.14634293013056132
9.3825	0.17388213837094915
9.38725	0.20290800602032832
9.392	0.23254359295075533
9.396749999999999	0.26174027728414534
9.4015	0.2893328351082128
9.40625	0.3141129718031527
9.411	0.33491531338948277
9.41575	0.3507075565681517
9.4205	0.36067515443482334
9.42525	0.36429089261384284
9.43	0.36136108865940936
9.43475	0.3520427806020576
9.439499999999999	0.3368297817271472
9.44425	0.31650932499655043
9.449	0.2920945946287551
9.45375	0.2647411891429786
9.458499999999999	0.23565708154084722
9.46325	0.2060157668596842
9.468	0.17688109090462859
9.47275	0.1491500287939711
9.4775	0.12351686482279538
9.48225	0.10045930338189146
9.487	0.08024445828720235
9.49175	0.0629507518493354
9.4965	0.048500674449137644
9.50125	0.03669911733722367
9.506	0.02727246824186587
9.51075	0.019904636688541658
9.5155	0.01426740698456114
9.520249999999999	0.010043771629348141
9.525	0.006943998101902339
9.52975	0.00471501786011937
9.5345	0.00314425728230962
9.53925	0.0020592723742338622
9.544	0.0013245565232957812
9.54875	0.0008367354765769424
9.5535	0.0005191189164335094
9.55825	0.00031630533054920917
9.563	0.00018928105670898564
9.56775	0.00011124199717982046
9.5725	6.420833192232038e-05
9.57725	3.6397787251343966e-05
9.581999999999999	2.026373799419947e-05
9.58675	1.1079626628876819e-05
9.5915	5.9496535025519725e-06
9.59625	3.1377562768813798e-06
9.600999999999999	1.6252034094542395e-06
9.60575	8.267176830706701e-07
9.6105	4.1301679664585405e-07
9.61525	2.0264653651908705e-07
9.62	9.76498637447689e-08
9.62475	4.621309788806279e-08
9.6295	2.147926952784176e-08
9.63425	9.804713721029436e-09
9.639	4.3955306440811375e-09
9.643749999999999	1.935301758713833e-09
9.6485	8.368489104229719e-10
9.65325	3.553909819248258e-10
9.658	1.4822680114739337e-10
9.662749999999999	6.071668525656848e-11
9.6675	2.4425887694685223e-11
9.67225	9.650585054870458e-12
9.677	3.7447076167632755e-12
9.68175	1.42706307831352e-12
9.6865	5.341084028462292e-13
9.69125	1.9632546542469622e-13
9.696	7.087365749103124e-14
9.70075	2.512777529906048e-14
9.705499999999999	8.749519809446466e-15
9.71025	2.9920950269224015e-15
9.715	1.004910838779439e-15
9.71975	3.3146727901770393e-16
9.724499999999999	1.0737786895024775e-16
9.72925	3.416251870980942e-17
9.734	1.0674461351066396e-17
9.73875	3.2756918507866022e-18
9.7435	9.872362553451692e-19
9.74825	2.9221340603166587e-19
9.753	8.494545782703427e-20
9.75775	2.4251643248375524e-20
9.7625	6.79991000752794e-21
9.76725	1.8725186155471943e-21
9.772	5.064191352220035e-22
9.77675	1.3451014946361424e-22
9.7815	3.508819176498439e-23
9.786249999999999	8.989342036867979e-24
9.791	2.2618083955726427e-24
9.79575	5.589137467422355e-25
9.8005	1.3564272409460663e-25
9.80525	3.2332827911439245e-26
9.81	7.581097568679253e-27
9.81475	1.7995858947271035e-27
9.8195	6.590947358128739e-28
9.82425	1.2525885029066719e-27
9.829	5.029182863520936e-27
9.83375	2.1156879753820144e-26
9.8385	8.770931051809773e-26
9.84325	3.571707047245671e-25
9.847999999999999	1.4284687775855289e-24
9.85275	5.610826652083745e-24
9.8575	2.164431992258344e-23
9.86225	8.20015427188177e-23
9.866999999999999	3.051132626818576e-22
9.87175	1.1149647407276466e-21
9.8765	4.001493961425742e-21
9.88125	1.4104061164251075e-20
9.886	4.8823306045191156e-20
9.89075	1.6598588950245165e-19
9.8955	5.54212275287601e-19
9.90025	1.817364732758945e-18
9.905	5.852872127714616e-18
9.909749999999999	1.851215424841045e-17
9.9145	5.750503463064516e-17
9.91925	1.7543480681678275e-16
9.924	5.256378632716737e-16
9.928749999999999	1.5467442280853117e-15
9.9335	4.47003940392319e-15
9.93825	1.2687182397532402e-14
9.943	3.5365516095602165e-14
9.94775	9.681793187622456e-14
9.9525	2.603110400208275e-13
9.95725	6.873696583979559e-13
9.962	1.782580341747473e-12
9.96675	4.5401358967022665e-12
9.971499999999999	1.1356632617100177e-11
9.97625	2.7899170153973242e-11
9.981	6.731223006954726e-11
9.98575	1.5949888710455258e-10
9.990499999999999	3.71178079018335e-10
9.99525	8.483361366412841e-10
