0.5	0.0
0.50475	0.0
0.5095	0.0
0.51425	0.0
0.519	0.0
0.52375	0.0
0.5285	0.0
0.53325	0.0
0.538	0.0
0.54275	0.0
0.5475	0.0
0.55225	0.0
0.5569999999999999	0.0
0.56175	0.0
0.5665	0.0
0.57125	0.0
0.576	0.0
0.58075	0.0
0.5855	0.0
0.5902499999999999	0.0
0.595	0.0
0.59975	0.0
0.6045	0.0
0.60925	0.0
0.614	0.0
0.61875	0.0
0.6234999999999999	0.0
0.62825	0.0
0.633	0.0
0.63775	0.0
0.6425	0.0
0.64725	0.0
0.652	0.0
0.65675	0.0
0.6615	0.0
0.66625	0.0
0.671	0.0
0.67575	0.0
0.6805	0.0
0.68525	0.0
0.69	0.0
0.69475	0.0
0.6995	0.0
0.70425	0.0
0.709	0.0
0.71375	0.0
0.7185	0.0
0.72325	0.0
0.728	0.0
0.73275	0.0
0.7375	0.0
0.74225	0.0
0.747	0.0
0.7517499999999999	0.0
0.7565	0.0
0.76125	0.0
0.766	0.0
0.77075	0.0
0.7755	0.0
0.78025	0.0
0.7849999999999999	0.0
0.78975	0.0
0.7945	0.0
0.79925	0.0
0.804	0.0
0.80875	0.0
0.8135	0.0
0.8182499999999999	0.0
0.823	0.0
0.82775	0.0
0.8325	0.0
0.83725	0.0
0.842	0.0
0.84675	0.0
0.8514999999999999	0.0
0.85625	0.0
0.861	0.0
0.86575	0.0
0.8705	0.0
0.87525	0.0
0.88	0.0
0.8847499999999999	0.0
0.8895	0.0
0.89425	0.0
0.899	0.0
0.90375	0.0
0.9085	0.0
0.91325	0.0
0.9179999999999999	0.0
0.92275	0.0
0.9275	0.0
0.93225	0.0
0.937	0.0
0.94175	0.0
0.9465	0.0
0.9512499999999999	0.0
0.956	0.0
0.96075	0.0
0.9655	0.0
0.9702500000000001	0.0
0.975	0.0
0.97975	0.0
0.9844999999999999	0.0
0.98925	0.0
0.994	0.0
0.99875	0.0
1.0034999999999998	0.0
1.0082499999999999	0.0
1.013	0.0
1.01775	0.0
1.0225	0.0
1.02725	0.0
1.032	0.0
1.03675	0.0
1.0415	0.0
1.0462500000000001	0.0
1.051	0.0
1.05575	0.0
1.0605	0.0
1.06525	0.0
1.0699999999999998	0.0
1.0747499999999999	0.0
1.0795	0.0
1.08425	0.0
1.089	0.0
1.09375	0.0
1.0985	0.0
1.10325	0.0
1.108	0.0
1.1127500000000001	0.0
1.1175	0.0
1.12225	0.0
1.127	0.0
1.13175	0.0
1.1364999999999998	0.0
1.1412499999999999	0.0
1.146	0.0
1.15075	0.0
1.1555	0.0
1.16025	0.0
1.165	0.0
1.16975	0.0
1.1745	0.0
1.1792500000000001	0.0
1.184	0.0
1.18875	0.0
1.1935	0.0
1.19825	0.0
1.2029999999999998	0.0
1.2077499999999999	0.0
1.2125	0.0
1.21725	0.0
1.222	0.0
1.22675	0.0
1.2315	0.0
1.23625	0.0
1.241	0.0
1.2457500000000001	0.0
1.2505	0.0
1.25525	0.0
1.26	0.0
1.2647499999999998	0.0
1.2694999999999999	0.0
1.2742499999999999	0.0
1.279	0.0
1.28375	0.0
1.2885	0.0
1.29325	0.0
1.298	0.0
1.30275	0.0
1.3075	0.0
1.3122500000000001	0.0
1.317	0.0
1.32175	0.0
1.3265	0.0
1.3312499999999998	0.0
1.3359999999999999	0.0
1.3407499999999999	0.0
1.3455	0.0
1.35025	0.0
1.355	0.0
1.35975	0.0
1.3645	0.0
1.36925	0.0
1.374	0.0
1.3787500000000001	0.0
1.3835	0.0
1.38825	0.0
1.393	0.0
1.3977499999999998	0.0
1.4024999999999999	0.0
1.40725	0.0
1.412	0.0
1.41675	0.0
1.4215	0.0
1.42625	0.0
1.431	0.0
1.43575	0.0
1.4405000000000001	0.0
1.44525	0.0
1.45	0.0
1.45475	0.0
1.4595	0.0
1.4642499999999998	0.0
1.4689999999999999	0.0
1.47375	0.0
1.4785	0.0
1.48325	0.0
1.488	0.0
1.49275	0.0
1.4975	0.0
1.50225	0.0
1.507	0.0
1.51175	0.0
1.5165	0.0
1.52125	0.0
1.526	0.0
1.53075	0.0
1.5354999999999999	0.0
1.54025	0.0
1.545	0.0
1.54975	0.0
1.5545	0.0
1.55925	0.0
1.564	0.0
1.5687499999999999	0.0
1.5735	0.0
1.57825	0.0
1.583	0.0
1.58775	0.0
1.5925	0.0
1.59725	0.0
1.6019999999999999	0.0
1.60675	0.0
1.6115	0.0
1.61625	0.0
1.621	0.0
1.62575	0.0
1.6305	0.0
1.6352499999999999	0.0
1.64	0.0
1.64475	0.0
1.6495	0.0
1.65425	0.0
1.659	0.0
1.66375	0.0
1.6684999999999999	0.0
1.67325	0.0
1.678	0.0
1.68275	0.0
1.6875	0.0
1.69225	0.0
1.697	0.0
1.7017499999999999	0.0
1.7065	0.0
1.71125	0.0
1.716	0.0
1.72075	0.0
1.7255	0.0
1.73025	0.0
1.7349999999999999	0.0
1.73975	0.0
1.7445	0.0
1.74925	0.0
1.754	0.0
1.75875	0.0
1.7635	0.0
1.7682499999999999	0.0
1.773	0.0
1.77775	0.0
1.7825	0.0
1.78725	0.0
1.792	0.0
1.79675	0.0
1.8014999999999999	0.0
1.80625	0.0
1.811	0.0
1.81575	0.0
1.8205	0.0
1.82525	0.0
1.83	0.0
1.8347499999999999	0.0
1.8395	0.0
1.84425	0.0
1.849	0.0
1.85375	0.0
1.8585	0.0
1.86325	0.0
1.8679999999999999	0.0
1.87275	0.0
1.8775	0.0
1.88225	0.0
1.887	0.0
1.89175	0.0
1.8965	0.0
1.9012499999999999	0.0
1.906	0.0
1.91075	0.0
1.9155	0.0
1.92025	0.0
1.925	0.0
1.9297499999999999	0.0
1.9344999999999999	0.0
1.93925	0.0
1.944	0.0
1.94875	0.0
1.9535	0.0
1.95825	0.0
1.9629999999999999	0.0
1.9677499999999999	0.0
1.9725	0.0
1.97725	0.0
1.982	0.0
1.98675	0.0
1.9915	0.0
1.9962499999999999	0.0
2.001	0.0
2.00575	0.0
2.0105	0.0
2.01525	0.0
2.02	0.0
2.02475	0.0
2.0294999999999996	0.0
2.03425	0.0
2.0389999999999997	0.0
2.04375	0.0
2.0484999999999998	0.0
2.0532500000000002	0.0
2.058	0.0
2.06275	0.0
2.0675	0.0
2.07225	0.0
2.077	0.0
2.08175	0.0
2.0865	0.0
2.09125	0.0
2.096	0.0
2.1007499999999997	0.0
2.1055	0.0
2.1102499999999997	0.0
2.115	0.0
2.11975	0.0
2.1245000000000003	0.0
2.12925	0.0
2.134	0.0
2.13875	0.0
2.1435	0.0
2.14825	0.0
2.153	0.0
2.15775	0.0
2.1624999999999996	0.0
2.16725	0.0
2.1719999999999997	0.0
2.17675	0.0
2.1814999999999998	0.0
2.1862500000000002	0.0
2.191	0.0
2.19575	0.0
2.2005	0.0
2.20525	0.0
2.21	0.0
2.21475	0.0
2.2195	0.0
2.22425	0.0
2.229	0.0
2.2337499999999997	0.0
2.2385	0.0
2.2432499999999997	0.0
2.248	0.0
2.25275	0.0
2.2575000000000003	0.0
2.26225	0.0
2.267	0.0
2.27175	0.0
2.2765	0.0
2.28125	0.0
2.286	0.0
2.29075	0.0
2.2954999999999997	0.0
2.30025	0.0
2.3049999999999997	0.0
2.30975	0.0
2.3145	0.0
2.3192500000000003	0.0
2.324	0.0
2.32875	0.0
2.3335	0.0
2.33825	0.0
2.343	0.0
2.34775	0.0
2.3525	0.0
2.3572499999999996	0.0
2.362	0.0
2.3667499999999997	0.0
2.3715	0.0
2.3762499999999998	0.0
2.3810000000000002	0.0
2.38575	0.0
2.3905	0.0
2.39525	0.0
2.4	0.0
2.40475	0.0
2.4095	0.0
2.41425	0.0
2.419	0.0
2.42375	0.0
2.4284999999999997	0.0
2.43325	0.0
2.4379999999999997	0.0
2.44275	0.0
2.4475	0.0
2.4522500000000003	0.0
2.457	0.0
2.46175	0.0
2.4665	0.0
2.47125	0.0
2.476	0.0
2.48075	0.0
2.4855	0.0
2.4902499999999996	0.0
2.495	0.0
2.4997499999999997	0.0
2.5045	0.0
2.5092499999999998	0.0
2.514	0.0
2.51875	0.0
2.5235	0.0
2.52825	0.0
2.533	0.0
2.53775	0.0
2.5425	0.0
2.54725	0.0
2.552	0.0
2.55675	0.0
2.5615	0.0
2.56625	0.0
2.5709999999999997	0.0
2.5757499999999998	0.0
2.5805	0.0
2.58525	0.0
2.59	0.0
2.59475	0.0
2.5995	0.0
2.60425	0.0
2.609	0.0
2.61375	0.0
2.6185	0.0
2.62325	0.0
2.628	0.0
2.63275	0.0
2.6374999999999997	0.0
2.6422499999999998	0.0
2.647	0.0
2.65175	0.0
2.6565	0.0
2.66125	0.0
2.666	0.0
2.67075	0.0
2.6755	0.0
2.68025	0.0
2.685	0.0
2.68975	0.0
2.6945	0.0
2.69925	0.0
2.7039999999999997	0.0
2.7087499999999998	0.0
2.7135	0.0
2.71825	0.0
2.723	0.0
2.72775	0.0
2.7325	0.0
2.73725	0.0
2.742	0.0
2.74675	0.0
2.7515	0.0
2.75625	0.0
2.761	0.0
2.76575	0.0
2.7704999999999997	0.0
2.7752499999999998	0.0
2.78	0.0
2.78475	0.0
2.7895	0.0
2.79425	0.0
2.799	0.0
2.80375	0.0
2.8085	0.0
2.81325	0.0
2.818	0.0
2.82275	0.0
2.8275	0.0
2.83225	0.0
2.8369999999999997	0.0
2.8417499999999998	0.0
2.8465	0.0
2.85125	0.0
2.856	0.0
2.86075	0.0
2.8655	0.0
2.87025	0.0
2.875	0.0
2.87975	0.0
2.8845	0.0
2.88925	0.0
2.894	0.0
2.89875	0.0
2.9034999999999997	0.0
2.90825	0.0
2.913	0.0
2.91775	0.0
2.9225	0.0
2.92725	0.0
2.932	0.0
2.93675	0.0
2.9415	0.0
2.94625	0.0
2.951	0.0
2.95575	0.0
2.9605	0.0
2.9652499999999997	0.0
2.9699999999999998	0.0
2.97475	0.0
2.9795	0.0
2.98425	0.0
2.989	0.0
2.99375	0.0
2.9985	0.0
3.00325	0.0
3.008	0.0
3.01275	0.0
3.0175	0.0
3.02225	0.0
3.027	0.0
3.0317499999999997	0.0
3.0364999999999998	0.0
3.04125	0.0
3.046	0.0
3.05075	0.0
3.0555	0.0
3.06025	0.0
3.065	0.0
3.06975	0.0
3.0745	0.0
3.07925	0.0
3.084	0.0
3.08875	0.0
3.0935	0.0
3.0982499999999997	0.0
3.1029999999999998	0.0
3.10775	0.0
3.1125	0.0
3.11725	0.0
3.122	0.0
3.12675	0.0
3.1315	0.0
3.13625	0.0
3.141	0.0
3.14575	0.0
3.1505	0.0
3.15525	0.0
3.16	1e-323
3.1647499999999997	2.105e-321
3.1694999999999998	3.6205e-319
3.17425	6.112938e-317
3.179	1.0136495026e-314
3.18375	1.65077025702e-312
3.1885	2.64025846410124e-310
3.19325	4.147317042730979e-308
3.198	6.398070390742874e-306
3.20275	9.693749122985588e-304
3.2075	1.4424325778106e-301
3.21225	2.1079497497178527e-299
3.217	3.0254220624053755e-297
3.22175	4.264544691116112e-295
3.2265	5.903646639867549e-293
3.2312499999999997	8.02655202080005e-291
3.2359999999999998	1.07176280006133e-288
3.24075	1.4054950417042158e-286
3.2455	1.8101765782968332e-284
3.25025	2.2896734556246766e-282
3.255	2.844376893855291e-280
3.25975	3.470257642027062e-278
3.2645	4.1581225139538596e-276
3.26925	4.893209695682545e-274
3.274	5.655244143455991e-272
3.27875	6.4190369308172086e-270
3.2835	7.155654688670576e-268
3.28825	7.834113503364813e-266
3.293	8.423475730791865e-264
3.2977499999999997	8.895160383655432e-262
3.3024999999999998	9.225230404684618e-260
3.30725	9.396403218706481e-258
3.312	9.399549792894757e-256
3.31675	9.234501269136747e-254
3.3215	8.910063976678084e-252
3.32625	8.443240967542367e-250
3.331	7.857755845263167e-248
3.33575	7.182057226489565e-246
3.3405	6.447037208963709e-244
3.34525	5.68371740766723e-242
3.35	4.921140466870733e-240
3.35475	4.184658584561472e-238
3.3594999999999997	3.494743330296993e-236
3.3642499999999997	2.8663652046331865e-234
3.3689999999999998	2.308919259206691e-232
3.37375	1.8266147236162846e-230
3.3785	1.4192083127750933e-228
3.38325	1.0829448073034017e-226
3.388	8.115728029096425e-225
3.39275	5.973235407752039e-223
3.3975	4.317702961490762e-221
3.40225	3.065186307360859e-219
3.407	2.1370858891483423e-217
3.41175	1.4633494924001412e-215
3.4165	9.840907062916595e-214
3.42125	6.49954842894602e-212
3.4259999999999997	4.215918652183355e-210
3.4307499999999997	2.6857293506296963e-208
3.4354999999999998	1.6803248604778803e-206
3.44025	1.0324885519231549e-204
3.445	6.230719807636765e-203
3.44975	3.692769354289588e-201
3.4545	2.149448920193023e-199
3.45925	1.2287486663502176e-197
3.464	6.898584282577178e-196
3.46875	3.8038017537808755e-194
3.4735	2.059855515299143e-192
3.47825	1.0955107097655311e-190
3.483	5.7221268497198044e-189
3.48775	2.9353461270167716e-187
3.4924999999999997	1.4788432453263824e-185
3.4972499999999997	7.31721724702489e-184
3.502	3.555746091267702e-182
3.50675	1.696979194833836e-180
3.5115	7.953957735970217e-179
3.51625	3.6614324375549045e-177
3.521	1.6553115870653507e-175
3.52575	7.3496975906165e-174
3.5305	3.204941964013212e-172
3.53525	1.3725616291958853e-170
3.54	5.773039413534506e-169
3.54475	2.3847242931133367e-167
3.5495	9.674595451975006e-166
3.55425	3.8546809398231755e-164
3.5589999999999997	1.5083601273512695e-162
3.5637499999999998	5.796724167703863e-161
3.5685	2.1878684805904792e-159
3.57325	8.109998477042961e-158
3.578	2.9524416156640847e-156
3.58275	1.0556084265892038e-154
3.5875	3.7066822910974477e-153
3.59225	1.2782884431843422e-151
3.597	4.3294561617905733e-150
3.60175	1.4401204420451955e-148
3.6065	4.7046277756761054e-147
3.61125	1.5094290570578447e-145
3.616	4.756211169160708e-144
3.62075	1.4718736667947568e-142
3.6254999999999997	4.4734328954774376e-141
3.6302499999999998	1.335279874169615e-139
3.635	3.9143951440567136e-138
3.63975	1.126984672242785e-136
3.6445	3.1866351286424807e-135
3.64925	8.849274236506668e-134
3.654	2.4134813832406922e-132
3.65875	6.464593734559748e-131
3.6635	1.7005895473673534e-129
3.66825	4.39358222320963e-128
3.673	1.114805226088469e-126
3.67775	2.778051024561962e-125
3.6825	6.798959042933984e-124
3.68725	1.6342015436429148e-122
3.6919999999999997	3.857711914901561e-121
3.6967499999999998	8.943653249212412e-120
3.7015	2.03639066828325e-118
3.70625	4.553739973761011e-117
3.711	1.0000836850972292e-115
3.71575	2.157075973455048e-114
3.7205	4.5693615731045334e-113
3.72525	9.506192255298726e-112
3.73	1.942310447212473e-110
3.73475	3.8975498948744143e-109
3.7395	7.681140437777098e-108
3.74425	1.486690999563809e-106
3.749	2.826029581007926e-105
3.7537499999999997	5.2758650617267454e-104
3.7584999999999997	9.673232797734645e-103
3.7632499999999998	1.7418493256920576e-101
3.768	3.080424113472207e-100
3.77275	5.350217389806587e-99
3.7775	9.126270299621823e-98
3.78225	1.5288898972525687e-96
3.787	2.5154754256112057e-95
3.79175	4.064666625627333e-94
3.7965	6.450461223218465e-93
3.80125	1.0053507139488386e-91
3.806	1.5388822739086817e-90
3.81075	2.3134184144401873e-89
3.8155	3.4155760830463287e-88
3.8202499999999997	4.952616772272934e-87
3.8249999999999997	7.052879581931522e-86
3.8297499999999998	9.864139338983673e-85
3.8345	1.3549176882212624e-83
3.83925	1.8277955309180825e-82
3.844	2.4216049426672225e-81
3.84875	3.150938757850954e-80
3.8535	4.026591892046908e-79
3.85825	5.053546332133737e-78
3.863	6.2289647536157055e-77
3.86775	7.540436373601411e-76
3.8725	8.964747681626917e-75
3.87725	1.0467443998280668e-73
3.882	1.2003397993704527e-72
3.8867499999999997	1.3518507639814861e-71
3.8914999999999997	1.4952516147530257e-70
3.8962499999999998	1.6242796153683692e-69
3.901	1.732879214355859e-68
3.90575	1.815669404963196e-67
3.9105	1.8683844460865293e-66
3.91525	1.8882378353325565e-65
3.92	1.8741663344075608e-64
3.92475	1.826924306235216e-63
3.9295	1.749016715054287e-62
3.93425	1.6444790710264858e-61
3.939	1.518531222836912e-60
3.94375	1.377146319783235e-59
3.9485	1.2265843814650937e-58
3.9532499999999997	1.0729407980991994e-57
3.9579999999999997	9.217540896433142e-57
3.9627499999999998	7.77705860173804e-56
3.9675	6.444313422119502e-55
3.97225	5.244437593650926e-54
3.977	4.191622606811686e-53
3.98175	3.290231157577684e-52
3.9865	2.5364811080975523e-51
3.99125	1.9204271533196011e-50
3.996	1.4279895471804138e-49
4.00075	1.0428292487787439e-48
4.0055	7.47932427990539e-48
4.01025	5.2683243824499245e-47
4.015000000000001	3.644547681913631e-46
4.01975	2.4761431595020564e-45
4.0245	1.6522237024202763e-44
4.029249999999999	1.0827368824677013e-43
4.034	6.968479041899511e-43
4.03875	4.40467683305045e-42
4.0435	2.7343310028183007e-41
4.0482499999999995	1.6670518499635274e-40
4.053	9.98178275406692e-40
4.05775	5.869864875379889e-39
4.0625	3.39007322364523e-38
4.06725	1.922874934942301e-37
4.072	1.0711591020129055e-36
4.0767500000000005	5.8602738528575366e-36
4.0815	3.148783670984428e-35
4.08625	1.6616085663982016e-34
4.090999999999999	8.611436531621851e-34
4.09575	4.38312112433343e-33
4.1005	2.1910501799015153e-32
4.10525	1.075677687675009e-31
4.109999999999999	5.186483269447287e-31
4.11475	2.4559797793861374e-30
4.1195	1.1421879576884367e-29
4.12425	5.216886062317719e-29
4.129	2.340163014159359e-28
4.13375	1.030960093943086e-27
4.1385000000000005	4.460654473127945e-27
4.14325	1.8954673012990443e-26
4.148	7.910337157854103e-26
4.152749999999999	3.2421617435830055e-25
4.1575	1.3050746198971074e-24
4.16225	5.1593738185626645e-24
4.167	2.0031784140739398e-23
4.171749999999999	7.638415039880936e-23
4.1765	2.8605388985541426e-22
4.18125	1.0520913447494292e-21
4.186	3.800318732374986e-21
4.1907499999999995	1.3481790730303178e-20
4.1955	4.697168344045182e-20
4.2002500000000005	1.6072582132742884e-19
4.205	5.4012734733627955e-19
4.20975	1.782656488741983e-18
4.214499999999999	5.778300805478947e-18
4.21925	1.8394738289146577e-17
4.224	5.751062199977362e-17
4.22875	1.7658894041876008e-16
4.233499999999999	5.325249021938317e-16
4.23825	1.577165710735725e-15
4.243	4.587496186921093e-15
4.24775	1.3104941622806916e-14
4.2524999999999995	3.6766767576596736e-14
4.25725	1.0130637915674294e-13
4.2620000000000005	2.7414423752117136e-13
4.26675	7.285887050512649e-13
4.2715	1.9017206910518656e-12
4.27625	4.874970744040281e-12
4.281	1.2273213252515965e-11
4.28575	3.0346284953502464e-11
4.2905	7.369088416963502e-11
4.295249999999999	1.7574500394111965e-10
4.3	4.1163585161233534e-10
4.30475	9.469005797111785e-10
4.3095	2.1392254499176873e-09
4.3142499999999995	4.746458800024082e-09
4.319	1.0342936513117763e-08
4.32375	2.2134972509301354e-08
4.3285	4.652379137523745e-08
4.33325	9.603558733939779e-08
4.338	1.9469297376378442e-07
4.3427500000000006	3.876406785104868e-07
4.3475	7.580003324473522e-07
4.35225	1.4556951389257865e-06
4.356999999999999	2.7455695650098896e-06
4.36175	5.085755258643134e-06
4.3665	9.252081426061759e-06
4.37125	1.6530440256164257e-05
4.3759999999999994	2.9006169398635357e-05
4.38075	4.998702867368749e-05
4.3855	8.460290002204647e-05
4.39025	0.00014062876490316374
4.395	0.00022957471802362262
4.39975	0.00036807383080924856
4.4045000000000005	0.0005795712147640573
4.40925	0.0008962716476845268
4.414	0.0013612362119656304
4.418749999999999	0.0020304313664398356
4.4235	0.002974432505247201
4.42825	0.004279380543376398
4.433	0.006046703613388285
4.437749999999999	0.008391071855586666
4.4425	0.011436079958536646
4.44725	0.015307275928816309
4.452	0.020122392833427243
4.4567499999999995	0.02597899342493062
4.4615	0.032940182537957476
4.4662500000000005	0.04101952883134472
4.471	0.05016679061571451
4.47575	0.060256368393545014
4.480499999999999	0.07108051625423956
4.48525	0.08234916082806806
4.49	0.09369766474573786
4.49475	0.10470305188053608
4.499499999999999	0.11490816754407789
4.50425	0.1238521191321955
4.509	0.13110431004801382
4.51375	0.13629862713340027
4.5184999999999995	0.13916402400584046
4.52325	0.13954794950652039
4.528	0.13742980343348374
4.53275	0.1329227677922721
4.5375	0.1262637870138104
4.54225	0.11779293162842273
4.547	0.107924646526927
4.55175	0.09711426416037608
4.5565	0.08582353471534666
4.56125	0.07448876184307712
4.566	0.06349449862145433
4.57075	0.05315479229843113
4.5755	0.043702847766637826
4.5802499999999995	0.03528889291980454
4.585	0.027985129120838153
4.5897499999999996	0.021796039222854998
4.5945	0.016672043358792986
4.59925	0.012524519290857706
4.604	0.009240474769027125
4.60875	0.0066955844127727
4.6135	0.004764789054101376
4.61825	0.0033301197565144634
4.623	0.002285793585554893
4.62775	0.0015409024730806671
4.6325	0.0010201740665969218
4.63725	0.0006633372577540693
4.6419999999999995	0.00042359954739121686
4.64675	0.0002656669735445167
4.6514999999999995	0.00016363667031725536
4.65625	9.898848648549102e-05
4.661	5.880980220896848e-05
4.66575	3.431434695348513e-05
4.6705	1.9663586911314404e-05
4.67525	1.1066511269521913e-05
4.68	6.1167355371284744e-06
4.68475	3.320394314305722e-06
4.6895	1.770192938141923e-06
4.69425	9.268565658769446e-07
4.699	4.76612515471867e-07
4.70375	2.4070180030749816e-07
4.7085	1.1938622481297185e-07
4.7132499999999995	5.8155405018204115e-08
4.718	2.7821909567236154e-08
4.72275	1.3072082172283783e-08
4.7275	6.0320313274035175e-09
4.73225	2.7336530389380356e-09
4.737	1.2167018839591565e-09
4.74175	5.318460688515097e-10
4.7465	2.28322499999149e-10
4.75125	9.626589507883914e-11
4.756	3.986182516839378e-11
4.76075	1.6210741907533858e-11
4.7655	6.474549974803191e-12
4.77025	2.539669877789324e-12
4.7749999999999995	9.783763208723338e-13
4.77975	3.7016519619181943e-13
4.7844999999999995	1.3754544645800823e-13
4.78925	5.019469692591622e-14
4.794	1.798997003280791e-14
4.79875	6.332337125748086e-15
4.8035	2.189064715788402e-15
4.80825	7.43214472975449e-16
4.813	2.478167746400684e-16
4.81775	8.115368163284924e-17
4.8225	2.6100374455342742e-17
4.82725	8.244156622198459e-18
4.832	2.557447424299585e-18
4.83675	7.791627456457326e-19
4.8415	2.3313669145543653e-19
4.8462499999999995	6.851001508187121e-20
4.851	1.9772358760483e-20
4.85575	5.604332392518632e-21
4.8605	1.5600922282014013e-21
4.86525	4.265182768576e-22
4.87	1.1452122982634962e-22
4.87475	3.0199193512437007e-23
4.8795	7.821060968987443e-24
4.88425	1.98928488352041e-24
4.889	4.96923205529238e-25
4.89375	1.2191090586087483e-25
4.8985	2.937357610064788e-26
4.90325	6.95075646904269e-27
4.9079999999999995	1.615356213713235e-27
4.91275	3.6869353743222167e-28
4.9174999999999995	8.264635958201791e-29
4.92225	1.819461692719635e-29
4.927	3.9338979420949744e-30
4.93175	8.353418615425166e-31
4.9365	1.742073151018203e-31
4.94125	3.5680383503993194e-32
4.946	7.177176467636989e-33
4.95075	1.4178775297567641e-33
4.9555	2.750963321535884e-34
4.96025	5.241937815420137e-35
4.965	9.809794595360687e-36
4.9697499999999994	1.802971856914183e-36
4.9745	3.2544602108249044e-37
4.9792499999999995	5.769390954031724e-38
4.984	1.00448153322256e-38
4.98875	1.71757191140037e-39
4.9935	2.8843561602863193e-40
4.99825	4.757116940802635e-41
5.003	7.705480993925973e-42
5.00775	1.2257916657668982e-42
5.0125	1.915113684271964e-43
5.01725	2.9385523997766124e-44
5.022	4.4282619659939006e-45
5.02675	6.553815431070872e-46
5.0315	9.52618115256091e-47
5.03625	1.3603479791103035e-47
5.0409999999999995	1.941765016113479e-48
5.04575	5.200533405261825e-49
5.0504999999999995	1.884035023519617e-48
5.05525	1.3035427653247566e-47
5.06	9.021366697275218e-47
5.06475	6.133828216374144e-46
5.0695	4.095950657458807e-45
5.07425	2.68620319734591e-44
5.079	1.730150939101013e-43
5.08375	1.0944353407802411e-42
5.0885	6.799190491610362e-42
5.09325	4.1484445914612816e-41
5.098	2.485846819059151e-40
5.1027499999999995	1.4629329357502673e-39
5.1075	8.45542528376507e-39
5.1122499999999995	4.799626909799786e-38
5.117	2.6757189076757856e-37
5.12175	1.4649893924287249e-36
5.1265	7.87751896219496e-36
5.13125	4.1601157931840755e-35
5.136	2.1576567951412766e-34
5.14075	1.0990572015550733e-33
5.1455	5.498183268189972e-33
5.15025	2.701339145326974e-32
5.155	1.3034668686034482e-31
5.15975	6.177060659030377e-31
5.1645	2.8749130888173142e-30
5.16925	1.3141004338556552e-29
5.1739999999999995	5.899203553229285e-29
5.17875	2.6008732598981147e-28
5.1834999999999996	1.1261752587783678e-27
5.18825	4.789098383703208e-27
5.193	2.0001497881677362e-26
5.19775	8.204124961239198e-26
5.2025	3.3049355714433584e-25
5.20725	1.3075391849167332e-24
5.212	5.080511196964577e-24
5.21675	1.9387468153126192e-23
5.2215	7.266006241920269e-23
5.22625	2.6744311401985765e-22
5.231	9.667808933417117e-22
5.2357499999999995	3.432303488853198e-21
5.2405	1.1967523511190703e-20
5.2452499999999995	4.098112549256766e-20
5.25	1.3782387568247217e-19
5.25475	4.552249110723729e-19
5.2595	1.476687388134395e-18
5.26425	4.704485088745589e-18
5.269	1.47196204436056e-17
5.27375	4.5231616747984546e-17
5.2785	1.3650501145227558e-16
5.28325	4.045908574191681e-16
5.288	1.1777266929197108e-15
5.29275	3.3669289864293476e-15
5.2975	9.45332043813733e-15
5.30225	2.6067284193882755e-14
5.3069999999999995	7.059406310067723e-14
5.31175	1.8775934234587747e-13
5.3165	4.904513300504887e-13
5.32125	1.2582045820821563e-12
5.326	3.1700608076296187e-12
5.33075	7.844132263417215e-12
5.3355	1.906264707833718e-11
5.34025	4.5496971801224274e-11
5.345	1.066455554544419e-10
5.34975	2.4550707607194983e-10
5.3545	5.550680783529076e-10
5.35925	1.2325072274086152e-09
5.364	2.6877797765577584e-09
5.3687499999999995	5.756504834362626e-09
5.3735	1.2108352345277354e-08
5.3782499999999995	2.501337022579473e-08
5.383	5.074816658882125e-08
5.38775	1.0111823653739135e-07
5.3925	1.9787895214529781e-07
5.39725	3.803038319245451e-07
5.402	7.178319515877864e-07
5.40675	1.3306868160099351e-06
5.4115	2.422645710915322e-06
5.41625	4.3317655707186024e-06
5.421	7.606781955646472e-06
5.42575	1.3118916705891811e-05
5.430499999999999	2.2220609452895957e-05
5.43525	3.69636579342401e-05
5.4399999999999995	6.038859194135467e-05
5.44475	9.689376885804394e-05
5.4495	0.00015268549414840723
5.45425	0.0002362983524667707
5.459	0.00035915721303907464
5.46375	0.0005361292188493572
5.4685	0.0007859869678580636
5.47325	0.001131676241324475
5.478	0.0016002581067852434
5.48275	0.0022223827541505876
5.4875	0.003031158631234973
5.49225	0.004060312467036274
5.497	0.005341598394394617
5.5017499999999995	0.006901507962229659
5.5065	0.008757451456321376
5.5112499999999995	0.010913711483626997
5.516	0.01335759227562013
5.52075	0.01605627811613029
5.5255	0.018954946622952128
5.53025	0.02197663696565529
5.535	0.02502423944615564
5.53975	0.027984755989647
5.5445	0.030735702690747584
5.54925	0.03315322287889181
5.554	0.03512119986853772
5.55875	0.03654045244443583
5.5634999999999994	0.037337005265836505
5.56825	0.03746847577053249
5.5729999999999995	0.03692781029639308
5.57775	0.03574391106393895
5.5825	0.03397907646213756
5.58725	0.03172357014120819
5.592	0.029087977775614383
5.59675	0.026194251566314816
5.6015	0.023166448396511465
5.60625	0.020122129547279387
5.611	0.017165224415758355
5.61575	0.014380904185286413
5.6205	0.011832711859833088
5.62525	0.009561902105134901
5.63	0.0075887000472496646
5.6347499999999995	0.005915020692019255
5.6395	0.004528111241322981
5.6442499999999995	0.0034045825881935466
5.649	0.0025143666895507634
5.65375	0.0018242494119851778
5.6585	0.0013007584892250211
5.66325	0.0009123112839643325
5.668	0.0006306311277433706
5.67275	0.00043151540655802904
5.6775	0.00029508134887871285
5.68225	0.00020562998450273314
5.687	0.00015126152109746853
5.69175	0.00012335420714473116
5.6964999999999995	0.00011599104346543673
5.70125	0.0001253905320424338
5.7059999999999995	0.0001493732422649917
5.71075	0.00018687770802776934
5.7155	0.0002375278174147389
5.72025	0.00030124896400697836
5.725	0.0003779305000170755
5.72975	0.00046713568067501503
5.7345	0.0005678653351099225
5.73925	0.0006783860185440847
5.744	0.0007961357597428779
5.74875	0.0009177195801877215
5.7535	0.0010390022612973761
5.75825	0.0011552976785326066
5.763	0.001261643475273163
5.7677499999999995	0.0013531386042322075
5.7725	0.001425311351543362
5.7772499999999996	0.001474478875806857
5.782	0.0014980575972169514
5.78675	0.001494787725365475
5.7915	0.0014648445849460077
5.79625	0.0014098229471706256
5.801	0.0013325962624596021
5.80575	0.001237068059574351
5.8105	0.0011278454256757285
5.81525	0.0010098725237823582
5.82	0.0008880645105757488
5.82475	0.0007669789736413524
5.8294999999999995	0.0006505540517681523
5.83425	0.000541931379380996
5.8389999999999995	0.00044336988969271484
5.84375	0.0003562452460580271
5.8485	0.0002811207766382913
5.85325	0.00021787018136661706
5.858	0.0001658302022902952
5.86275	0.00012396253552496165
5.8675	9.100772446001852e-05
5.87225	6.561861277881905e-05
5.877	4.646616378073008e-05
5.88175	3.2315254267553056e-05
5.8865	2.2071879711798225e-05
5.891249999999999	1.480580579200028e-05
5.896	9.75406759352755e-06
5.9007499999999995	6.311033098052283e-06
5.9055	4.010293325272758e-06
5.91025	2.5027231200410224e-06
5.915	1.5339473603820264e-06
5.91975	9.233558219068871e-07
5.9245	5.458693525520674e-07
5.92925	3.1693435362406035e-07
5.934	1.8072195068643216e-07
5.93875	1.0120768230455217e-07
5.9435	5.5664336638123404e-08
5.94825	3.0067795019844565e-08
5.953	1.5950970377140317e-08
5.95775	8.310623748782828e-09
5.9624999999999995	4.25246862000262e-09
5.96725	2.1370249811107278e-09
5.9719999999999995	1.054724574555946e-09
5.97675	5.112455202925278e-10
5.9815	2.4337779429259653e-10
5.98625	1.1378718949973415e-10
5.991	5.2247651635234975e-11
5.99575	2.356140389437587e-11
6.0005	1.0435098136685162e-11
6.00525	4.538923843391721e-12
6.01	1.938966201186441e-12
6.01475	8.134831585910315e-13
6.0195	3.3518754937099484e-13
6.024249999999999	1.35640122995619e-13
6.029	5.3907532842297564e-14
6.0337499999999995	2.1041258990627548e-14
6.0385	8.06593972773064e-15
6.04325	3.0366812470535434e-15
6.048	1.1228052306109902e-15
6.05275	4.077280887226564e-16
6.0575	1.4541118720384588e-16
6.06225	5.0931444503381844e-17
6.067	1.7520042354837558e-17
6.07175	5.918958492035705e-18
6.0765	1.9638866668921527e-18
6.08125	6.399536692913837e-19
6.086	2.048055069075748e-19
6.09075	6.437180856084315e-20
6.0954999999999995	1.9870590653221196e-20
6.10025	6.024025852072433e-21
6.1049999999999995	1.793592841156588e-21
6.10975	5.244714853606528e-22
6.1145	1.5061939033818255e-22
6.11925	4.248160084858576e-23
6.124	1.176743606369995e-23
6.12875	3.201281060123761e-24
6.1335	8.553162982206774e-25
6.13825	2.2443504645794556e-25
6.143	5.783830890544755e-26
6.14775	1.463866535300586e-26
6.1525	3.638717702189689e-27
6.1572499999999994	8.882929781690455e-28
6.162	2.129732602182945e-28
6.1667499999999995	5.0148149726799366e-29
6.1715	1.1597002029161345e-29
6.17625	2.633889415481749e-30
6.181	5.875033205072735e-31
6.18575	1.287016452247875e-31
6.1905	2.7689738628310586e-32
6.19525	5.8507911881105215e-33
6.2	1.214147152142457e-33
6.20475	2.4745089960956623e-34
6.2095	4.952993215937763e-35
6.21425	9.736601910067585e-36
6.218999999999999	1.8797845644765332e-36
6.22375	3.564262891394944e-37
6.2284999999999995	6.637313995509893e-38
6.23325	1.2138806335675096e-38
6.2379999999999995	2.1803217461638545e-39
6.24275	3.846149618930624e-40
6.2475	6.663351871005483e-41
6.25225	1.133757844936322e-41
6.257	1.8945621091687448e-42
6.26175	3.1092695520152937e-43
6.2665	5.011513277392905e-44
6.27125	7.933053464937262e-45
6.276	1.2333117290699022e-45
6.28075	1.8830694033435295e-46
6.2855	2.823714452165734e-47
6.2902499999999995	4.158495261449964e-48
6.295	6.014681432429214e-49
6.2997499999999995	8.543779538687079e-50
6.3045	1.1919236073888726e-50
6.30925	1.6330812565650363e-51
6.314	2.1974962955440252e-52
6.31875	2.9040861363805783e-53
6.3235	3.769222892132828e-54
6.32825	4.804576704760447e-55
6.333	6.014775568693644e-56
6.33775	7.395111174485949e-57
6.3425	8.92957876301371e-58
6.34725	1.0589567472584739e-58
6.351999999999999	1.2333503346952957e-59
6.35675	1.4107682423877269e-60
6.3614999999999995	1.5848416575876323e-61
6.36625	1.7485460162921654e-62
6.3709999999999996	1.894651066395176e-63
6.37575	2.0162407863388388e-64
6.3805	2.107252305003788e-65
6.38525	2.162975817280884e-66
6.39	2.1804582469357077e-67
6.39475	2.1587625256272943e-68
6.3995	2.0990508066516632e-69
6.40425	2.004481329389897e-70
6.409	1.8799316723816667e-71
6.41375	1.7315821440262013e-72
6.4185	1.5664088108642155e-73
6.4232499999999995	1.3916439006490515e-74
6.428	1.2142611728949882e-75
6.4327499999999995	1.0405359289004826e-76
6.4375	8.757155018851628e-78
6.44225	7.238190003717657e-79
6.447	5.875676889631184e-80
6.45175	4.684322813239314e-81
6.4565	3.66772454443719e-82
6.46125	2.820379774333772e-83
6.466	2.1299992777269453e-84
6.47075	1.5798370891978217e-85
6.4755	1.1508166567062403e-86
6.48025	8.233053879283242e-88
6.484999999999999	5.784645650394339e-89
6.48975	3.991660056318468e-90
6.4944999999999995	2.705149805117283e-91
6.49925	1.800487361383552e-92
6.504	1.1769277924347284e-93
6.50875	7.555627603566414e-95
6.5135	4.763786125315457e-96
6.51825	2.949816159359328e-97
6.523	1.7939016536536595e-98
6.52775	1.0714287471961172e-99
6.5325	6.284763559496771e-101
6.53725	3.620558568114731e-102
6.542	2.0484397534935886e-103
6.54675	1.1382346397318506e-104
6.5515	6.211570027749764e-106
6.5562499999999995	3.3291392246759663e-107
6.561	1.7523607388389358e-108
6.5657499999999995	9.058912307351549e-110
6.5705	4.5992771574627684e-111
6.57525	2.2933170075699305e-112
6.58	1.1230512792565532e-113
6.58475	5.401272227149436e-115
6.5895	2.551253013776996e-116
6.59425	1.183510130161765e-117
6.599	5.392018989619741e-119
6.60375	2.4126361513031265e-120
6.6085	1.060213265129452e-121
6.61325	4.5756797521428335e-123
6.617999999999999	1.9394518088538784e-124
6.62275	8.073527878138777e-126
6.6274999999999995	3.300720042506583e-127
6.63225	1.3253024961513835e-128
6.637	5.226155482366929e-130
6.64175	2.0240005260801876e-131
6.6465	7.698389855629215e-133
6.65125	2.87574361737873e-134
6.656	1.0550217505205273e-135
6.66075	3.801313136629695e-137
6.6655	1.3451380703288278e-138
6.67025	4.674778810187704e-140
6.675	1.595571439394977e-141
6.679749999999999	5.348505238917991e-143
6.6845	1.7607981846844482e-144
6.6892499999999995	5.693085716095045e-146
6.694	1.8077852897542167e-147
6.6987499999999995	5.637764858286529e-149
6.7035	1.7267443867699836e-150
6.70825	5.1940979129181185e-152
6.713	1.5344516059132884e-153
6.71775	4.452021413238084e-155
6.7225	1.2685929034456507e-156
6.72725	3.550163015122002e-158
6.732	9.75742670291929e-160
6.73675	2.6338029784971353e-161
6.7415	6.982199537747446e-163
6.74625	1.8178674442621907e-164
6.7509999999999994	4.6482893311492975e-166
6.75575	1.1673069681661971e-167
6.7604999999999995	2.8789756250220157e-169
6.76525	6.973517296334314e-171
6.77	1.6589250362851725e-172
6.77475	3.8758113056485963e-174
6.7795	8.893228959112028e-176
6.78425	2.0040903941614082e-177
6.789	4.435434027228531e-179
6.79375	9.640863324042168e-181
6.7985	2.058053748728489e-182
6.80325	4.3147782815581e-184
6.808	8.884259594155606e-186
6.812749999999999	1.7965734629773818e-187
6.8175	3.5680399271542976e-189
6.8222499999999995	6.959457952945331e-191
6.827	1.33315949337537e-192
6.8317499999999995	2.508128531273302e-194
6.8365	4.634239259360465e-196
6.84125	8.409459825916118e-198
6.846	1.4987138919231726e-199
6.85075	2.623193637125407e-201
6.8555	4.509235860589216e-203
6.86025	7.612661842480375e-205
6.865	1.2622085271131693e-206
6.86975	2.0553541562101473e-208
6.8745	3.287026503824401e-210
6.87925	5.162745666386429e-212
6.8839999999999995	7.963779747879892e-214
6.88875	1.206476131761044e-215
6.8934999999999995	1.7950610075123003e-217
6.89825	2.6230144106380846e-219
6.903	3.7642904380108517e-221
6.90775	5.3055029098925606e-223
6.9125	7.343971354554519e-225
6.91725	9.983811575219372e-227
6.922	1.3329773266260225e-228
6.92675	1.7478740445730173e-230
6.9315	2.2509118566639116e-232
6.93625	2.8468712656616036e-234
6.941	3.536210861311571e-236
6.945749999999999	4.313893936190149e-238
6.9505	5.168467111239018e-240
6.9552499999999995	6.081560557504419e-242
6.96	7.027960287334947e-244
6.9647499999999996	7.97635631982686e-246
6.9695	8.890798732360808e-248
6.97425	9.732804409483532e-250
6.979	1.046396305074939e-251
6.98375	1.1048806903654086e-253
6.9885	1.1457650073618243e-255
6.99325	1.1669082485727154e-257
6.998	1.1671827213164964e-259
7.00275	1.1465736962432633e-261
7.007499999999999	1.1061807168704547e-263
7.01225	1.0481204081255528e-265
7.0169999999999995	9.753427400856706e-268
7.02175	8.913829414365274e-270
7.0264999999999995	8.000780692709385e-272
7.03125	7.052797238114033e-274
7.036	6.105924293218325e-276
7.04075	5.191614259473551e-278
7.0455	4.335252552435764e-280
7.05025	3.555391036637195e-282
7.055	2.863659176607045e-284
7.05975	2.2652506734665182e-286
7.0645	1.7598359798000303e-288
7.06925	1.3427312655401893e-290
7.074	1.0061598778835716e-292
7.078749999999999	7.404672814717475e-295
7.0835	5.351872225373753e-297
7.0882499999999995	3.798976294850258e-299
7.093	2.648429493450253e-301
7.09775	1.8133065580739894e-303
7.1025	1.219312520722242e-305
7.10725	8.052297635726018e-308
7.112	5.22258587339556e-310
7.11675	3.32669009185e-312
7.1215	2.081134191e-314
7.12625	1.27864155e-316
7.131	7.7154e-319
7.13575	4.57e-321
7.140499999999999	2.5e-323
7.14525	0.0
7.1499999999999995	0.0
7.15475	0.0
7.1594999999999995	0.0
7.16425	0.0
7.169	0.0
7.17375	0.0
7.1785	0.0
7.18325	0.0
7.188	0.0
7.19275	0.0
7.1975	0.0
7.20225	0.0
7.207	0.0
7.211749999999999	0.0
7.2165	0.0
7.2212499999999995	0.0
7.226	0.0
7.23075	0.0
7.2355	0.0
7.24025	0.0
7.245	0.0
7.24975	0.0
7.2545	0.0
7.25925	0.0
7.264	0.0
7.26875	0.0
7.273499999999999	0.0
7.27825	0.0
7.2829999999999995	0.0
7.28775	0.0
7.2924999999999995	0.0
7.29725	0.0
7.302	0.0
7.30675	0.0
7.3115	0.0
7.31625	0.0
7.321	0.0
7.32575	0.0
7.3305	0.0
7.33525	0.0
7.34	0.0
7.3447499999999994	0.0
7.3495	0.0
7.3542499999999995	0.0
7.359	0.0
7.36375	0.0
7.3685	0.0
7.37325	0.0
7.378	0.0
7.38275	0.0
7.3875	0.0
7.39225	0.0
7.397	0.0
7.40175	0.0
7.406499999999999	0.0
7.41125	0.0
7.4159999999999995	0.0
7.42075	0.0
7.4254999999999995	0.0
7.43025	0.0
7.435	0.0
7.43975	1.04e-322
7.4445	1.8117e-320
7.44925	3.089195e-318
7.454	5.1733717e-316
7.45875	8.5087024757e-314
7.4635	1.3744026240204e-311
7.468249999999999	2.180346906295506e-309
7.473	3.397020790733198e-307
7.4777499999999995	5.197946394724956e-305
7.4825	7.81135494675674e-303
7.4872499999999995	1.1528742344326264e-300
7.492	1.6710847601523676e-298
7.49675	2.3788990260255137e-296
7.5015	3.325940863542076e-294
7.50625	4.566821344134089e-292
7.511	6.1584937625739e-290
7.51575	8.156352264287129e-288
7.5205	1.060909716965309e-285
7.52525	1.3552576415527045e-283
7.53	1.70030286595241e-281
7.53475	2.0950369818407667e-279
7.539499999999999	2.5352342007511524e-277
7.54425	3.013043910347794e-275
7.5489999999999995	3.5168498068798456e-273
7.55375	4.031467532659461e-271
7.5584999999999996	4.538721097155499e-269
7.56325	5.018394639947737e-267
7.568	5.44950568047536e-265
7.57275	5.811796421036973e-263
7.5775	6.087299379678859e-261
7.58225	6.261810407441456e-259
7.587	6.3261014375639615e-257
7.59175	6.276728930195058e-255
7.5965	6.116339445806747e-253
7.601249999999999	5.8534346101967465e-251
7.606	5.501624519605159e-249
7.6107499999999995	5.078460831920526e-247
7.6155	4.60398873398517e-245
7.6202499999999995	4.0991837062951345e-243
7.625	3.584441492705441e-241
7.62975	3.0782691843155173e-239
7.6345	2.596286876593085e-237
7.63925	2.1506005181567074e-235
7.644	1.7495558013618723e-233
7.64875	1.3978379785645742e-231
7.6535	1.096849035383223e-229
7.65825	8.452746878748613e-228
7.663	6.397493525173777e-226
7.66775	4.755353761281433e-224
7.672499999999999	3.47149697207632e-222
7.67725	2.4889245735267498e-220
7.6819999999999995	1.752538893812483e-218
7.68675	1.2119496538099906e-216
7.6915	8.231187175386052e-215
7.69625	5.490366812989213e-213
7.701	3.59667526792958e-211
7.70575	2.3139932137281452e-209
7.7105	1.4621230306479644e-207
7.71525	9.07333068871223e-206
7.72	5.52981428116906e-204
7.72475	3.3099035338329993e-202
7.7295	1.9457234450938397e-200
7.734249999999999	1.1233313309195089e-198
7.739	6.369357366638444e-197
7.7437499999999995	3.5468624441786434e-195
7.7485	1.9397870677520302e-193
7.7532499999999995	1.0418969292502521e-191
7.758	5.496122970299972e-190
7.76275	2.8474041173221537e-188
7.7675	1.4487810637503086e-186
7.77225	7.239647115147067e-185
7.777	3.5529820971226097e-183
7.78175	1.7124962343494646e-181
7.7865	8.106384809319215e-180
7.79125	3.7686498722619986e-178
7.795999999999999	1.7207007613830913e-176
7.80075	7.715887649872276e-175
7.805499999999999	3.3980316865979294e-173
7.81025	1.4697042091695847e-171
7.8149999999999995	6.243001455977777e-170
7.81975	2.6044613628060957e-168
7.8245	1.067095740871653e-166
7.82925	4.2938793612098174e-165
7.834	1.696904006966557e-163
7.83875	6.586060205477276e-162
7.8435	2.5104703834654784e-160
7.84825	9.39821752564227e-159
7.853	3.455388374728015e-157
7.85775	1.247697277461995e-155
7.8625	4.424687176535964e-154
7.867249999999999	1.5410506058321685e-152
7.872	5.271233007267588e-151
7.8767499999999995	1.7707959175074628e-149
7.8815	5.8423261064045805e-148
7.8862499999999995	1.8930586180558007e-146
7.891	6.024254543166054e-145
7.89575	1.8827972283571057e-143
7.9005	5.7791607054104644e-142
7.90525	1.7421557435833781e-140
7.91	5.157867332907827e-139
7.91475	1.4997343621025704e-137
7.9195	4.2827182258466555e-136
7.92425	1.2011179180636162e-134
7.928999999999999	3.308360099884207e-133
7.93375	8.94954359060927e-132
7.9384999999999994	2.3776612810380816e-130
7.94325	6.203832563914673e-129
7.9479999999999995	1.5897584247243078e-127
7.95275	4.000950578691152e-126
7.9575	9.889087580115376e-125
7.96225	2.4005471693010633e-123
7.967	5.723019813954424e-122
7.97175	1.3399890195927469e-120
7.9765	3.081330014298894e-119
7.98125	6.958829142952665e-118
7.986	1.5434590710267858e-116
7.99075	3.3621342125047498e-115
7.9955	7.192766452446197e-114
8.00025	1.5112553690210685e-112
8.004999999999999	3.1184640303815432e-111
8.00975	6.319818501663513e-110
8.0145	1.2578517476351092e-108
8.01925	2.45875521243608e-107
8.024000000000001	4.720218626409489e-106
8.028749999999999	8.899588366237257e-105
8.0335	1.6479298085759704e-103
8.03825	2.996874000880117e-102
8.043	5.352531639932991e-101
8.04775	9.38881943660498e-100
8.0525	1.6174233749096762e-98
8.05725	2.736512448723738e-97
8.062	4.547075084754025e-96
8.066749999999999	7.420408389965984e-95
8.0715	1.1892809832513786e-93
8.07625	1.8719839714555538e-92
8.081	2.893881622073516e-91
8.08575	4.393598651969228e-90
8.090499999999999	6.551201950983236e-89
8.09525	9.593621435003764e-88
8.1	1.379765086903988e-86
8.10475	1.948896207361619e-85
8.1095	2.703542829105745e-84
8.11425	3.683314325615134e-83
8.119	4.9283925780975444e-82
8.123750000000001	6.476386997978311e-81
8.128499999999999	8.358363880198606e-80
8.13325	1.0594262773841292e-78
8.138	1.318806842790898e-77
8.14275	1.6123251470290084e-76
8.1475	1.9359094863902986e-75
8.152249999999999	2.282855660337977e-74
8.157	2.6438258372227187e-73
8.16175	3.0071023957305915e-72
8.1665	3.3591127039208578e-71
8.17125	3.6852072658979476e-70
8.176	3.970637562523715e-69
8.18075	4.201646969018889e-68
8.185500000000001	4.366564266794446e-67
8.190249999999999	4.4567794015738204e-66
8.195	4.467488102490039e-65
8.19975	4.398115755987476e-64
8.2045	4.252368487716458e-63
8.20925	4.037905132546724e-62
8.213999999999999	3.765670499625863e-61
8.21875	3.448970704311783e-60
8.2235	3.1023991978816795e-59
8.22825	2.740733688178352e-58
8.233	2.377918585099776e-57
8.23775	2.0262270506378724e-56
8.2425	1.6956656455533067e-55
8.247250000000001	1.393648713962236e-54
8.251999999999999	1.1249349243870085e-53
8.25675	8.9178972901063e-53
8.2615	6.943181480097304e-52
8.26625	5.309034558541622e-51
8.271	3.986883747207784e-50
8.275749999999999	2.9404417260420434e-49
8.2805	2.1298673994928196e-48
8.28525	1.515142707704942e-47
8.29	1.0585600466430637e-46
8.29475	7.263374572826418e-46
8.2995	4.894658189481823e-45
8.30425	3.2394201639600777e-44
8.309000000000001	2.105586938804929e-43
8.313749999999999	1.3441262397287321e-42
8.3185	8.42690165133117e-42
8.32325	5.188678669087688e-41
8.328	3.1376652740911468e-40
8.33275	1.8634486559545746e-39
8.337499999999999	1.0868991158031818e-38
8.34225	6.226185052322973e-38
8.347	3.5028036864316358e-37
8.35175	1.9353991960944695e-36
8.3565	1.0502345446709745e-35
8.36125	5.597099488636717e-35
8.366	2.9295488120428017e-34
8.370750000000001	1.5059114494062544e-33
8.375499999999999	7.602547048550116e-33
8.38025	3.7694655825490347e-32
8.385	1.8355297705292624e-31
8.38975	8.778171627898595e-31
8.3945	4.122946386534537e-30
8.399249999999999	1.9018326180777256e-29
8.404	8.615845062306422e-29
8.40875	3.833402784157422e-28
8.413499999999999	1.675066341149432e-27
8.41825	7.188537698526601e-27
8.423	3.02977293616957e-26
8.42775	1.2541243314230566e-25
8.432500000000001	5.098378689464819e-25
8.437249999999999	2.0355631080040955e-24
8.442	7.981748455549949e-24
8.44675	3.0737779239925506e-23
8.4515	1.1625400461405422e-22
8.45625	4.3182157934985705e-22
8.460999999999999	1.57529445945113e-21
8.46575	5.643910708080273e-21
8.4705	1.985909747422782e-20
8.475249999999999	6.862776655976477e-20
8.48	2.329170107742882e-19
8.48475	7.763606855670351e-19
8.4895	2.5414808785835253e-18
8.494250000000001	8.17092346914373e-18
8.498999999999999	2.5799805011435543e-17
8.50375	8.00060241891398e-17
8.5085	2.436631976385803e-16
8.51325	7.288164625077131e-16
8.518	2.1409542807466464e-15
8.52275	6.176715484711559e-15
8.5275	1.7501238593929093e-14
8.53225	4.8701345362522456e-14
8.536999999999999	1.330987927644678e-13
8.54175	3.5724672703732343e-13
8.5465	9.417234511691824e-13
8.55125	2.4380325357649678e-12
8.556	6.198928014647173e-12
8.56075	1.5479419635916065e-11
8.5655	3.796240683508766e-11
8.57025	9.143527786335266e-11
8.575	2.1628919463128953e-10
8.57975	5.024777579858587e-10
8.5845	1.1464624801871493e-09
8.58925	2.5689984049825832e-09
8.594	5.65364854689174e-09
8.598749999999999	1.2219537402485687e-08
8.6035	2.593831183741164e-08
8.60825	5.407414158876671e-08
8.613	1.1071298117095555e-07
8.61775	2.2262218506864723e-07
8.6225	4.396421485505694e-07
8.62725	8.526900332817026e-07
8.632	1.6242169427817702e-06
8.63675	3.038490415617373e-06
8.6415	5.582550876582571e-06
8.64625	1.0073224039247718e-05
8.651	1.785111226902494e-05
8.65575	3.106869803487604e-05
8.660499999999999	5.310578237522581e-05
8.66525	8.915004225402988e-05
8.67	0.00014698136621099967
8.67475	0.00023799289452159397
8.679499999999999	0.0003784658401743217
8.68425	0.0005910855835094288
8.689	0.0009066403262543632
8.69375	0.0013657797886963664
8.6985	0.002020632415292772
8.70325	0.0029359924502038114
8.708	0.0041897058947742045
8.71275	0.005871825298738754
8.7175	0.00808209029774967
8.722249999999999	0.010925347402068237
8.727	0.014504668154331815
8.73175	0.01891216828102535
8.7365	0.02421786391847815
8.741249999999999	0.030457295023115952
8.746	0.037619048806111076
8.75075	0.045633657133382466
8.7555	0.05436554228503105
8.76025	0.06360967232040118
8.765	0.07309431103381975
8.76975	0.0824906983154396
8.7745	0.09142971538947299
8.77925	0.09952466862271947
8.783999999999999	0.10639840000978831
8.78875	0.1117121573319277
8.7935	0.11519317932866516
8.79825	0.11665787890332173
8.802999999999999	0.11602788374038021
8.80775	0.11333698389855414
8.8125	0.10872812923859546
8.81725	0.10244084799818273
8.822	0.09479062759115904
8.82675	0.08614272720893647
8.8315	0.07688344235579263
8.83625	0.06739194763408331
8.841	0.05801551877245734
8.84575	0.049050262647669964
8.8505	0.04072859978700317
8.85525	0.033213803244591764
8.86	0.026601046803009877
8.864749999999999	0.020923765532859556
8.8695	0.016163744834776797
8.87425	0.012263239762886851
8.879	0.00913754932133829
8.88375	0.006686764851258073
8.8885	0.004805799019416155
8.89325	0.003392207010373354
8.898	0.0023516742759700834
8.90275	0.0016013271333241083
8.9075	0.0010712075316194113
8.91225	0.0007043442976872847
8.917	0.00045586608940334326
8.92175	0.00029155871066027106
8.926499999999999	0.00018619484958217212
8.93125	0.00012187798203244393
8.936	8.655901244763476e-05
8.94075	7.28131111026491e-05
8.9455	7.690874521383079e-05
8.95025	9.816071951955947e-05
8.955	0.00013853138442262094
8.95975	0.00020242538221961092
8.9645	0.00029661003294609
8.96925	0.0004301834975294941
8.974	0.000614505573424575
8.97875	0.000863002417738675
8.9835	0.0011907590731984514
8.988249999999999	0.0016138255598556217
8.993	0.002148186487858312
8.99775	0.0028083823750327096
9.0025	0.003605822487643188
9.007249999999999	0.004546890233695554
9.012	0.005631005593735238
9.01675	0.006848864418179017
9.0215	0.008181109646453145
9.02625	0.00959769313700509
9.031	0.011058150554263341
9.03575	0.012512933128056168
9.0405	0.013905824185656265
9.04525	0.015177328345077934
9.049999999999999	0.016268777139881535
9.05475	0.01712677036746328
9.0595	0.0177074907790291
9.06425	0.017980408669488624
9.068999999999999	0.01793094081681334
9.07375	0.01756174150610238
9.0785	0.01689246657741364
9.08325	0.015958039687757167
9.088	0.01480563361341079
9.09275	0.013490729662488411
9.0975	0.012072712708827841
9.10225	0.010610486005048152
9.107	0.009158548980503577
9.111749999999999	0.007763884259726885
9.1165	0.006463867080048882
9.12125	0.005285264989006272
9.126	0.004244261171676701
9.130749999999999	0.003347329145660521
9.1355	0.0025927206227750847
9.14025	0.0019723047009212622
9.145	0.0014735106603702593
9.14975	0.0010811688861901705
9.1545	0.0007791028277850287
9.15925	0.0005513876147636108
9.164	0.00038324828274392836
9.16875	0.00026161606735583933
9.1735	0.00017539192450340016
9.17825	0.00011548238912327302
9.183	7.467632167161846e-05
9.18775	4.742540919353727e-05
9.192499999999999	2.9580148496252192e-05
9.19725	1.811970189089468e-05
9.202	1.0900955946947353e-05
9.20675	6.4409025212858336e-06
9.2115	3.73784415819834e-06
9.21625	2.131009906497868e-06
9.221	1.1946477168050307e-06
9.22575	6.610283267983569e-07
9.2305	3.665058184681605e-07
9.23525	2.1535308906602327e-07
9.24	1.571746871371225e-07
9.24475	1.7509358726335538e-07
9.2495	2.8356469293290224e-07
9.254249999999999	5.366872402423684e-07
9.259	1.0505162120234883e-06
9.26375	2.0464952666251342e-06
9.2685	3.928267224967946e-06
9.273249999999999	7.411379824977657e-06
9.278	1.3735437606088918e-05
9.28275	2.5001579229983374e-05
9.2875	4.469494012081832e-05
9.29225	7.847141361564401e-05
9.297	0.00013530874703970549
9.30175	0.0002291402196847051
9.3065	0.0003810989742350682
9.31125	0.000622494076820462
9.315999999999999	0.0009986048075870514
9.32075	0.0015733055206408472
9.3255	0.002434408553446187
9.33025	0.003699430293844004
9.334999999999999	0.005521247511169098
9.33975	0.008092832821722863
9.3445	0.011649972659147769
9.34925	0.01647063063132778
9.354	0.022869492866114914
9.35875	0.03118629804577623
9.3635	0.04176688635660068
9.36825	0.05493654726616244
9.373	0.07096620892769899
9.377749999999999	0.09003323078759828
9.3825	0.11217990005601905
9.38725	0.1372739869128262
9.392	0.16497663093196452
9.396749999999999	0.19472315525197248
9.4015	0.22572192766916008
9.40625	0.256975007517978
9.411	0.28732208478655913
9.41575	0.3155063577592612
9.4205	0.3402578910412634
9.42525	0.3603871366239101
9.43	0.3748791971560478
9.43475	0.38297849284593727
9.439499999999999	0.38425401571628237
9.44425	0.37863732967228075
9.449	0.3664286537303174
9.45375	0.34827027587753695
9.458499999999999	0.32509057413680753
9.46325	0.2980254343868397
9.468	0.26832631500692267
9.47275	0.2372652783633682
9.4775	0.20604690419822444
9.48225	0.17573529077360356
9.487	0.14720171148373035
9.49175	0.1210954203989308
9.4965	0.09783709828237684
9.50125	0.07763193167091278
9.506	0.06049760836840641
9.51075	0.04630170720796944
9.5155	0.034803008463860065
9.520249999999999	0.025691978772231176
9.525	0.018626845249460917
9.52975	0.013263008350951283
9.5345	0.009274825860368
9.53925	0.006369868547301906
9.544	0.004296513299336008
9.54875	0.002846183098993829
9.5535	0.0018516994391074445
9.55825	0.001183148177850887
9.563	0.0007424526607931777
9.56775	0.00045757193720033946
9.5725	0.00027695612832262864
9.57725	0.00016463552844675602
9.581999999999999	9.611631879644432e-05
9.58675	5.51101611551961e-05
9.5915	3.1033246952852725e-05
9.59625	1.7162625991110696e-05
9.600999999999999	9.32183140557085e-06
9.60575	4.972556589315506e-06
9.6105	2.60506886911707e-06
9.61525	1.340354474430195e-06
9.62	6.773000575016214e-07
9.62475	3.3612710970524363e-07
9.6295	1.6382755670459428e-07
9.63425	7.842081512170586e-08
9.639	3.6866909644571806e-08
9.643749999999999	1.7021706646477142e-08
9.6485	7.718456363423453e-09
9.65325	3.4373106956471967e-09
9.658	1.503377721818571e-09
9.662749999999999	6.457708181050579e-10
9.6675	2.7242672261360704e-10
9.67225	1.1287089801237977e-10
9.677	4.5927757373853675e-11
9.68175	1.8353947428796597e-11
9.6865	7.203519097092462e-12
9.69125	2.776648625585042e-12
9.696	1.051134093248502e-12
9.70075	3.90801574503106e-13
9.705499999999999	1.4269720661787612e-13
9.71025	5.117238080443136e-14
9.715	1.8022571581669762e-14
9.71975	6.2338863411170175e-15
9.724499999999999	2.117688045609185e-15
9.72925	7.065226266895221e-16
9.734	2.3150008207584714e-16
9.73875	7.449672972144669e-17
9.7435	2.3544217009215973e-17
9.74825	7.307894689187534e-18
9.753	2.2277235357231526e-18
9.75775	6.669469496849316e-19
9.7625	1.9610211276249472e-19
9.76725	5.662839325537499e-20
9.772	1.60600610044915e-20
9.77675	4.473228945615404e-21
9.7815	1.2236467102960025e-21
9.786249999999999	3.2873954675060225e-22
9.791	8.673788770049504e-23
9.79575	2.2476398115966657e-23
9.8005	5.7201257306326166e-24
9.80525	1.4297016498420205e-24
9.81	3.509508078300591e-25
9.81475	8.460734346331594e-26
9.8195	2.0032301886405413e-26
9.82425	4.6581625369918586e-27
9.829	1.063798576302203e-27
9.83375	2.385970972888506e-28
9.8385	5.255716025034333e-29
9.84325	1.1369977671987895e-29
9.847999999999999	2.415729577628451e-30
9.85275	5.040783053024111e-31
9.8575	1.0330199027437712e-31
9.86225	2.0791249404313486e-32
9.866999999999999	4.109795010540321e-33
9.87175	7.982031655905396e-34
9.8765	1.5419960633196852e-34
9.88125	3.975271829734384e-35
9.886	6.497154412478294e-35
9.89075	3.1187704929733597e-34
9.8955	1.589701817883856e-33
9.90025	7.980647640652604e-33
9.905	3.9351772977106997e-32
9.909749999999999	1.905692999665382e-31
9.9145	9.063639203757649e-31
9.91925	4.2336335702204334e-30
9.924	1.9421595642121522e-29
9.928749999999999	8.750191023438145e-29
9.9335	3.8717842154777653e-28
9.93825	1.682541327514038e-27
9.943	7.180940371127854e-27
9.94775	3.009940323243197e-26
9.9525	1.2390688367360031e-25
9.95725	5.0094952394155405e-25
9.962	1.989085661191492e-24
9.96675	7.756646326890987e-24
9.971499999999999	2.970677298405154e-23
9.97625	1.117372425568109e-22
9.981	4.12763614209988e-22
9.98575	1.4974966102951636e-21
9.990499999999999	5.335698411483304e-21
9.99525	1.867143446888318e-20
