[Molden Format]
[Atoms] (Angs)
  C      1    6      0.78808821      1.24068913      0.02492945
  C      2    6      2.17658059      1.20482783      0.01961732
  C      3    6      2.84604848     -0.01987894     -0.00618268
  C      4    6      0.06874473      0.04470619      0.01965705
  H      5    1      0.27342680      2.19328085      0.03465240
  H      6    1      2.76334949      2.11354885      0.03637404
  H      7    1     -1.01469187      0.05821664      0.02642497
  N      8    7      4.30685693      0.04595834     -0.03962592
  O      9    8      4.93785288     -0.87773037     -0.59362170
  O     10    8      4.84651823      1.05363205      0.47829467
  C     11    6      0.74008238     -1.17504363      0.01238440
  H     12    1      0.18852059     -2.10639187      0.02395406
  C     13    6      2.13307197     -1.21959994     -0.00494717
 Br     14   35      2.92645518     -2.95940256      0.03206369
[GTO]
1    0
S    6    1.000000
   4.56324000E+03    1.96665000E-03 
   6.82024000E+02    1.52306000E-02 
   1.54973000E+02    7.61269000E-02 
   4.44553000E+01    2.60801000E-01 
   1.30290000E+01    6.16462000E-01 
   1.82773000E+00    2.21006000E-01 
SP   3    1.000000
   2.09642000E+01    1.14660000E-01   4.02487000E-02 
   4.80331000E+00    9.19999000E-01   2.37594000E-01 
   1.45933000E+00   -3.03068000E-03   8.15854000E-01 
SP   1    1.000000
   4.83456000E-01    1.00000000E+00   1.00000000E+00 
SP   1    1.000000
   1.45585000E-01    1.00000000E+00   1.00000000E+00 
SP   1    1.000000
   4.38000000E-02    1.00000000E+00   1.00000000E+00 
D    1    1.000000
   6.26000000E-01    1.00000000E+00 

2    0
S    6    1.000000
   4.56324000E+03    1.96665000E-03 
   6.82024000E+02    1.52306000E-02 
   1.54973000E+02    7.61269000E-02 
   4.44553000E+01    2.60801000E-01 
   1.30290000E+01    6.16462000E-01 
   1.82773000E+00    2.21006000E-01 
SP   3    1.000000
   2.09642000E+01    1.14660000E-01   4.02487000E-02 
   4.80331000E+00    9.19999000E-01   2.37594000E-01 
   1.45933000E+00   -3.03068000E-03   8.15854000E-01 
SP   1    1.000000
   4.83456000E-01    1.00000000E+00   1.00000000E+00 
SP   1    1.000000
   1.45585000E-01    1.00000000E+00   1.00000000E+00 
SP   1    1.000000
   4.38000000E-02    1.00000000E+00   1.00000000E+00 
D    1    1.000000
   6.26000000E-01    1.00000000E+00 

3    0
S    6    1.000000
   4.56324000E+03    1.96665000E-03 
   6.82024000E+02    1.52306000E-02 
   1.54973000E+02    7.61269000E-02 
   4.44553000E+01    2.60801000E-01 
   1.30290000E+01    6.16462000E-01 
   1.82773000E+00    2.21006000E-01 
SP   3    1.000000
   2.09642000E+01    1.14660000E-01   4.02487000E-02 
   4.80331000E+00    9.19999000E-01   2.37594000E-01 
   1.45933000E+00   -3.03068000E-03   8.15854000E-01 
SP   1    1.000000
   4.83456000E-01    1.00000000E+00   1.00000000E+00 
SP   1    1.000000
   1.45585000E-01    1.00000000E+00   1.00000000E+00 
SP   1    1.000000
   4.38000000E-02    1.00000000E+00   1.00000000E+00 
D    1    1.000000
   6.26000000E-01    1.00000000E+00 

4    0
S    6    1.000000
   4.56324000E+03    1.96665000E-03 
   6.82024000E+02    1.52306000E-02 
   1.54973000E+02    7.61269000E-02 
   4.44553000E+01    2.60801000E-01 
   1.30290000E+01    6.16462000E-01 
   1.82773000E+00    2.21006000E-01 
SP   3    1.000000
   2.09642000E+01    1.14660000E-01   4.02487000E-02 
   4.80331000E+00    9.19999000E-01   2.37594000E-01 
   1.45933000E+00   -3.03068000E-03   8.15854000E-01 
SP   1    1.000000
   4.83456000E-01    1.00000000E+00   1.00000000E+00 
SP   1    1.000000
   1.45585000E-01    1.00000000E+00   1.00000000E+00 
SP   1    1.000000
   4.38000000E-02    1.00000000E+00   1.00000000E+00 
D    1    1.000000
   6.26000000E-01    1.00000000E+00 

5    0
S    3    1.000000
   3.38650000E+01    2.54938000E-02 
   5.09479000E+00    1.90373000E-01 
   1.15879000E+00    8.52161000E-01 
S    1    1.000000
   3.25840000E-01    1.00000000E+00 
S    1    1.000000
   1.02741000E-01    1.00000000E+00 

6    0
S    3    1.000000
   3.38650000E+01    2.54938000E-02 
   5.09479000E+00    1.90373000E-01 
   1.15879000E+00    8.52161000E-01 
S    1    1.000000
   3.25840000E-01    1.00000000E+00 
S    1    1.000000
   1.02741000E-01    1.00000000E+00 

7    0
S    3    1.000000
   3.38650000E+01    2.54938000E-02 
   5.09479000E+00    1.90373000E-01 
   1.15879000E+00    8.52161000E-01 
S    1    1.000000
   3.25840000E-01    1.00000000E+00 
S    1    1.000000
   1.02741000E-01    1.00000000E+00 

8    0
S    6    1.000000
   6.29348000E+03    1.96979000E-03 
   9.49044000E+02    1.49613000E-02 
   2.18776000E+02    7.35006000E-02 
   6.36916000E+01    2.48937000E-01 
   1.88282000E+01    6.02460000E-01 
   2.72023000E+00    2.56202000E-01 
SP   3    1.000000
   3.06331000E+01    1.11906000E-01   3.83119000E-02 
   7.02614000E+00    9.21666000E-01   2.37403000E-01 
   2.11205000E+00   -2.56919000E-03   8.17592000E-01 
SP   1    1.000000
   6.84009000E-01    1.00000000E+00   1.00000000E+00 
SP   1    1.000000
   2.00878000E-01    1.00000000E+00   1.00000000E+00 
SP   1    1.000000
   6.39000000E-02    1.00000000E+00   1.00000000E+00 
D    1    1.000000
   9.13000000E-01    1.00000000E+00 

9    0
S    6    1.000000
   8.58850000E+03    1.89515000E-03 
   1.29723000E+03    1.43859000E-02 
   2.99296000E+02    7.07320000E-02 
   8.73771000E+01    2.40001000E-01 
   2.56789000E+01    5.94797000E-01 
   3.74004000E+00    2.80802000E-01 
SP   3    1.000000
   4.21175000E+01    1.13889000E-01   3.65114000E-02 
   9.62837000E+00    9.20811000E-01   2.37153000E-01 
   2.85332000E+00   -3.27447000E-03   8.19702000E-01 
SP   1    1.000000
   9.05661000E-01    1.00000000E+00   1.00000000E+00 
SP   1    1.000000
   2.55611000E-01    1.00000000E+00   1.00000000E+00 
SP   1    1.000000
   8.45000000E-02    1.00000000E+00   1.00000000E+00 
D    1    1.000000
   1.29200000E+00    1.00000000E+00 

10    0
S    6    1.000000
   8.58850000E+03    1.89515000E-03 
   1.29723000E+03    1.43859000E-02 
   2.99296000E+02    7.07320000E-02 
   8.73771000E+01    2.40001000E-01 
   2.56789000E+01    5.94797000E-01 
   3.74004000E+00    2.80802000E-01 
SP   3    1.000000
   4.21175000E+01    1.13889000E-01   3.65114000E-02 
   9.62837000E+00    9.20811000E-01   2.37153000E-01 
   2.85332000E+00   -3.27447000E-03   8.19702000E-01 
SP   1    1.000000
   9.05661000E-01    1.00000000E+00   1.00000000E+00 
SP   1    1.000000
   2.55611000E-01    1.00000000E+00   1.00000000E+00 
SP   1    1.000000
   8.45000000E-02    1.00000000E+00   1.00000000E+00 
D    1    1.000000
   1.29200000E+00    1.00000000E+00 

11    0
S    6    1.000000
   4.56324000E+03    1.96665000E-03 
   6.82024000E+02    1.52306000E-02 
   1.54973000E+02    7.61269000E-02 
   4.44553000E+01    2.60801000E-01 
   1.30290000E+01    6.16462000E-01 
   1.82773000E+00    2.21006000E-01 
SP   3    1.000000
   2.09642000E+01    1.14660000E-01   4.02487000E-02 
   4.80331000E+00    9.19999000E-01   2.37594000E-01 
   1.45933000E+00   -3.03068000E-03   8.15854000E-01 
SP   1    1.000000
   4.83456000E-01    1.00000000E+00   1.00000000E+00 
SP   1    1.000000
   1.45585000E-01    1.00000000E+00   1.00000000E+00 
SP   1    1.000000
   4.38000000E-02    1.00000000E+00   1.00000000E+00 
D    1    1.000000
   6.26000000E-01    1.00000000E+00 

12    0
S    3    1.000000
   3.38650000E+01    2.54938000E-02 
   5.09479000E+00    1.90373000E-01 
   1.15879000E+00    8.52161000E-01 
S    1    1.000000
   3.25840000E-01    1.00000000E+00 
S    1    1.000000
   1.02741000E-01    1.00000000E+00 

13    0
S    6    1.000000
   4.56324000E+03    1.96665000E-03 
   6.82024000E+02    1.52306000E-02 
   1.54973000E+02    7.61269000E-02 
   4.44553000E+01    2.60801000E-01 
   1.30290000E+01    6.16462000E-01 
   1.82773000E+00    2.21006000E-01 
SP   3    1.000000
   2.09642000E+01    1.14660000E-01   4.02487000E-02 
   4.80331000E+00    9.19999000E-01   2.37594000E-01 
   1.45933000E+00   -3.03068000E-03   8.15854000E-01 
SP   1    1.000000
   4.83456000E-01    1.00000000E+00   1.00000000E+00 
SP   1    1.000000
   1.45585000E-01    1.00000000E+00   1.00000000E+00 
SP   1    1.000000
   4.38000000E-02    1.00000000E+00   1.00000000E+00 
D    1    1.000000
   6.26000000E-01    1.00000000E+00 

14    0
S    6    1.000000
   4.39700000E+05    8.13000000E-04 
   6.60300000E+04    6.28500000E-03 
   1.51400000E+04    3.19200000E-02 
   4.31700000E+03    1.28800000E-01 
   1.41400000E+03    3.94600000E-01 
   5.23900000E+02    5.41300000E-01 
S    3    1.000000
   5.23900000E+02    1.83100000E-01 
   2.07700000E+02    6.17600000E-01 
   8.65400000E+01    2.53800000E-01 
S    1    1.000000
   3.05200000E+01    1.00000000E+00 
S    1    1.000000
   1.29800000E+01    1.00000000E+00 
S    1    1.000000
   4.41200000E+00    1.00000000E+00 
S    1    1.000000
   1.86200000E+00    1.00000000E+00 
S    1    1.000000
   3.93200000E-01    1.00000000E+00 
S    1    1.000000
   1.40000000E-01    1.00000000E+00 
P    3    1.000000
   2.95700000E+03    2.22600000E-02 
   7.00300000E+02    1.80200000E-01 
   2.24600000E+02    8.62400000E-01 
P    3    1.000000
   8.25900000E+01    3.44000000E-01 
   3.31900000E+01    5.07100000E-01 
   1.42000000E+01    2.59000000E-01 
P    3    1.000000
   1.42000000E+01    7.96500000E-02 
   7.43800000E+00    3.73400000E-01 
   3.52600000E+00    6.04900000E-01 
P    1    1.000000
   1.59500000E+00    1.00000000E+00 
P    1    1.000000
   8.46200000E-01    1.00000000E+00 
P    1    1.000000
   3.18600000E-01    1.00000000E+00 
P    1    1.000000
   1.09600000E-01    1.00000000E+00 
D    4    1.000000
   1.34800000E+02    1.83100000E-02 
   3.63900000E+01    1.35000000E-01 
   1.21600000E+01    4.26100000E-01 
   4.34100000E+00    6.04300000E-01 
D    1    1.000000
   1.53500000E+00    1.00000000E+00 
SP   1    1.000000
   3.90000000E-02    1.00000000E+00   1.00000000E+00 
D    1    1.000000
   4.15000000E-01    1.00000000E+00 

[MO]
Sym=X
Ene= -0.195917
Spin=Alpha
Occup=1
     1    2.277863346971e-03
     2    3.600302830767e-03
     3   -1.600881140351e-02
     4    2.679245770194e-03
     5    6.572091234182e-02
     6   -1.067926973813e-02
     7   -2.319141390729e-02
     8    3.964447890309e-03
     9    1.064444512761e-01
    10   -3.299815186656e-03
    11   -2.206274112226e-02
    12   -1.030389507441e-02
    13    8.865368546049e-02
    14   -2.099924206865e-01
    15    2.257016594858e-02
    16    4.846640020574e-02
    17    1.333124265771e-02
    18   -4.837351484536e-04
    19   -4.064974220641e-03
    20   -7.973774109979e-03
    21    5.717293975941e-04
    22   -1.446382375680e-03
    23   -4.825728627880e-03
    24   -7.855379639737e-03
    25    1.950746101927e-02
    26   -1.501699119495e-02
    27    5.607317668839e-03
    28    2.361634656126e-02
    29    3.098372680740e-02
    30   -2.096107495432e-02
    31    9.045094838516e-03
    32    9.480174827563e-03
    33    1.261632056702e-03
    34    9.515971255514e-04
    35    3.406063969419e-03
    36    7.826848852714e-01
    37    6.178592679866e-02
    38   -1.384253375728e-01
    39   -9.430758794258e-03
    40    3.020046994883e-04
    41   -1.123834324558e-02
    42    4.164985704941e-03
    43   -4.028465037624e-03
    44   -1.757434619601e-04
    45    8.756962908800e-03
    46    1.416435543945e-02
    47   -2.612812164373e-02
    48    2.602515276369e-02
    49   -4.978592535681e-02
    50   -4.171051698995e-02
    51   -4.731317165751e-02
    52    4.143594470431e-02
    53   -8.032336432711e-02
    54   -1.217815941031e-01
    55   -4.793443965175e-02
    56    7.304812716140e-02
    57   -6.964215609068e-02
    58   -1.517121803933e-01
    59    1.461880142422e-01
    60   -4.618382661276e-01
    61   -2.711761949131e-02
    62    5.923778075816e-04
    63   -3.006943969162e-03
    64    3.688585007113e-03
    65   -4.127176593029e-03
    66   -6.125054703722e-04
    67    2.801890365137e-03
    68    4.455991161241e-03
    69   -8.490681442684e-03
    70    1.148271225397e-02
    71    8.449512667537e-02
    72   -1.188241459203e-02
    73   -1.257557871635e-02
    74    1.790198215053e-02
    75    1.377471555339e-01
    76   -4.773723688602e-02
    77   -3.021295821915e-02
    78    1.120368630851e-02
    79    1.102653830011e-01
    80   -5.709618587833e-03
    81    2.010201458172e-02
    82    8.769196194764e-02
    83    3.990644776677e-03
    84   -1.051608384663e-04
    85    5.794929028021e-03
    86    1.641448870026e-03
    87    4.525578767636e-04
    88   -9.865429927584e-04
    89    7.088278037732e-03
    90    1.193798254400e-02
    91    5.928345233115e-03
    92    1.313092008221e-03
    93   -6.315338067730e-04
    94   -1.378590862318e-02
    95    5.179227884432e-03
    96    5.637627459343e-03
    97   -3.588574363935e-03
    98   -3.843326914404e-04
    99   -5.937398863171e-04
   100    2.254153832913e-02
   101    1.336648103663e-02
   102   -3.610526000328e-03
   103    1.903822870158e-03
   104    3.652679210096e-02
   105    2.637208048944e-02
   106   -3.927873114623e-03
   107    1.639227255676e-03
   108   -1.054725470011e-02
   109   -5.845860055011e-02
   110   -3.849962449577e-02
   111   -6.885768145301e-02
   112   -7.260294875733e-02
   113    7.358416565556e-02
   114    3.303090212046e-02
   115   -1.048030970221e-03
   116    1.786688758563e-02
   117    5.609984123020e-03
   118   -1.560874957782e-02
   119    1.799854748962e-02
   120    6.539575008370e-03
   121    1.074946022155e-02
   122   -1.411194051736e-01
   123   -9.701784658631e-02
   124   -1.475384422849e-02
   125   -3.499514346445e-02
   126   -2.078467821604e-01
   127   -1.428291796831e-01
   128   -2.239316673532e-02
   129   -6.861066879088e-02
   130   -1.858158879152e-01
   131   -1.410619840931e-01
   132   -2.013867954473e-02
   133    1.031502569717e-01
   134   -1.975542107989e-02
   135    1.621126223254e-02
   136    1.068923892826e-02
   137   -1.744958521465e-03
   138   -3.503110041292e-03
   139   -3.043491493455e-03
   140    9.177943370807e-03
   141   -2.280379169777e-03
   142   -6.272957518326e-04
   143   -9.587158470994e-04
   144    4.731808005589e-02
   145   -7.108277818243e-02
   146   -4.035264364372e-02
   147    4.715066963650e-03
   148    7.157843445375e-02
   149   -1.038654692202e-01
   150   -5.941912698518e-02
   151    4.117670643929e-02
   152    6.017769056508e-02
   153   -1.052287147878e-01
   154   -5.605665681820e-02
   155   -1.947063831756e-02
   156    1.985095739268e-02
   157   -4.359894050652e-03
   158   -2.877983390443e-03
   159    1.213064742653e-03
   160    2.583045650762e-04
   161    3.737957504556e-03
   162   -5.877283736456e-03
   163   -1.119988331212e-03
   164   -7.007733313735e-03
   165   -1.118060324119e-02
   166    1.908070655423e-02
   167   -1.316023017727e-02
   168    4.628415520189e-02
   169    3.061350535195e-02
   170    2.614521198751e-02
   171   -2.295654361084e-02
   172    7.472932902625e-02
   173    1.313048464993e-01
   174    5.033524121585e-02
   175    3.051527463675e-03
   176    6.504818803573e-02
   177   -5.014090805843e-01
   178   -2.057183536933e-01
   179    8.984616399576e-02
   180    6.891972501957e-03
   181    2.229605504081e-04
   182   -6.633404134843e-03
   183    8.714209252102e-03
   184    1.259667635854e-03
   185    2.752759201279e-03
   186    7.332953369373e-03
   187    6.056930034337e-03
   188    1.374798983099e-02
   189    8.472843574042e-04
   190    1.473605247079e-03
   191   -2.156382183665e-02
   192   -7.095059493576e-05
   193   -2.335144003328e-02
   194   -5.519934833934e-03
   195   -3.742105101593e-02
   196    3.716936599642e-04
   197   -3.783107810760e-02
   198   -1.219715954602e-02
   199    8.104268626036e-02
   200    2.506657311055e-02
   201   -4.082236738356e-02
   202    4.792987896129e-02
   203   -4.019635341743e-01
   204   -9.750674410769e-02
   205    8.677522575921e-03
   206    9.710611553462e-05
   207   -1.107971168318e-02
   208   -1.344313491781e-03
   209    1.066618040891e-02
   210   -7.496010623856e-03
   211    4.917709565093e-04
   212    1.593091093398e-03
   213   -4.315935181028e-03
   214   -5.247478698394e-03
   215    1.033408216432e-02
   216    1.365483373974e-02
   217   -2.771764740016e-02
   218   -1.217387142437e-02
   219    6.881934707366e-03
   220    2.692388442474e-03
   221   -1.807998037881e-03
   222    5.680080742076e-02
   223    2.222392457456e-02
   224   -1.491929626694e-02
   225   -1.481976220401e-01
   226   -5.800337040943e-02
   227    3.885701109977e-02
   228   -5.549769035499e-02
   229   -2.152891134134e-02
   230    1.452867436582e-02
   231    1.213698283887e-01
   232    4.719640718478e-02
   233   -3.136185484087e-02
   234    2.888817912991e-01
   235    1.114686578079e-01
   236   -7.473287699674e-02
   237    1.687651627736e-01
   238    6.789889279470e-02
   239   -4.038050080764e-02
   240    3.329286938931e-05
   241    2.251993172681e-04
   242    3.892439467363e-03
   243    7.734675950687e-04
   244   -4.582465835224e-03
   245    1.332127260073e-04
   246    1.493527845856e-04
   247    7.420650066730e-04
   248    1.363081442685e-05
   249   -4.667998566701e-04
   250    3.868724856927e-02
   251    7.356009881105e-03
   252    1.417213261767e-02
   253   -2.498270195441e-03
   254   -6.648711481681e-05
   255    2.473591519585e-05
   256   -7.813971731174e-03
   257   -1.802901679964e-03
   258    9.572953381471e-03
Sym=X
Ene= -0.266527
Spin=Alpha
Occup=1
     1   -1.926986123468e-03
     2   -3.103846753857e-03
     3    1.846012760315e-02
     4   -6.127312805401e-03
     5    5.245263645286e-02
     6    1.002072095639e-02
     7    2.591099340918e-02
     8   -9.598058545000e-03
     9    8.455591409464e-02
    10   -4.589856117430e-02
    11   -1.153418567022e-03
    12   -2.130635295435e-02
    13    8.131611557490e-02
    14   -1.634907993574e-01
    15    4.067063986685e-02
    16    5.569934488728e-02
    17    1.302791837217e-02
    18    3.752573431979e-04
    19   -3.167640791428e-03
    20   -4.438057077921e-03
    21    1.703931549035e-03
    22    4.639269556658e-03
    23   -9.068977220300e-04
    24   -1.592914239603e-03
    25   -1.320942827162e-02
    26    2.810794444169e-02
    27   -2.610277202265e-03
    28    5.324927029580e-03
    29   -1.674313299669e-02
    30    4.222811196181e-02
    31   -2.645205948487e-03
    32    9.481386670634e-03
    33   -7.972657305399e-02
    34    4.212690970277e-02
    35   -7.313524064754e-03
    36   -5.381353184893e-03
    37    3.753276726087e-02
    38   -2.117214152794e-02
    39   -8.794645063951e-03
    40   -1.970538074145e-04
    41   -1.098563410731e-02
    42    5.427197001557e-03
    43    3.831438705547e-03
    44   -1.942121128386e-03
    45   -1.436135051918e-02
    46   -2.383298401081e-02
    47    8.928083180850e-02
    48    1.297258765770e-03
    49   -6.239515045533e-02
    50    7.383392999230e-02
    51    1.519171153174e-01
    52    2.917750295321e-03
    53   -1.025171004653e-01
    54    2.378793946985e-01
    55    1.930755593258e-01
    56    3.971696079399e-02
    57   -8.879437472528e-02
    58    5.803809050082e-01
    59   -1.862924452124e-01
    60   -1.558864888791e-01
    61   -7.937954233754e-03
    62   -3.093106220688e-03
    63    9.565845153871e-04
    64    1.067978508780e-03
    65    1.311472771130e-02
    66    5.526346791027e-04
    67   -2.506145884428e-03
    68   -3.960098315846e-03
    69    5.928221014259e-04
    70    4.966373614539e-04
    71    5.116669219084e-02
    72    1.125972877599e-02
    73    9.079486163859e-04
    74    8.000337233000e-04
    75    8.353194043375e-02
    76    8.626606992808e-03
    77    1.276270306254e-04
    78   -2.859848469667e-03
    79    7.161634973957e-02
    80    9.537352116121e-02
    81    2.089156805817e-02
    82    7.178481749748e-02
    83    4.698109660966e-03
    84    5.014111922823e-04
    85    2.452668747246e-03
    86    4.835933210337e-03
    87    3.593184265867e-03
    88   -4.602118109043e-04
    89   -1.344307097640e-02
    90   -1.691177328460e-02
    91   -4.820859921505e-03
    92    5.118149168913e-03
    93    3.344279539836e-03
    94    4.554204342639e-03
    95    4.468843162549e-03
    96    7.977044557529e-03
    97    4.153124889091e-03
    98   -2.662675954493e-03
    99   -4.356049376540e-03
   100   -5.635446388567e-02
   101   -2.426578379814e-03
   102    7.776803790167e-03
   103    1.208738438122e-02
   104   -9.187721201398e-02
   105   -2.712781135965e-03
   106    1.246689741481e-02
   107    2.604194117349e-02
   108    7.517386984723e-02
   109   -2.069639949062e-02
   110   -3.942102121985e-03
   111    1.579755051265e-01
   112    1.818180902444e-01
   113    4.336095338935e-02
   114    1.895191049238e-02
   115   -6.121234945195e-03
   116    9.295373076367e-03
   117   -2.337817281451e-02
   118    4.434101786969e-02
   119    7.603619028534e-03
   120    1.198217588647e-03
   121    1.910825958758e-03
   122    1.687974844299e-01
   123    1.328979334975e-02
   124    1.022403612419e-02
   125   -8.507617347491e-03
   126    2.470948137836e-01
   127    2.025975822540e-02
   128    1.593619405700e-02
   129   -4.047703361417e-02
   130    2.326747505706e-01
   131    8.997802596690e-03
   132    7.550826118261e-03
   133   -1.027805404582e-01
   134    8.826581189912e-03
   135   -2.253184668427e-02
   136   -1.379655179168e-02
   137    2.623379591685e-03
   138    4.050634746552e-03
   139    1.207262123622e-03
   140   -4.707316948062e-03
   141    6.662771442390e-03
   142   -1.510661380395e-04
   143   -2.833521930817e-04
   144    1.939539047584e-01
   145   -3.699157378529e-02
   146   -9.836842645092e-04
   147   -8.044908199165e-04
   148    2.840026515833e-01
   149   -5.557143115529e-02
   150   -1.418930395381e-03
   151   -1.053814753060e-02
   152    2.631220841225e-01
   153   -4.481113008653e-02
   154    3.123313129034e-03
   155   -1.466200654614e-01
   156    9.580447581699e-03
   157    2.806633237402e-02
   158    1.318620230524e-02
   159    1.382917777189e-03
   160   -4.793944459038e-03
   161    6.950018727496e-04
   162   -7.035885965322e-03
   163   -7.462658203694e-03
   164   -3.799054355029e-03
   165   -6.062348147817e-03
   166    2.268959934409e-02
   167    5.381306913671e-03
   168    1.049366514876e-03
   169    1.817597552171e-02
   170    3.106802678768e-02
   171    8.700477628907e-03
   172    2.307413920207e-03
   173   -2.125920952481e-02
   174    1.444572686391e-02
   175    6.520102632668e-03
   176   -1.194023004711e-03
   177    4.646071851124e-02
   178   -5.089116101375e-02
   179    4.088323812655e-02
   180   -1.495887833661e-04
   181    6.669307433671e-04
   182   -8.307889713741e-03
   183    5.155068588616e-03
   184    1.107329426636e-03
   185   -3.994018401525e-03
   186   -1.331876879600e-02
   187   -1.872261854224e-02
   188   -1.204025962320e-02
   189    2.052736057496e-03
   190    3.218076279874e-03
   191   -2.314025628105e-02
   192   -2.065663162651e-02
   193   -5.012066707760e-02
   194   -8.808618779699e-03
   195   -3.241271161809e-02
   196   -2.954570160894e-02
   197   -8.304099070093e-02
   198    4.175570983391e-02
   199   -5.578033740929e-02
   200    5.362852522165e-03
   201   -6.263557672299e-02
   202   -4.302249149536e-01
   203   -2.306464297671e-02
   204   -2.185424345616e-01
   205   -9.743548337868e-04
   206   -2.325749881551e-04
   207   -2.936179918029e-03
   208   -6.615085209083e-03
   209    7.487977860773e-03
   210    2.221912605780e-03
   211   -2.332945331425e-04
   212   -7.554559544578e-04
   213    2.044262848755e-03
   214    2.520085460282e-03
   215   -5.035258390378e-03
   216   -6.423652712181e-03
   217    1.346984336767e-02
   218    1.142679214389e-02
   219    5.897443709690e-04
   220   -2.979340747757e-04
   221    8.572087133561e-04
   222    4.865292656188e-03
   223   -2.456145412545e-03
   224    7.077508758234e-03
   225   -1.274660847672e-02
   226    6.345535609262e-03
   227   -1.853859785304e-02
   228   -5.490253451323e-03
   229    2.499795814096e-03
   230   -7.087484969664e-03
   231    1.288529760441e-02
   232   -5.177681276091e-03
   233    1.605015301395e-02
   234    2.205673469775e-02
   235   -1.061690292585e-02
   236    3.666411642135e-02
   237    2.784326214090e-02
   238    3.855319109909e-03
   239    3.249025319309e-02
   240   -4.773711624862e-04
   241   -2.116109696033e-03
   242    2.854331688617e-03
   243   -1.080781756769e-03
   244    2.644542924604e-03
   245    2.309870682355e-05
   246   -3.729785306685e-04
   247    2.516913750285e-04
   248    8.047919747694e-05
   249    4.935042980992e-04
   250   -1.059478738689e-01
   251    1.482212681091e-02
   252   -2.869640966089e-02
   253    3.172413107387e-03
   254    7.381138205924e-04
   255    4.653024985176e-03
   256   -5.041903252171e-03
   257    7.256086014450e-04
   258   -5.508590542687e-03
Sym=X
Ene= -0.356822
Spin=Alpha
Occup=1
     1   -1.153488863953e-03
     2   -1.824653168166e-03
     3    6.510886571281e-03
     4   -3.006022966059e-03
     5    6.080846593417e-02
     6    4.864118845508e-03
     7    9.531836969694e-03
     8   -4.694329241804e-03
     9    1.000215123928e-01
    10    1.525523373788e-02
    11    1.201313266400e-02
    12   -7.421851297446e-03
    13    9.250064288753e-02
    14   -1.012940513727e-01
    15   -3.942411583147e-02
    16   -2.455634167102e-02
    17    1.145870477237e-02
    18   -4.706671057201e-05
    19   -1.328678398045e-03
    20   -1.627822824321e-03
    21    1.832267916722e-03
    22   -2.039444114875e-04
    23    1.163524647528e-03
    24    1.927876673458e-03
    25   -1.038570981941e-02
    26   -8.854522075711e-03
    27    8.395592833565e-03
    28   -4.901422768849e-03
    29   -1.681091340452e-02
    30   -1.453753176878e-02
    31    1.350764447406e-02
    32   -4.936919919298e-02
    33   -1.106829768384e-02
    34   -5.640516598270e-03
    35    2.705422250624e-02
    36   -4.124566757193e-01
    37   -1.335246421705e-01
    38    1.040645984991e-01
    39    1.654027142172e-02
    40    1.064512217987e-03
    41   -9.718430610315e-03
    42    8.479697191646e-03
    43    1.530680737465e-03
    44    4.022208654125e-04
    45    6.193019105784e-03
    46    1.011905522741e-02
    47   -1.959279960670e-02
    48    2.145916527295e-03
    49   -7.893724139103e-02
    50   -3.033156289884e-02
    51   -3.607898457037e-02
    52   -8.098551510267e-04
    53   -1.293546481245e-01
    54   -9.925349796350e-02
    55   -1.868725907967e-02
    56    6.179553062071e-02
    57   -1.317345123040e-01
    58    2.228354373604e-01
    59    3.227595181707e-02
    60    3.254238413945e-01
    61   -3.044779631740e-02
    62    1.182196696196e-03
    63    2.841049906072e-03
    64    9.290752154578e-03
    65   -1.474430160309e-03
    66    1.652884051001e-03
    67    2.004610590548e-03
    68    3.178447787544e-03
    69   -1.209271404200e-02
    70    7.363547332239e-03
    71    2.894137758799e-02
    72   -9.232415512640e-03
    73   -1.809377930873e-02
    74    1.008359496896e-02
    75    4.780970017983e-02
    76   -1.366366608554e-02
    77   -1.653040576399e-02
    78    8.930481519988e-03
    79    4.785962289184e-02
    80   -3.535643636646e-02
    81    1.215418113304e-02
    82    2.699960392428e-03
    83    2.118131602876e-03
    84   -1.507295874643e-04
    85    2.586816953914e-04
    86    1.061120944583e-02
    87    1.639998854585e-03
    88    1.154220568424e-03
    89   -3.597191072688e-03
    90   -4.703965724305e-03
    91   -1.191237267012e-04
    92   -9.017691078152e-03
    93   -7.227983056931e-03
    94   -1.055271364066e-03
    95    8.970558787650e-03
    96    1.239261438382e-02
    97    2.820442810165e-03
    98    3.968263843455e-04
    99    6.550752552673e-04
   100    1.108411266167e-02
   101    5.445342128358e-04
   102   -8.018452716786e-03
   103   -1.505979404832e-03
   104    1.814729858902e-02
   105    3.269397054870e-04
   106   -1.472938233993e-02
   107   -1.463172840175e-02
   108   -1.727811344101e-02
   109    2.172286773415e-02
   110    1.188878725871e-02
   111   -5.864449799463e-02
   112   -3.566517214848e-02
   113   -4.299587870774e-02
   114    5.559217241684e-02
   115    7.174813946063e-03
   116    9.071719003470e-04
   117    9.908930116864e-03
   118   -5.542070924268e-03
   119   -1.631472722728e-02
   120    9.597910297938e-05
   121    2.227289847415e-04
   122    2.767817086976e-02
   123    4.942237963296e-02
   124    1.828044812999e-02
   125   -1.630314420263e-04
   126    4.279529944444e-02
   127    7.232410660246e-02
   128    2.634659873334e-02
   129    1.768911490663e-02
   130    3.555137368546e-02
   131    7.386242526644e-02
   132    2.890517026926e-02
   133    3.582105016013e-02
   134    7.481310690544e-03
   135    1.435113693053e-02
   136   -1.112132691431e-02
   137    4.998251029867e-05
   138    8.112454970179e-04
   139    1.218540575796e-03
   140   -3.756562197765e-03
   141   -4.449486669154e-04
   142    3.253108837687e-04
   143    5.108945520685e-04
   144   -1.149440065830e-01
   145    2.382161582053e-02
   146    7.967444237677e-02
   147   -1.559644538194e-03
   148   -1.708014134102e-01
   149    3.483660438630e-02
   150    1.177938137376e-01
   151   -9.109087514295e-03
   152   -1.534366430605e-01
   153    3.214794481541e-02
   154    1.126610939490e-01
   155    2.519731662926e-02
   156   -1.707756943936e-02
   157   -1.386038371819e-03
   158   -7.796456487821e-03
   159   -3.963489387452e-03
   160    7.521511594706e-04
   161   -4.375977190008e-03
   162    4.476773281056e-03
   163    4.908195636970e-03
   164    2.454827980649e-05
   165   -1.321192725409e-06
   166    1.171426361062e-03
   167   -1.420003424987e-02
   168   -4.387758482707e-02
   169    1.954004099817e-04
   170    9.368932163988e-04
   171   -2.297536554938e-02
   172   -7.074407520132e-02
   173    2.332976311729e-02
   174   -3.244969838502e-03
   175   -1.597148448565e-02
   176   -7.310490258332e-02
   177   -2.841033252523e-01
   178   -8.832898414882e-02
   179    1.494158313550e-02
   180    4.344593969732e-03
   181    3.289389231676e-04
   182   -9.815465765719e-03
   183    1.580293191484e-03
   184    1.066004209339e-03
   185    2.246483027772e-03
   186    9.191088657344e-03
   187    1.023543537820e-02
   188    2.795714642785e-03
   189   -3.679472934023e-03
   190   -5.898485893061e-03
   191    1.580408243036e-03
   192    3.969483347688e-03
   193   -6.988258993772e-02
   194    1.611713843101e-02
   195    2.968696710996e-03
   196    4.905345080312e-03
   197   -1.129488945198e-01
   198    7.544876556366e-02
   199    3.406780443717e-02
   200    3.731827485711e-02
   201   -8.370657636302e-02
   202    5.964832089162e-01
   203   -7.759785601859e-02
   204    2.959209032319e-02
   205   -1.116642946837e-02
   206    5.271942697902e-05
   207    6.300025986915e-03
   208   -2.023458688604e-02
   209    2.790849348025e-03
   210   -2.866243323884e-03
   211   -2.239964142736e-04
   212   -7.259146735769e-04
   213    1.969702631213e-03
   214    2.389596101800e-03
   215   -4.715833974730e-03
   216   -6.350879035451e-03
   217    1.371067488025e-02
   218    4.746219828795e-03
   219    3.331301224478e-03
   220    1.622809007795e-03
   221    9.844392715132e-03
   222    2.749755125942e-02
   223    1.339416073557e-02
   224    8.127194438128e-02
   225   -7.183258179143e-02
   226   -3.496355395723e-02
   227   -2.123567896659e-01
   228   -2.720262578389e-02
   229   -1.330007317438e-02
   230   -7.910163970200e-02
   231    6.023655276500e-02
   232    2.946000310483e-02
   233    1.748081175870e-01
   234    1.389231427821e-01
   235    6.717081807428e-02
   236    4.169200445107e-01
   237    8.736277549197e-02
   238    4.335552212550e-02
   239    2.651404180823e-01
   240   -7.036111478155e-04
   241   -1.390241096274e-03
   242    2.127255106830e-03
   243    1.168663123832e-03
   244    4.369009056220e-04
   245   -2.713388960712e-04
   246   -1.438399317851e-05
   247   -6.069815900123e-05
   248    4.256694442109e-05
   249    2.099636113157e-04
   250    2.618384171743e-02
   251    1.073096372767e-02
   252    1.384637463962e-02
   253    1.425060967624e-02
   254    1.582283917443e-03
   255    1.202937745491e-04
   256    5.347386850662e-04
   257   -3.279194893110e-03
   258   -8.556045780201e-04
Sym=X
Ene= -0.484829
Spin=Alpha
Occup=1
     1    1.822350773095e-03
     2    2.925222093559e-03
     3   -1.126188981784e-02
     4    4.163576488424e-03
     5    2.857378205925e-02
     6   -8.365927235139e-03
     7   -1.461907676694e-02
     8    6.955530212550e-03
     9    4.625393692029e-02
    10   -1.977154596247e-03
    11   -1.211190506882e-02
    12    1.830787078930e-02
    13    4.073269130607e-02
    14    3.834776019615e-02
    15   -1.876415431690e-01
    16   -1.138942829972e-01
    17    1.273298269232e-02
    18   -1.044693617512e-04
    19   -9.203051877546e-03
    20   -6.933946179843e-03
    21   -3.313386205361e-03
    22   -1.424774215770e-03
    23    1.021133334558e-03
    24    1.679530524483e-03
    25    1.138960049714e-02
    26    4.248112845733e-03
    27   -4.270139131396e-02
    28   -5.544258774631e-03
    29    1.496499373278e-02
    30    8.074332295692e-03
    31   -6.968347492445e-02
    32    9.664820733089e-03
    33    3.909649477146e-02
    34    1.250080124790e-02
    35   -5.754439721086e-02
    36   -3.617330537437e-01
    37   -2.349638834311e-01
    38    1.794694649164e-01
    39   -1.240471312966e-02
    40    1.933277564087e-04
    41   -8.035609889344e-03
    42    6.697133131533e-03
    43   -3.580102769443e-03
    44    2.481031265524e-03
    45   -2.976806138984e-03
    46   -4.499068599566e-03
    47   -2.463101321485e-02
    48   -1.605392998567e-02
    49   -7.461968749132e-02
    50    1.099631053457e-02
    51   -3.711439306316e-02
    52   -2.068745886657e-02
    53   -1.204309911234e-01
    54    3.477276888167e-02
    55   -7.842060966773e-02
    56   -6.035649456190e-02
    57   -1.214612379743e-01
    58   -3.882434725468e-01
    59   -5.923239716886e-02
    60    5.195838719604e-01
    61    7.597220999586e-03
    62    8.144514320995e-04
    63    6.861504725499e-05
    64   -3.836732396151e-03
    65   -5.101963696437e-03
    66   -1.230774229652e-03
    67   -3.406746829890e-03
    68   -5.409694329726e-03
    69    1.815454108912e-02
    70   -1.587772551949e-02
    71    7.562890291715e-02
    72    1.447772693815e-02
    73    2.712756188867e-02
    74   -2.348277113202e-02
    75    1.238427232066e-01
    76    6.053850842233e-02
    77    4.477566650890e-02
    78   -2.908752993283e-02
    79    1.030062691016e-01
    80    1.274061845968e-01
    81   -1.516146900298e-02
    82   -2.611828654054e-01
    83   -1.427644913795e-03
    84   -7.118066005967e-05
    85    4.134730759662e-03
    86   -3.357501807042e-03
    87   -4.002621699238e-03
    88   -4.926829097094e-04
    89    8.294944815991e-03
    90    9.721042457180e-03
    91    3.465863277583e-03
    92    8.941981986627e-03
    93    7.441416490588e-03
    94   -2.442634144778e-03
    95   -1.423710379466e-02
    96   -2.011352874517e-02
    97   -2.910385677228e-03
    98    2.398942315935e-03
    99    3.913306709521e-03
   100    8.446856176848e-03
   101    3.365364715270e-03
   102    1.342765656734e-02
   103   -1.248842041243e-02
   104    1.390262435079e-02
   105    5.920612601573e-03
   106    2.148010523419e-02
   107   -1.320660062089e-02
   108   -2.469432890657e-02
   109   -2.241454099136e-02
   110    6.537198061827e-03
   111    3.824709770904e-02
   112   -2.241728603392e-03
   113    2.737860190086e-02
   114    2.486224126224e-02
   115   -5.300470739005e-03
   116    1.579396389086e-02
   117    2.395452752703e-03
   118   -1.380120616354e-02
   119    8.371365356395e-03
   120   -4.854069500991e-03
   121   -8.079929404907e-03
   122   -7.147815035761e-02
   123   -8.341950383214e-02
   124    2.138569644009e-02
   125    2.658876883491e-02
   126   -1.063426295341e-01
   127   -1.234855918747e-01
   128    3.244660554413e-02
   129    2.198090427803e-02
   130   -9.776051436731e-02
   131   -1.089448832517e-01
   132    3.419981014291e-02
   133    5.960879058513e-02
   134   -2.433964955176e-02
   135   -2.040327586504e-02
   136    3.730948939635e-03
   137    2.780476612727e-03
   138   -2.944889600999e-03
   139   -2.040550815970e-04
   140    7.400209498214e-03
   141   -1.382504465254e-03
   142   -2.399013246862e-03
   143   -3.922498394354e-03
   144    3.078923604707e-03
   145   -3.005273400156e-02
   146   -2.767194497868e-02
   147    1.379298778654e-02
   148    5.019934681811e-03
   149   -4.429971927271e-02
   150   -4.065513507226e-02
   151    3.506096762471e-02
   152    3.070535958963e-03
   153   -4.427276668739e-02
   154   -4.206802178981e-02
   155   -2.763783832047e-02
   156    9.551092355712e-04
   157   -2.697131944316e-03
   158   -4.915294099939e-03
   159    2.612171071960e-04
   160    9.886699217690e-04
   161    1.317705545971e-03
   162   -2.349655171358e-03
   163    1.243577738492e-04
   164    7.375724619867e-03
   165    1.186353553114e-02
   166   -2.623098032092e-02
   167    2.144152925228e-02
   168    6.208964520954e-02
   169   -3.405540490337e-02
   170   -3.592228306189e-02
   171    3.702306072040e-02
   172    1.007479791639e-01
   173   -1.108781816832e-01
   174   -2.937417563482e-02
   175   -1.222782055468e-02
   176    8.204393683689e-02
   177    6.304757332378e-01
   178    4.197901303793e-01
   179   -2.306436276868e-01
   180    1.511676076701e-02
   181   -4.507988096995e-04
   182   -4.057896915863e-03
   183    6.250710389500e-03
   184   -2.957151360826e-03
   185   -2.052487259999e-03
   186   -7.563296621663e-03
   187   -8.607347617628e-03
   188   -9.993883883339e-03
   189    2.682382686827e-03
   190    4.344180216233e-03
   191    2.208277943903e-02
   192    9.453022542375e-03
   193    1.655387819158e-03
   194   -1.278005240453e-02
   195    3.404486041715e-02
   196    1.482242868905e-02
   197    2.851688572056e-03
   198   -5.322955820272e-02
   199   -3.535324134939e-02
   200   -2.648420447582e-02
   201    6.909312006952e-03
   202   -9.789632121652e-02
   203    6.463529799420e-01
   204    3.181746266992e-01
   205   -2.864633516409e-02
   206    7.689704964578e-05
   207   -1.046741652423e-02
   208   -1.210574025051e-02
   209   -1.560759677279e-02
   210    8.021405333520e-03
   211    1.854462034335e-04
   212    6.026194617021e-04
   213   -1.652549698075e-03
   214   -1.944317910414e-03
   215    3.828767475151e-03
   216    6.039773752740e-03
   217   -1.804320411773e-02
   218    6.584896536272e-03
   219   -9.706943062787e-03
   220   -3.522472926506e-03
   221    3.899729596727e-03
   222   -8.011625451786e-02
   223   -2.907048583131e-02
   224    3.219027180370e-02
   225    2.092129420103e-01
   226    7.591083321175e-02
   227   -8.406062641742e-02
   228    7.965892368862e-02
   229    2.914971908337e-02
   230   -3.153425938016e-02
   231   -1.762783983398e-01
   232   -6.466852459004e-02
   233    6.953810483764e-02
   234   -4.041285238770e-01
   235   -1.454118070339e-01
   236    1.640105667720e-01
   237   -2.615795051163e-01
   238   -9.099935162697e-02
   239    9.897388145475e-02
   240    7.102652553219e-04
   241    2.210126794487e-03
   242   -4.498674089111e-04
   243   -2.703686074825e-03
   244   -9.696493927530e-04
   245    2.642852060896e-04
   246    6.241781425975e-04
   247    1.750984094472e-05
   248   -3.817257044242e-04
   249   -5.531554604039e-04
   250    1.701591898921e-02
   251   -2.535402903545e-02
   252   -5.322238843117e-03
   253    7.988606566679e-03
   254   -3.069147306043e-03
   255   -6.671497344306e-03
   256    1.124244840188e-03
   257    8.340980078114e-03
   258    1.911463978041e-03
Sym=X
Ene= -0.690374
Spin=Alpha
Occup=1
     1   -1.859733295139e-03
     2   -2.943862251285e-03
     3    7.115791834172e-03
     4   -2.465767403437e-04
     5   -5.977795079549e-02
     6    7.497610712068e-03
     7    9.970471918703e-03
     8   -3.934196751049e-04
     9   -9.707634079117e-02
    10    2.603996407804e-02
    11    1.619310490287e-02
    12   -8.443389846441e-03
    13   -8.947632232812e-02
    14   -1.056182712757e-01
    15    6.509897375823e-02
    16    5.730167094300e-02
    17   -2.128001772218e-02
    18   -8.817207262544e-05
    19   -1.785364494097e-02
    20   -7.080805021261e-03
    21    6.132239113358e-04
    22    5.207822002383e-04
    23    2.520209925099e-03
    24    4.126742176726e-03
    25   -1.154805559670e-02
    26    1.698445837290e-03
    27   -1.244260021947e-01
    28   -1.220273432764e-02
    29   -1.912035057234e-02
    30    1.956890283991e-03
    31   -2.037516330081e-01
    32   -6.151189260442e-02
    33   -9.129084595270e-03
    34    8.262471376276e-03
    35   -1.762801184808e-01
    36   -1.284106692628e-01
    37    2.800551794998e-02
    38   -3.589059196983e-02
    39   -3.362342847247e-03
    40    8.471016642165e-04
    41    2.912713188682e-03
    42    5.857243228863e-03
    43    2.305034096830e-03
    44   -2.121594702632e-04
    45    1.855538416328e-03
    46    2.971811710471e-03
    47    2.248262479494e-04
    48   -1.664002344936e-03
    49   -6.702992910528e-02
    50   -8.152710836820e-03
    51   -9.392111085377e-04
    52   -7.451959300697e-03
    53   -1.123545947174e-01
    54   -3.979081877081e-02
    55    8.202212835963e-03
    56    5.818944464186e-02
    57   -9.261213031978e-02
    58   -1.554199919832e-01
    59    9.531187022831e-02
    60    1.324694690744e-01
    61   -1.444878418508e-03
    62   -1.088839938153e-04
    63    2.042861418475e-03
    64   -1.888240947466e-02
    65    8.191691974129e-04
    66    1.690211572546e-03
    67    1.303992789161e-03
    68    2.085172502616e-03
    69   -3.915590846084e-03
    70    2.103926217650e-03
    71    7.024149926514e-02
    72   -5.672770250813e-03
    73   -5.623215084598e-03
    74    2.205373768424e-03
    75    1.144344409580e-01
    76   -2.009386640821e-02
    77   -1.202739385433e-02
    78    5.353337511144e-03
    79    1.004441761093e-01
    80    1.245727885907e-01
    81    3.461560090964e-02
    82    8.896968355409e-02
    83    1.712244448487e-02
    84   -1.644949708055e-04
    85    2.791865055605e-03
    86   -1.917237193567e-02
    87    9.744014150359e-04
    88    1.152164809412e-04
    89   -2.412374063314e-03
    90   -3.083470556160e-03
    91    1.122491589763e-03
    92   -6.243722517309e-03
    93   -5.908139683078e-03
    94    2.327534297587e-03
    95    3.225953431236e-03
    96    4.899925446766e-03
    97   -3.603963705910e-05
    98   -5.932436206324e-04
    99   -9.634877025554e-04
   100   -2.083743859054e-04
   101   -5.380367562996e-03
   102   -1.491210340705e-03
   103    2.751929431228e-03
   104   -2.189193816586e-04
   105   -9.475085569824e-03
   106   -3.138287427492e-03
   107    9.098949752482e-03
   108    2.352765364236e-03
   109    1.827511374474e-02
   110    1.532701432637e-02
   111   -1.732092225039e-02
   112   -2.262907859730e-02
   113   -7.640547440215e-02
   114    1.581066964497e-02
   115    4.379586216893e-03
   116   -1.033979800120e-03
   117    2.157787000524e-03
   118    4.454980166481e-03
   119   -1.739983589448e-02
   120    6.892309165348e-04
   121    1.168756777919e-03
   122    7.731725672098e-02
   123    6.333651966790e-02
   124    2.831754527917e-02
   125   -3.018747605121e-03
   126    1.157688693744e-01
   127    9.346956674047e-02
   128    4.165953190691e-02
   129    4.901513963428e-03
   130    1.053883560531e-01
   131    8.691518532704e-02
   132    3.844625797837e-02
   133   -3.040550825199e-02
   134    1.890907886126e-02
   135    1.159408048731e-02
   136   -9.203548101732e-03
   137    1.086978567396e-03
   138    1.650528252789e-03
   139    2.782892760122e-03
   140   -5.929436354737e-03
   141    1.791699456972e-03
   142    3.413469122952e-04
   143    4.956750501366e-04
   144   -8.053949649727e-02
   145    3.170784281458e-02
   146    7.479639307105e-02
   147   -1.628222302968e-03
   148   -1.206522982540e-01
   149    4.601509039575e-02
   150    1.105721002648e-01
   151   -1.865359885116e-02
   152   -1.074294121158e-01
   153    4.787540237881e-02
   154    1.072705369445e-01
   155    3.643783062245e-02
   156   -1.169024839171e-02
   157   -3.545791320034e-03
   158   -5.470584481272e-03
   159   -3.329981585099e-03
   160    1.761578230321e-04
   161   -4.484583887447e-03
   162    3.647033164942e-03
   163    3.334935076019e-03
   164   -8.679152433609e-04
   165   -1.439123370181e-03
   166    2.940597635547e-03
   167   -5.449269268581e-03
   168    1.315095494170e-01
   169    4.663839056338e-03
   170    4.324878523105e-03
   171   -9.536390103551e-03
   172    2.145290565088e-01
   173    1.675992998899e-02
   174   -2.445701871933e-03
   175   -1.430472367228e-03
   176    1.928781662601e-01
   177   -5.274598178882e-01
   178   -1.844864720050e-01
   179    3.292657661373e-02
   180    1.800499590508e-02
   181    7.336807549779e-05
   182    2.352341275163e-03
   183    5.900119567949e-03
   184    7.941592014514e-04
   185    1.354558852824e-03
   186    4.310231651091e-03
   187    4.872261577588e-03
   188    3.508108497619e-03
   189   -2.583670571695e-03
   190   -4.183923630040e-03
   191    2.702376401867e-03
   192    2.360812394583e-03
   193    5.776969956347e-02
   194    1.186768318454e-02
   195    5.510547740975e-03
   196    3.322291661570e-03
   197    9.363373521975e-02
   198    7.092616692766e-02
   199    2.242103742981e-02
   200    2.464166347154e-02
   201    8.004748161741e-02
   202    7.625837427923e-01
   203   -2.405287140642e-01
   204    2.873658636907e-02
   205   -3.133645077634e-03
   206    2.228459187202e-04
   207   -2.074980400371e-02
   208   -2.465371302714e-03
   209    2.231873962076e-03
   210   -2.149975567816e-03
   211   -2.690417801431e-04
   212   -8.723297246411e-04
   213    2.371682682832e-03
   214    2.862532931486e-03
   215   -5.649216266319e-03
   216   -7.875344166830e-03
   217    1.894804957525e-02
   218    1.094951224490e-03
   219    2.568474243407e-03
   220    9.018320581403e-04
   221   -3.459571302866e-03
   222    2.119853352489e-02
   223    7.440004003491e-03
   224   -2.856383933010e-02
   225   -5.538878130498e-02
   226   -1.941652693499e-02
   227    7.475008120837e-02
   228   -2.131633233151e-02
   229   -7.796012818030e-03
   230    2.816045146423e-02
   231    4.753884016465e-02
   232    1.748873735004e-02
   233   -6.307840125380e-02
   234    1.062807431593e-01
   235    3.618482243243e-02
   236   -1.476606521309e-01
   237    7.328343338792e-02
   238    2.045378545267e-02
   239   -1.025945765560e-01
   240   -1.785814492634e-04
   241    2.024672374836e-03
   242   -4.247722313593e-03
   243    1.401390226228e-03
   244    1.682402476166e-03
   245   -1.817351918243e-04
   246    1.054943167552e-04
   247   -5.364918547948e-04
   248    7.726877828148e-05
   249    3.507956799194e-04
   250    3.566145052379e-02
   251    1.111254240696e-02
   252    1.516152289517e-02
   253   -3.787920373103e-03
   254    1.151254213632e-03
   255   -2.498498193681e-03
   256    6.958950709742e-03
   257   -3.011836832665e-03
   258   -3.569664588389e-03
Sym=X
Ene= 0.690374
Spin=Alpha
Occup=0
     1   -1.681243822722e-02
     2   -2.828550476382e-02
     3   -1.632206218290e-02
     4    2.119993803088e-02
     5    1.305391880846e-02
     6    8.750960433355e-02
     7   -4.606937401232e-02
     8    5.950654084292e-02
     9    1.870646490162e-02
    10    5.507558579034e-01
    11    1.191041732151e-01
    12   -2.067211993798e-01
    13    5.579988069152e-02
    14    2.836500467311e+01
    15   -8.934140175040e-01
    16   -8.572710887706e+00
    17    9.785192065574e-02
    18    6.747076284391e-03
    19    1.102612026000e-03
    20    2.918600588941e-03
    21   -1.876144003168e-03
    22   -5.711658098077e-03
    23    1.331223455056e-02
    24    2.236110818022e-02
    25   -2.676635866590e-03
    26   -1.237316683316e-02
    27    1.062248306231e-02
    28   -7.213699339056e-02
    29   -2.423132661694e-02
    30   -3.047135685729e-02
    31    1.457268529790e-02
    32   -4.475126226617e-01
    33    2.041803636175e-01
    34    1.441463376356e-01
    35    2.281821796034e-02
    36   -4.886595412041e+01
    37   -4.599344339986e+00
    38    1.098020568732e+01
    39   -1.950341428528e-01
    40    7.013127231145e-03
    41   -3.380298173933e-03
    42   -6.738446319526e-03
    43    8.532038643785e-03
    44   -6.172464049637e-03
    45    2.854941807942e-04
    46    7.333505529100e-04
    47   -8.551595198064e-05
    48    3.657701669358e-03
    49    2.728406914774e-02
    50   -1.246224699182e-02
    51   -8.251994601531e-03
    52    2.908546633488e-04
    53    4.176812644926e-02
    54    2.488236935708e-01
    55   -9.792045476337e-02
    56    5.816801489716e-02
    57    9.704419065894e-02
    58    1.655496109688e+01
    59   -4.669994021671e+00
    60    2.369916265827e+01
    61    2.386775749299e-01
    62    3.757441727550e-03
    63   -2.325855021043e-04
    64    1.230694151495e-03
    65    9.399518604185e-04
    66    5.686108760382e-03
    67    1.149332827348e-02
    68    1.869935006357e-02
    69   -6.664103534534e-03
    70   -2.683346250927e-03
    71   -3.003834644149e-02
    72   -4.866171892307e-02
    73   -3.383233265175e-03
    74    2.884013537568e-03
    75   -4.064276185528e-02
    76   -5.749496794195e-01
    77   -2.778833204684e-01
    78   -3.279141449611e-02
    79   -1.142573371113e-01
    80   -2.362686456009e+01
    81   -5.394778250348e+00
    82   -5.508104644957e+00
    83   -9.169497688237e-03
    84    2.622047342349e-03
    85   -3.200136059035e-03
    86    1.571203849398e-03
    87   -1.227424059379e-02
    88    5.469184382526e-03
    89   -8.142516312470e-03
    90   -5.345590659091e-02
    91    2.181707958388e-02
    92   -6.762120221316e-03
    93   -7.673793564756e-03
    94   -1.478565721466e-01
    95   -3.809956559189e-03
    96   -2.549981490717e-02
    97   -1.078878257136e-01
    98    1.492166469926e-03
    99    2.901875999832e-03
   100    4.685782285045e-03
   101    7.926535476283e-03
   102    1.269165889181e-02
   103   -1.966555754229e-02
   104    5.169486400965e-03
   105    1.085740635130e-02
   106    3.225602657424e-02
   107    6.560862822246e-02
   108    1.939975282538e-02
   109    5.997266395595e-02
   110   -1.763772606422e-02
   111   -6.560068837546e-01
   112    6.059522443849e-01
   113   -2.067354530566e+00
   114   -1.833642791529e-01
   115    1.991395283176e-03
   116    5.507526701662e-04
   117   -2.130780940581e-03
   118    9.425564633984e-04
   119   -4.444394361032e-03
   120   -3.445838831760e-03
   121   -5.724988168317e-03
   122   -4.904157934882e-03
   123   -1.599172961278e-02
   124    1.838858907427e-02
   125    1.857294307993e-02
   126   -5.245865134013e-03
   127   -2.818735731782e-02
   128    2.634257454499e-02
   129    4.214113147412e-02
   130   -2.175255955234e-02
   131   -3.007725977562e-03
   132    4.293540512669e-02
   133   -8.065297625120e-01
   134    9.553952649085e-02
   135   -2.455515056428e-01
   136   -2.144088126250e-01
   137    2.077560361044e-03
   138   -4.130539396811e-04
   139    2.558225279307e-04
   140    1.162453218539e-03
   141    1.585669960398e-03
   142    7.009855195605e-03
   143    1.176966716550e-02
   144    9.591206218855e-03
   145   -1.489258874475e-02
   146    2.045796802950e-02
   147   -4.097674746047e-02
   148    1.530843536464e-02
   149   -2.337410272644e-02
   150    2.900474312696e-02
   151   -7.879763183998e-02
   152    1.899502711850e-02
   153   -2.126364014378e-03
   154    5.515941851000e-02
   155    5.889398299728e-01
   156   -8.467249233129e-02
   157   -1.802350655456e-01
   158   -2.036033261986e-01
   159   -1.001288844914e-03
   160   -1.262098514726e-03
   161   -1.565127526753e-03
   162   -1.416440902172e-03
   163   -2.616587718895e-05
   164   -9.090666939777e-03
   165   -1.538666404302e-02
   166   -1.321339352997e-02
   167   -1.598505004723e-02
   168   -1.179459601396e-02
   169    4.722758999700e-02
   170   -2.599558539723e-02
   171   -3.986451353356e-02
   172   -1.611032444795e-02
   173    3.207748921370e-01
   174   -3.401307064240e-02
   175    1.956727461242e-01
   176   -3.347406817781e-02
   177    3.249907213697e+01
   178    9.054104037433e+00
   179    4.781262751610e-01
   180    5.447673218896e-01
   181   -2.406147515557e-03
   182   -3.143652951361e-03
   183   -7.547260351917e-03
   184    8.007040026053e-03
   185    5.593331460377e-03
   186   -2.571363350481e-03
   187   -1.311939865591e-02
   188    2.092268261811e-02
   189   -3.690095811295e-03
   190   -6.226592760539e-03
   191   -5.495527690323e-03
   192    3.836727308830e-03
   193   -9.770363555230e-03
   194    2.550144347120e-02
   195   -8.600439489115e-03
   196    4.634700358350e-03
   197   -1.571986312778e-02
   198   -9.281198063159e-03
   199    2.587766035767e-02
   200   -1.456964927770e-01
   201   -3.312260091542e-02
   202   -4.530216133767e-01
   203    1.840165477408e+01
   204    2.371522901386e+00
   205   -4.828053724039e-01
   206   -1.886838936439e-03
   207    4.048545690918e-05
   208    1.172247575490e-03
   209    1.255691505541e-03
   210   -3.914366965881e-03
   211   -1.839692739841e-03
   212   -5.981018817200e-03
   213    1.642892692392e-02
   214    1.915766175084e-02
   215   -3.747037542931e-02
   216   -6.046923250101e-02
   217    1.662851445388e-01
   218   -4.361503216535e-02
   219    2.546606269436e-05
   220   -1.625449932078e-04
   221    1.309942628464e-04
   222    2.382264421896e-04
   223   -1.288907701799e-03
   224    1.069419627761e-03
   225   -8.216064507869e-04
   226    2.970330761824e-03
   227   -2.756280033156e-03
   228    2.551817789207e-03
   229    5.615266575396e-03
   230   -2.277777579078e-03
   231   -6.303257449561e-03
   232   -1.290625685532e-02
   233    5.632267706818e-03
   234    1.607274562111e-02
   235    1.987560908882e-02
   236    9.690389073179e-04
   237   -4.688339451022e-02
   238   -1.855526215328e-01
   239    2.699783091313e-02
   240    4.240825103996e-03
   241    5.201455934661e-03
   242    3.674221336417e-03
   243    1.158541304957e-02
   244    2.091165941154e-04
   245    1.736296616655e-04
   246    1.093314660952e-03
   247    3.815754417980e-04
   248    3.853956337767e-04
   249   -6.768124901478e-04
   250   -3.762875764942e+00
   251   -3.659702303623e-01
   252   -1.280119575835e+00
   253    7.234487336571e-02
   254   -8.709341029457e-03
   255   -1.557807783259e-02
   256   -7.797057651642e-03
   257   -2.448762595036e-02
   258    3.398921064529e-03
Sym=X
Ene= 0.484829
Spin=Alpha
Occup=0
     1   -4.550584812232e-03
     2   -7.209440593437e-03
     3   -9.777403931537e-03
     4   -7.484589663512e-03
     5   -6.056399095300e-03
     6    1.282233309607e-02
     7   -8.403849768551e-03
     8   -3.308396056147e-03
     9   -6.651917494389e-03
    10    3.522583562274e-01
    11    6.278226140994e-02
    12   -1.549735196908e-01
    13   -1.942136066852e-02
    14    7.010860898899e+00
    15    4.108724523806e+00
    16    9.976520391452e-01
    17    2.663457053726e-02
    18    5.093870225293e-03
    19   -5.644985507849e-04
    20    1.008931012817e-03
    21   -1.574155185346e-03
    22   -6.767349444135e-03
    23    1.117949666909e-03
    24    1.315242600280e-03
    25    1.487650171630e-02
    26    5.334611640932e-03
    27   -3.265349750466e-03
    28    9.631349390964e-03
    29    2.923133379435e-02
    30    1.470255906657e-02
    31   -4.620554136642e-04
    32   -2.694917536287e-01
    33    1.732661287072e-01
    34    7.655070820429e-02
    35   -1.677864521135e-02
    36    3.502170175998e+00
    37    5.904856336591e+00
    38   -2.982167043708e+00
    39   -1.246160423309e-01
    40    5.358919200110e-04
    41    1.972069615762e-03
    42    1.287550856908e-03
    43   -5.431467273146e-05
    44    4.254947054220e-03
    45    9.361358267037e-04
    46    1.357023943071e-03
    47   -8.753584787275e-04
    48   -4.205018903718e-03
    49   -1.022034088954e-02
    50    2.023648492664e-03
    51    3.234309597244e-03
    52    1.750282408988e-03
    53   -1.268020160674e-02
    54    8.780903598934e-02
    55   -1.943008648318e-01
    56   -1.141403704843e-01
    57   -3.712892885886e-02
    58    1.589745111145e+01
    59   -2.527570664259e+00
    60   -1.299673380309e+01
    61    7.417743815372e-02
    62   -2.383405969894e-03
    63   -7.344890789645e-04
    64    1.798705496836e-03
    65   -1.229115242452e-03
    66    4.740368676434e-04
    67    1.733032423711e-02
    68    2.961106280261e-02
    69    3.878415310821e-02
    70   -3.731472770544e-03
    71   -7.911537883990e-03
    72   -1.051007733680e-01
    73    9.763583655850e-02
    74    1.132372657092e-03
    75   -1.091683670677e-02
    76   -3.940800736215e-01
    77   -1.198521481515e-01
    78   -3.529828754739e-02
    79   -2.953319808797e-02
    80   -3.623165331074e+00
    81   -1.482339985323e+00
    82    2.946252240135e+00
    83    6.637415706515e-02
    84    7.878382363472e-03
    85   -2.580563853637e-05
    86   -6.488495932274e-04
    87   -9.671759878462e-03
    88    8.479087511902e-03
    89   -1.782365792857e-03
    90    1.072611767389e-02
    91   -1.332518921328e-02
    92    9.879519122783e-03
    93   -1.700557020034e-02
    94    7.653523330263e-02
    95   -1.702208228647e-02
    96    6.510979008676e-02
    97   -5.164490993738e-01
    98   -3.029416804683e-03
    99   -5.266183991769e-03
   100   -5.739887831641e-03
   101   -7.996757616482e-03
   102   -1.785717429233e-03
   103    2.189312761499e-02
   104   -6.525002227099e-03
   105   -1.443318703289e-02
   106   -8.323483292910e-03
   107    6.892333602928e-02
   108   -6.208881997274e-02
   109   -1.987457227099e-02
   110    1.423473651533e-02
   111    9.282536636125e-01
   112   -5.828286912430e-02
   113    5.508022827597e-01
   114    9.627521260442e-02
   115   -1.084306058721e-03
   116    5.947933420875e-04
   117    2.961790210431e-03
   118   -7.461991473674e-04
   119    5.952241215160e-04
   120   -7.141152292612e-04
   121   -1.207097759123e-03
   122   -8.239855054507e-03
   123    5.233647803205e-04
   124   -1.036888743937e-02
   125    4.663794480880e-03
   126   -1.479695366950e-02
   127    3.942022561423e-03
   128   -1.505846269808e-02
   129    1.762987377925e-02
   130   -3.952903196458e-04
   131   -1.287395678744e-02
   132   -1.974406817006e-02
   133    1.369339110501e-01
   134   -8.726167525044e-02
   135    7.303909244455e-02
   136    2.428523108396e-02
   137   -9.309805713446e-04
   138   -1.716625987452e-04
   139    4.674374278728e-04
   140   -2.345152788775e-04
   141   -2.768818036440e-03
   142   -2.404515311361e-03
   143   -4.026585154832e-03
   144    2.968980022271e-03
   145    2.611179000291e-03
   146   -9.034378475342e-03
   147    1.380176486614e-02
   148    4.245017568097e-03
   149    4.635833369310e-03
   150   -1.259806712960e-02
   151    3.260041625137e-02
   152    5.818895326763e-03
   153   -5.490043169532e-03
   154   -2.408199387779e-02
   155   -2.491794012173e-01
   156    4.933696911627e-02
   157    1.133601905918e-01
   158    6.941664413061e-02
   159   -2.360175442608e-04
   160    3.956980807402e-04
   161    3.296453507791e-04
   162    1.672100846006e-04
   163   -2.484841167639e-04
   164    8.267712152106e-03
   165    1.413048542324e-02
   166   -1.077106960457e-02
   167    6.213855916681e-03
   168    1.710311383245e-03
   169   -5.497413146433e-02
   170   -1.803589146697e-03
   171    6.966694378162e-03
   172   -5.165100894485e-04
   173   -2.784440258022e-02
   174   -1.273416825968e-01
   175    1.915340450692e-01
   176    1.389285503119e-02
   177   -1.532854764268e+01
   178   -7.110304564299e+00
   179    3.214288479393e+00
   180    1.011717590307e-01
   181    2.306062210128e-03
   182   -1.869321329407e-04
   183   -9.338742469167e-04
   184    6.834828599702e-03
   185    4.337131338302e-03
   186   -8.323059900981e-03
   187    2.879528609720e-02
   188   -1.218863099642e-01
   189   -7.663086499411e-03
   190   -1.250759606392e-02
   191    6.404831760455e-03
   192   -1.347451447765e-02
   193   -5.686847739479e-03
   194    3.489962226326e-02
   195    1.202598768710e-02
   196   -1.621686143249e-02
   197   -7.059316628582e-03
   198    9.853566101309e-02
   199   -5.192099344720e-02
   200   -2.645466166066e-01
   201   -1.775319087138e-02
   202   -8.116342003729e+00
   203   -1.448989088232e+01
   204   -7.900255615628e+00
   205    1.293069093223e-01
   206    3.115320353184e-03
   207   -6.791981081023e-05
   208   -1.616687436136e-03
   209   -1.297649159801e-02
   210    5.281364634971e-03
   211   -8.675698620462e-04
   212   -2.815072084014e-03
   213    7.677090856271e-03
   214    9.243429586205e-03
   215   -1.830263041229e-02
   216   -2.689456438347e-02
   217    7.137566369603e-02
   218    2.392261428574e-03
   219   -1.398812833541e-03
   220   -1.952490820660e-03
   221    5.996380095955e-05
   222   -1.158183138695e-02
   223   -1.611071288997e-02
   224    5.076268085321e-04
   225    3.078419020417e-02
   226    4.245153893982e-02
   227   -1.423004016232e-03
   228    8.850171409708e-03
   229    1.750985816881e-02
   230    8.681348757946e-04
   231   -2.035356224619e-02
   232   -4.096937187957e-02
   233   -2.194335191149e-03
   234   -8.516187398320e-02
   235   -9.179557053463e-02
   236    7.002106811148e-03
   237    9.316205324978e-02
   238   -1.887565379872e-01
   239    1.083082732620e-02
   240    2.715915911290e-03
   241   -1.154917870642e-03
   242   -2.530490916640e-04
   243   -5.806722562695e-03
   244    1.851316991841e-02
   245   -7.707792260338e-04
   246    1.767518242972e-05
   247   -3.090890217263e-04
   248   -1.181229785738e-03
   249    5.068434462995e-04
   250    3.456743833339e-01
   251    1.477287043749e+00
   252    1.247733303364e+00
   253   -9.483614083799e-02
   254   -1.161716994283e-03
   255    1.942786305435e-03
   256    6.295425455693e-04
   257    1.979339229967e-02
   258   -3.538856952684e-02
Sym=X
Ene= 0.356822
Spin=Alpha
Occup=0
     1   -8.095992561629e-03
     2   -1.350990872634e-02
     3    4.336579254031e-03
     4    6.582985299563e-03
     5    1.826690718557e-03
     6    4.458823135602e-02
     7   -6.350925333198e-03
     8    1.053112688229e-02
     9    4.310133944733e-03
    10    2.314140828835e-01
    11    1.793755836006e-01
    12    3.028215775144e-02
    13   -7.535739844896e-03
    14    3.367330101069e+00
    15    2.489138090472e+00
    16    5.377680664685e-01
    17    6.789161467317e-02
    18   -6.909475334368e-03
    19    3.984272345796e-05
    20   -1.036762115645e-03
    21   -6.551486380974e-03
    22    3.214391956185e-03
    23    2.033936529241e-03
    24    3.307127335242e-03
    25   -1.268173982869e-03
    26   -1.347161588950e-02
    27   -4.842305549228e-03
    28   -3.024004270825e-03
    29   -8.785048050261e-03
    30   -3.401958461476e-02
    31   -8.111747723208e-03
    32   -2.543740620493e-01
    33    1.360687241336e-01
    34    1.438502460710e-01
    35   -1.223059263390e-02
    36   -2.337740352876e+01
    37    1.908885963581e+00
    38    3.853276960838e+00
    39    2.918680171958e-02
    40   -8.241845347574e-03
    41    8.874938235806e-04
    42    2.701019853877e-03
    43    3.153114118766e-03
    44   -5.579640295337e-03
    45   -8.963067055605e-03
    46   -1.506203692962e-02
    47   -9.993363852307e-05
    48    1.069393589484e-02
    49   -1.030736063499e-02
    50    5.509453780189e-02
    51    1.364196672274e-02
    52    1.695551133929e-02
    53   -1.913264558565e-02
    54    3.620474890994e-01
    55   -3.030384136974e-01
    56   -1.763234422948e-02
    57   -5.108068583632e-03
    58    1.973073688901e+01
    59   -6.428587366159e+00
    60    4.071184690480e+00
    61    7.858711087867e-01
    62   -6.361647097922e-03
    63    6.435942512013e-04
    64    2.210710753304e-03
    65   -4.501601239270e-03
    66    1.211850910331e-03
    67   -1.926188289077e-02
    68   -3.243932966041e-02
    69   -2.131061264233e-02
    70   -6.666652168813e-03
    71    1.003981911641e-02
    72    1.108798224940e-01
    73   -7.015372101624e-02
    74   -2.377828982990e-03
    75    9.653031692049e-03
    76    2.490704506614e-01
    77    7.391076020283e-02
    78   -5.245658539839e-02
    79    4.146052101862e-02
    80    4.349522047093e+00
    81    2.281515213124e+00
    82    1.365365166935e+00
    83   -1.692740626366e-01
    84   -4.365239435643e-03
    85    5.360596835494e-03
    86   -7.724330550558e-04
    87    6.433336253037e-03
    88    9.624784588662e-03
    89    1.060446423997e-02
    90   -1.734996363081e-02
    91    2.638253748299e-01
    92    1.162365220749e-03
    93   -1.754445155332e-02
    94    8.870089287435e-02
    95    7.299744853959e-03
    96   -6.989529653966e-02
    97    3.715619860898e-01
    98    1.951804096861e-03
    99    3.111771846992e-03
   100   -1.064880600965e-04
   101    3.563464383927e-03
   102    1.310642476952e-02
   103   -6.129901705424e-03
   104    3.228287419973e-04
   105    5.033502185451e-03
   106    1.779486419528e-02
   107    8.779171646978e-03
   108   -6.934497028697e-02
   109    1.650001990481e-02
   110    4.452392426670e-02
   111    2.624453818682e+00
   112    3.540362803680e-01
   113   -8.531157362228e-01
   114   -4.191518637272e-01
   115   -3.030254461998e-03
   116   -6.080938894601e-05
   117    4.765577899853e-03
   118    1.300716734935e-03
   119   -1.890708707806e-03
   120   -7.328633667380e-03
   121   -1.216071078928e-02
   122   -9.729205155557e-03
   123    1.152392533959e-03
   124   -3.806199419753e-03
   125    3.952550409303e-02
   126   -1.797086148542e-02
   127    1.586174861153e-03
   128   -6.512941932473e-03
   129    1.168686736833e-01
   130   -1.136080065219e-02
   131    2.333591759254e-02
   132    9.880548187822e-03
   133   -7.931964955497e-01
   134   -5.919381495095e-03
   135   -1.865265517872e-01
   136   -1.654162458517e-01
   137   -3.709366039003e-05
   138   -3.284197966517e-04
   139    1.127077853528e-04
   140    4.397857832287e-04
   141   -8.932950165528e-05
   142    5.339226874943e-05
   143    2.283088090791e-04
   144    2.683861065588e-03
   145   -1.083415221824e-02
   146   -2.340412667928e-05
   147   -3.643528096414e-03
   148    6.789537153096e-03
   149   -1.621633983287e-02
   150    2.938302749456e-04
   151    2.262958914273e-02
   152   -7.197034512993e-03
   153   -2.379845387336e-02
   154   -9.286769346555e-03
   155   -4.911224544137e-02
   156    6.755137062375e-02
   157    8.750342307522e-02
   158    3.299984773665e-02
   159   -1.175065400070e-03
   160   -6.578854947751e-04
   161    1.075769206501e-03
   162   -1.257123359710e-03
   163    5.475337281597e-04
   164    8.486258274600e-03
   165    1.426612007758e-02
   166    2.758702816738e-04
   167   -5.004267378669e-03
   168    2.398076305254e-02
   169   -4.736450192098e-02
   170   -1.183200151831e-03
   171    5.410456455525e-03
   172    3.173010396014e-02
   173   -1.603078579473e-01
   174   -2.207152124352e-02
   175   -3.084864993100e-02
   176    9.417118302351e-02
   177   -7.050917059452e+00
   178   -3.271848715633e+00
   179   -1.536128006257e-02
   180   -3.133377557836e-01
   181   -5.258856436192e-03
   182    3.924141712473e-03
   183    3.414983088974e-03
   184    2.820757794151e-03
   185   -1.487084372706e-02
   186   -5.512630846471e-03
   187   -4.926254485821e-03
   188   -4.578363094628e-02
   189   -1.533061541780e-02
   190   -2.519189801691e-02
   191    6.031295437496e-03
   192   -3.168691801267e-02
   193    2.264759410283e-03
   194    7.392082125170e-02
   195    1.103083564580e-02
   196   -3.781363808277e-02
   197    4.299753929124e-03
   198    1.915205276710e-01
   199   -3.045316164982e-02
   200   -3.683816012743e-01
   201   -9.769551069964e-03
   202   -6.546251947483e-01
   203   -1.740501619838e+00
   204   -3.508231594944e+00
   205   -2.921330457851e-01
   206    9.567130245816e-05
   207   -4.643658219300e-03
   208    1.538589462013e-03
   209   -2.501130451200e-03
   210    9.260172292220e-03
   211   -4.293197333270e-04
   212   -1.418141738787e-03
   213    4.111784829884e-03
   214    3.467653962474e-03
   215   -5.280647465706e-03
   216   -2.099412968259e-02
   217    8.682827395925e-02
   218   -2.796089492145e-01
   219    1.211732715198e-03
   220   -2.993086546366e-03
   221   -7.039727150149e-04
   222    9.982681468395e-03
   223   -2.470027955943e-02
   224   -5.782864249935e-03
   225   -2.616685897323e-02
   226    6.509056266929e-02
   227    1.521068117216e-02
   228   -1.291046835713e-02
   229    2.779131448616e-02
   230    8.532755424792e-03
   231    3.036588079473e-02
   232   -6.554048191236e-02
   233   -2.148111385032e-02
   234    4.520497390126e-02
   235   -1.403482137593e-01
   236   -2.546041161429e-02
   237    2.295067631497e-01
   238   -3.322963039729e-01
   239   -5.429269773394e-02
   240    2.493793934770e-03
   241   -4.944330601924e-03
   242    8.075265917307e-03
   243   -4.416498278577e-03
   244    1.782274848548e-02
   245   -1.082475870308e-03
   246   -1.132488800173e-03
   247    1.298703556060e-03
   248   -1.784764032493e-03
   249    4.052004291213e-05
   250    5.166217510863e-01
   251    1.812590919266e-01
   252    1.591445486495e+00
   253    4.005899828651e-01
   254    5.401796473742e-03
   255    1.546923624919e-02
   256   -2.664995379838e-02
   257    2.295053534358e-02
   258   -3.401796649951e-02
Sym=X
Ene= 0.266527
Spin=Alpha
Occup=0
     1   -2.957962323197e-03
     2   -5.075184330511e-03
     3    3.709525998651e-04
     4    8.539560594963e-03
     5    3.077634894351e-03
     6    1.653668823053e-02
     7   -1.066894464842e-02
     8    1.992037548835e-02
     9    7.538665854899e-03
    10    2.632413737944e-02
    11    3.461750129728e-02
    12    3.896293174101e-02
    13    3.555424224712e-03
    14   -5.849623744096e+00
    15   -1.032976328740e+00
    16   -3.402645567029e-01
    17    4.095701599944e-02
    18    8.417258682611e-03
    19    1.795883125238e-04
    20   -2.259603447884e-04
    21   -7.466909633295e-03
    22    2.060457520334e-03
    23    1.140849283282e-02
    24    1.919586438590e-02
    25    3.947445009414e-03
    26   -2.996551374222e-03
    27   -7.598546789457e-03
    28   -7.246121175484e-02
    29   -2.680325475423e-03
    30   -5.522971452650e-03
    31   -7.322888784224e-03
    32   -6.387411803777e-02
    33    3.041487465968e-02
    34   -6.794807368790e-02
    35   -3.851902805435e-02
    36   -2.336984594698e+00
    37   -4.879564975596e+00
    38    1.368453556778e+00
    39    3.119784959521e-02
    40    9.295300951947e-03
    41    1.469434061579e-04
    42    8.714785923966e-04
    43    5.899928646189e-03
    44   -5.390447592915e-03
    45    9.139774986755e-03
    46    1.590631194848e-02
    47    8.400805568464e-03
    48    1.113267559002e-02
    49   -6.686683866481e-03
    50   -6.939198498929e-02
    51   -4.913184090510e-04
    52    1.182596910615e-02
    53   -8.648885432420e-03
    54   -1.700555859494e-01
    55    2.602938194999e-01
    56    6.581785256065e-02
    57   -1.613316986758e-02
    58   -1.536703547224e+01
    59    8.438955548894e+00
    60    9.573832296147e+00
    61    4.856162579970e-01
    62    2.137368219276e-02
    63    2.475203598316e-03
    64   -1.938229443508e-03
    65   -4.224034284001e-03
    66   -1.548057160733e-03
    67    3.360122336531e-04
    68    3.382881458317e-04
    69   -2.541093332801e-03
    70   -2.938373064810e-03
    71   -4.269094120740e-03
    72   -2.769257152980e-04
    73   -4.960558579859e-03
    74    4.881656802277e-05
    75   -6.650227013623e-03
    76    8.932643516801e-02
    77    5.964694150481e-02
    78   -9.842679869167e-02
    79   -1.453692612601e-02
    80    6.529889548768e+00
    81    1.611045798606e+00
    82   -1.180618866105e+00
    83   -1.186445664560e-01
    84    7.620455218921e-03
    85    2.501239708376e-03
    86    4.807311613896e-04
    87    2.671548942674e-03
    88    6.755368573087e-03
    89    9.591709177934e-04
    90   -1.463916589646e-02
    91    1.034111996374e-02
    92   -1.481159357701e-02
    93   -1.395065584207e-02
    94   -5.594568987167e-02
    95   -7.797536921784e-04
    96   -2.850408115386e-03
    97    1.650199102981e-02
    98    5.582632658962e-03
    99    9.997063028079e-03
   100    3.309890433201e-02
   101    5.078563759339e-03
   102   -3.234051048282e-03
   103   -5.391354226521e-02
   104    4.772187755676e-02
   105    5.711685833726e-03
   106   -4.877828333383e-03
   107   -3.888548731575e-02
   108    1.927287339168e-01
   109    1.923665144289e-02
   110   -1.575931125714e-02
   111   -3.959445449244e+00
   112   -6.682090640705e-01
   113   -1.209972275589e+00
   114   -2.362702599166e-01
   115    8.154026042178e-03
   116    8.843497579081e-04
   117   -1.324571145341e-02
   118    1.464981456466e-04
   119   -3.949993310268e-04
   120    1.059998131326e-02
   121    1.762392559025e-02
   122   -3.541289463012e-03
   123   -1.404494637102e-02
   124    3.585191964402e-03
   125   -5.771027488587e-02
   126   -4.656755454553e-03
   127   -1.893552035950e-02
   128    6.999424038526e-03
   129   -1.681704127625e-01
   130    2.669984412032e-04
   131   -7.412947066751e-02
   132   -2.585338386546e-02
   133    4.730137933709e-02
   134   -2.021722501135e-02
   135    2.341797428658e-01
   136    6.353191832082e-02
   137    2.577700652304e-03
   138    1.815767503465e-03
   139   -2.496972093347e-03
   140    4.465400034486e-04
   141    1.639855016994e-03
   142    1.191890214546e-02
   143    1.981143605669e-02
   144   -5.906586007152e-03
   145    1.569249162072e-02
   146   -1.036246561404e-02
   147   -6.499740131385e-02
   148   -4.139023524011e-03
   149    2.165608622694e-02
   150   -1.744695367999e-02
   151   -1.828430722655e-01
   152   -2.204256901093e-02
   153    7.619031992509e-02
   154    1.501860547691e-02
   155    9.187402641409e-01
   156    1.563694033923e-03
   157   -3.490070061795e-01
   158   -2.240253761412e-01
   159    3.666004580924e-03
   160    3.966607966948e-04
   161   -2.052820609342e-03
   162    6.946282158095e-04
   163   -1.690663318551e-03
   164    1.401471530393e-02
   165    2.313470365312e-02
   166    1.254329490343e-02
   167    1.054813047712e-02
   168    4.805189391156e-03
   169   -6.696600284450e-02
   170    2.146195120263e-02
   171    3.223625944080e-02
   172    6.426843122098e-03
   173   -4.911436880787e-01
   174   -5.907363457141e-02
   175   -1.226369814999e-01
   176    2.170816196895e-02
   177   -1.928867806137e+01
   178   -2.945875672536e+00
   179   -2.608972029350e+00
   180    1.082616883136e-01
   181    1.049178051758e-02
   182    1.926938944758e-04
   183   -9.525916136065e-04
   184    2.957196715339e-03
   185   -4.830972060484e-03
   186   -1.130933084422e-02
   187   -3.977282283761e-03
   188   -5.561500511561e-02
   189    3.560990906311e-03
   190    6.205764465955e-03
   191   -8.950413625497e-03
   192   -1.268991305725e-02
   193   -5.599610106265e-03
   194   -3.362693998217e-02
   195   -1.729091711987e-02
   196   -1.690963465710e-02
   197   -1.382728805380e-02
   198    1.608368154285e-01
   199   -1.327136672906e-01
   200    1.230019499960e-01
   201    4.430815319198e-04
   202    3.437069249946e+01
   203   -3.333071467782e+00
   204    9.586058298029e+00
   205   -3.230725429502e-01
   206    1.689131885100e-02
   207   -1.198611302844e-03
   208    4.783289546907e-04
   209    4.740119623589e-03
   210    3.416986783610e-04
   211    1.414624958807e-03
   212    4.597719795080e-03
   213   -1.261472991376e-02
   214   -1.475405697627e-02
   215    2.884412618484e-02
   216    4.594905078715e-02
   217   -1.218122414251e-01
   218    3.419530098156e-02
   219    2.247708561781e-04
   220   -1.047578379769e-03
   221   -7.843186681998e-04
   222    1.849146918634e-03
   223   -8.635990425986e-03
   224   -6.434653779058e-03
   225   -4.824203209721e-03
   226    2.267795007439e-02
   227    1.668370003405e-02
   228   -2.689859701591e-03
   229    1.112907648830e-02
   230    1.034280067031e-02
   231    6.212149146786e-03
   232   -2.630622647460e-02
   233   -2.421100215665e-02
   234    8.812722300964e-03
   235   -4.518933397404e-02
   236   -2.060501423710e-02
   237    4.122525113795e-03
   238   -2.011994034283e-02
   239   -9.139007075147e-02
   240   -7.416413932558e-03
   241   -2.747497179427e-03
   242    1.194212169162e-03
   243   -2.433164461317e-03
   244   -4.455231496626e-03
   245   -9.739430037525e-04
   246   -4.820548711433e-04
   247    4.504219491534e-04
   248    2.577996201805e-04
   249   -9.786925238072e-05
   250    5.253113980048e+00
   251   -7.379991982693e-01
   252    1.706428624847e+00
   253    2.104787873530e-01
   254    1.936877054448e-02
   255    7.577800138369e-03
   256   -6.018315372713e-03
   257    4.186516955067e-03
   258    8.673623579932e-03
Sym=X
Ene= 0.195917
Spin=Alpha
Occup=0
     1   -1.397851723092e-02
     2   -2.389837191561e-02
     3   -2.133332724922e-02
     4    2.117718087232e-02
     5    1.099402631284e-02
     6    8.339925485777e-02
     7   -4.336094116410e-02
     8    6.282983022514e-02
     9    2.684197595054e-02
    10    2.161252780228e-01
    11   -2.884084898042e-02
    12   -7.459773485716e-02
    13    2.052224875418e-02
    14   -1.613644276726e+00
    15    1.169794507054e+00
    16    4.331459373840e-01
    17    1.543199519035e-01
    18    1.380750654818e-03
    19   -6.008436005966e-03
    20    1.878062594499e-03
    21   -4.822267148685e-03
    22    5.091637537094e-05
    23   -4.191818558226e-03
    24   -8.000000462628e-03
    25    2.377854781981e-02
    26    2.494652805734e-02
    27   -3.828080709449e-02
    28    4.153879016542e-02
    29    4.260261184240e-02
    30    5.565210587526e-02
    31   -5.290007418609e-02
    32   -1.071425861531e-01
    33    5.712215751068e-02
    34    5.384704509188e-02
    35   -1.189238579018e-01
    36    1.604094296777e+01
    37    1.838310135069e+00
    38   -3.578293262865e+00
    39   -1.892081276430e-01
    40   -6.894544455643e-03
    41   -4.299891742764e-04
    42    3.421393027332e-03
    43    6.824980529684e-04
    44   -1.401550254693e-03
    45   -2.873846695022e-03
    46   -5.650824813391e-03
    47    1.546119179852e-03
    48    8.090998526225e-03
    49   -1.709149740416e-02
    50    3.776476901490e-02
    51    5.680081344880e-03
    52    1.919322477713e-02
    53   -2.327630663934e-02
    54   -2.044185768671e-01
    55    3.869163805841e-02
    56    1.283313852105e-01
    57   -6.358542832606e-02
    58   -7.989163480779e+00
    59    9.608850799902e-01
    60   -9.500956532615e+00
    61    6.688799080720e-01
    62   -7.636097127287e-03
    63    1.133567634424e-03
    64   -4.113681791856e-03
    65    8.270506486681e-04
    66    5.621939918383e-03
    67    4.813738995708e-03
    68    7.925261813416e-03
    69    1.026359712989e-04
    70    6.005077889900e-03
    71   -1.861701756250e-02
    72   -2.290120325296e-02
    73    5.348577450285e-03
    74    2.245022280551e-02
    75   -2.206562763992e-02
    76   -1.441756442779e-01
    77   -4.475038402780e-02
    78   -1.071794352657e-01
    79   -6.578026849113e-02
    80    2.758516984819e+00
    81    1.499214099344e-01
    82   -1.183311272425e-01
    83   -2.280370763108e-01
    84    2.444055734430e-03
    85   -1.049004514223e-03
    86    6.416083733795e-03
    87   -4.167948140616e-03
    88    1.114828300002e-02
    89    5.114366891478e-03
    90   -7.010848727102e-02
    91    3.067682393158e-01
    92    7.833348564052e-03
    93   -3.453641167138e-02
    94    1.163638028168e-01
    95   -1.549076198067e-04
    96   -3.607620897499e-03
    97   -3.650084853002e-02
    98    3.636392139010e-04
    99    2.314231374019e-04
   100   -1.293942902011e-02
   101    1.235985054282e-03
   102   -1.338873274378e-02
   103    9.326062069409e-03
   104   -2.302712860682e-02
   105    5.742261828435e-03
   106   -2.398057283392e-02
   107   -5.138453337482e-02
   108   -4.307325833695e-02
   109   -3.521157503606e-02
   110   -8.572859696334e-03
   111    1.185379119330e+00
   112   -2.091404182796e-01
   113    1.343961296149e+00
   114   -2.071551135284e-02
   115   -4.014299118890e-03
   116   -1.472757480555e-03
   117    5.055446071493e-03
   118   -7.423833737185e-04
   119   -2.211110357438e-04
   120   -5.918907409307e-03
   121   -9.891725423384e-03
   122   -2.719953960123e-03
   123    1.410434192506e-02
   124   -1.828949253298e-02
   125    3.287083784833e-02
   126   -4.663064146458e-03
   127    1.854275960185e-02
   128   -2.479722380925e-02
   129    6.725298493392e-02
   130   -5.302871151948e-03
   131    5.296225929710e-02
   132   -3.594771262588e-02
   133    2.842259936586e-01
   134    9.288467182349e-02
   135   -1.722238506457e-01
   136    1.504388364240e-01
   137   -2.795711389733e-03
   138   -1.713179254813e-04
   139    3.121062590240e-04
   140   -1.820849411704e-03
   141   -1.139161013823e-03
   142   -6.855928407682e-03
   143   -1.149333591900e-02
   144    3.488725565543e-03
   145    6.657107129350e-03
   146   -1.766720188044e-02
   147    3.990893814054e-02
   148    1.237991037595e-03
   149    9.594559836429e-03
   150   -2.257582372036e-02
   151    8.748105759748e-02
   152    1.820062428576e-02
   153   -8.118365907205e-03
   154   -5.928807296853e-02
   155   -4.559135918151e-01
   156    6.926706840718e-03
   157    6.131670443446e-02
   158    2.000440349393e-01
   159    5.723540168828e-04
   160    1.676468940474e-03
   161    4.700090393574e-04
   162    1.899568427653e-03
   163    3.666491233728e-05
   164    3.101353514014e-03
   165    5.445221625098e-03
   166    1.421564823613e-02
   167    9.422210904176e-03
   168   -3.161150055230e-02
   169   -2.326387301181e-02
   170    2.963562792517e-02
   171    2.958655974442e-02
   172   -4.832987208019e-02
   173    1.861629490635e-02
   174    2.029520394606e-02
   175   -8.359357895880e-02
   176   -9.794940435199e-02
   177   -2.200699189192e+00
   178   -5.931911363338e-01
   179   -5.477594475380e-02
   180    7.666883039463e-01
   181   -2.298399670576e-03
   182   -1.145083527925e-03
   183   -4.928970266340e-03
   184    8.837131962456e-03
   185    4.764070459344e-03
   186   -3.128271133002e-03
   187    6.633486172146e-03
   188   -1.168740402023e-01
   189    2.231437410301e-04
   190    5.098809603762e-04
   191   -2.054363499703e-02
   192    3.404374700099e-02
   193    4.802969410163e-04
   194    7.878566953743e-05
   195   -3.177645078083e-02
   196    5.455974973851e-02
   197   -3.311232968725e-03
   198    1.493623021055e-01
   199    4.095603221248e-02
   200    2.283777239717e-01
   201    3.222747085373e-02
   202   -7.986919264681e+00
   203   -1.449743779552e+00
   204   -1.052273968415e+00
   205   -9.238817519579e-01
   206   -5.290592815092e-03
   207    5.011178284221e-03
   208   -5.227199002019e-04
   209    4.027446842945e-04
   210   -7.541878237357e-03
   211   -6.156203305241e-04
   212   -1.984441106242e-03
   213    5.289622429859e-03
   214    7.182180534961e-03
   215   -1.532060707843e-02
   216   -1.473461839052e-02
   217    2.670970031990e-02
   218    1.395340546427e-01
   219    3.228384223898e-04
   220    2.100439636447e-03
   221   -1.547464542606e-03
   222    2.680675767763e-03
   223    1.737581072806e-02
   224   -1.274879286111e-02
   225   -7.255560359441e-03
   226   -4.604233094023e-02
   227    3.342293901799e-02
   228    1.860133722794e-04
   229   -1.504643771153e-02
   230    1.537490353240e-02
   231   -9.529549116970e-04
   232    3.510345380104e-02
   233   -3.584773267300e-02
   234    2.718270965816e-02
   235    1.138587650142e-01
   236   -6.136976368369e-02
   237   -4.211924650095e-02
   238    1.389622244316e-01
   239   -1.268223723562e-01
   240   -3.845712517346e-03
   241    5.739793736428e-04
   242   -1.032398726370e-03
   243    1.704907693054e-03
   244   -1.200413865118e-02
   245    4.854970533530e-05
   246   -2.283068181204e-04
   247   -1.260722491717e-04
   248    4.188701539527e-05
   249   -5.187165158143e-04
   250   -4.388715603284e-01
   251   -7.029483321382e-01
   252   -6.534046930663e-01
   253    4.873150147409e-01
   254    7.579133277526e-03
   255    6.357239697111e-04
   256    2.940233223387e-03
   257   -6.216979213852e-03
   258    2.000480549143e-02
[5D]
