   1    1   0.00000    1.03090    10.00 100.00     -0.00000  -0.00000  -0.00000 
   2    2   0.00110    2.64380    10.00 100.00      0.00000  -0.13170  -0.00000 
   3    3   0.01840    2.67980    10.00 100.00     -0.00000  -0.00000   0.52910 
   4    4   0.00020    2.92350    10.00 100.00     -0.05350  -0.00000  -0.00000 
   5    5   0.00500    3.50630    10.00 100.00      0.24210  -0.00000   0.00000 
   6    6   0.00000    6.68140    10.00 100.00     -0.00000  -0.00000   0.00000 
   7    7   0.00260    6.80200    10.00 100.00      0.00000  -0.12580   0.00000 
   8    8   0.05960    7.05670    10.00 100.00     -0.58730  -0.00000  -0.00000 
   9    9   0.05650    7.94830    10.00 100.00     -0.00000  -0.00000  -0.53840 
  10   10   0.00000    8.21760    10.00 100.00      0.00000   0.00000  -0.00000 
  11   11   0.04060    8.38620    10.00 100.00      0.00000  -0.44430  -0.00000 
  12   12   0.56750    8.49210    10.00 100.00     -0.00000  -0.00000  -1.65160 
  13   13   0.00000    8.53250    10.00 100.00     -0.00000   0.00000  -0.00000 
  14   14   0.04960    8.71500    10.00 100.00     -0.48210  -0.00000   0.00000 
  15   15   0.01320    8.83940    10.00 100.00      0.00000  -0.00000  -0.24730 
  16   16   0.00110    9.10570    10.00 100.00     -0.00000   0.06940   0.00000 
  17   17   0.05690    9.28270    10.00 100.00      0.00000  -0.00000  -0.50020 
  18   18   0.01170    9.91860    10.00 100.00      0.00000  -0.21990   0.00000 
  19   19   0.05130   10.14400    10.00 100.00     -0.45430  -0.00000  -0.00000 
  20   20   0.01250   10.26970    10.00 100.00     -0.00000  -0.22280  -0.00000 
  21   21   0.00000   10.32800    10.00 100.00     -0.00000   0.00000  -0.00000 
  22   22   0.14520   10.55330    10.00 100.00      0.00000   0.00000  -0.74940 
  23   23   0.00060   10.82690    10.00 100.00     -0.04710  -0.00000   0.00000 
  24   24   0.29960   11.36000    10.00 100.00     -0.00000  -0.00000   1.03750 
  25   25   0.00570   11.37300    10.00 100.00     -0.00000  -0.14250  -0.00000 
  26   26   0.00050   11.83200    10.00 100.00      0.03950  -0.00000   0.00000 
  27   27   0.00000   11.90330    10.00 100.00     -0.00000  -0.00000   0.00000 
  28   28   0.11160   12.19600    10.00 100.00     -0.00000  -0.61100  -0.00000 
  29   29   0.04810   12.20990    10.00 100.00     -0.00000  -0.00000   0.40090 
  30   30   0.09190   12.58430    10.00 100.00     -0.00000  -0.54580   0.00000 
state state   Osc.      E(eV)      dum   dum        TrDx      TrDy       TrDz 
