   1    1   0.00000    5.48170    10.00 100.00      0.00000   0.00000  -0.00000 
   2    2   0.08340    5.97120    10.00 100.00      0.00000   0.75510  -0.00000 
   3    3   0.02180    6.76020    10.00 100.00     -0.00000   0.36250   0.00000 
   4    4   0.04370    6.89760    10.00 100.00      0.00000   0.00000  -0.50870 
   5    5   0.00000    7.62210    10.00 100.00     -0.00000  -0.00000   0.00000 
   6    6   0.27530    9.96170    10.00 100.00     -0.00000   1.06210   0.00000 
   7    7   0.04090   10.25200    10.00 100.00     -0.00000   0.40360   0.00000 
   8    8   0.00000   11.21290    10.00 100.00     -0.00000   0.00000   0.00220 
   9    9   0.00000   11.33630    10.00 100.00      0.00000   0.00000   0.00000 
  10   10   0.19760   12.12570    10.00 100.00     -0.00000  -0.00000  -0.81560 
  11   11   0.03970   12.60110    10.00 100.00     -0.00000  -0.35870   0.00000 
  12   12   0.00240   13.01740    10.00 100.00     -0.08590  -0.00000  -0.00000 
  13   13   0.00010   13.56500    10.00 100.00     -0.00000  -0.00000  -0.01790 
  14   14   0.14910   14.24430    10.00 100.00      0.00000   0.00000   0.65360 
  15   15   0.04130   14.27900    10.00 100.00     -0.34380   0.00000   0.00000 
  16   16   0.04370   14.28860    10.00 100.00     -0.00000  -0.35350   0.00000 
  17   17   0.08950   14.91550    10.00 100.00      0.00000   0.00000   0.49480 
  18   18   0.00000   15.00150    10.00 100.00     -0.00000  -0.00000  -0.00000 
  19   19   0.02230   15.06750    10.00 100.00     -0.00000  -0.24590   0.00000 
  20   20   0.02390   15.08090    10.00 100.00      0.25420  -0.00000  -0.00000 
  21   21   0.00000   15.16240    10.00 100.00      0.00000  -0.00000  -0.00000 
  22   22   0.00220   15.22640    10.00 100.00     -0.07740   0.00000   0.00000 
  23   23   0.06840   15.68140    10.00 100.00      0.00000  -0.42200   0.00000 
  24   24   0.07060   15.73280    10.00 100.00     -0.00000   0.00000   0.42790 
  25   25   0.17380   15.73380    10.00 100.00     -0.67140   0.00000  -0.00000 
  26   26   0.01020   16.31540    10.00 100.00      0.00000  -0.00000   0.15960 
  27   27   0.01250   16.51510    10.00 100.00     -0.00000  -0.17590  -0.00000 
  28   28   0.12750   16.57010    10.00 100.00      0.00000  -0.00000   0.56040 
  29   29   0.00070   16.60850    10.00 100.00     -0.00000   0.04190  -0.00000 
  30   30   0.02040   16.74430    10.00 100.00      0.00000  -0.00000   0.22290 
state state   Osc.      E(eV)      dum   dum        TrDx      TrDy       TrDz 
