   1    1   0.00010    4.73470    10.00 100.00     -0.00620   0.00130  -0.03430 
   2    2   0.19450    4.80880    10.00 100.00      1.26640  -0.21110  -0.04930 
   3    3   0.00450    5.89770    10.00 100.00      0.00640  -0.00230   0.17550 
   4    4   0.02460    6.48710    10.00 100.00      0.01450  -0.00520   0.39320 
   5    5   0.00310    6.81390    10.00 100.00      0.00510  -0.00170   0.13710 
   6    6   0.00330    7.13720    10.00 100.00      0.13200  -0.03940  -0.00540 
   7    7   0.00350    7.30450    10.00 100.00      0.00500  -0.00170   0.14070 
   8    8   0.07220    7.41470    10.00 100.00      0.01800   0.62990   0.00750 
   9    9   0.00040    7.49490    10.00 100.00      0.00180  -0.00110   0.04840 
  10   10   0.02300    7.70590    10.00 100.00     -0.29890   0.17980   0.01340 
  11   11   0.03330    7.77000    10.00 100.00     -0.22540   0.35170   0.01310 
  12   12   0.00150    7.80760    10.00 100.00     -0.00350   0.00090  -0.08870 
  13   13   0.06720    7.95110    10.00 100.00     -0.40370  -0.42680   0.00870 
  14   14   0.02180    7.99310    10.00 100.00     -0.01170   0.00500  -0.33350 
  15   15   0.20970    8.37410    10.00 100.00      0.23740   0.98260   0.00410 
  16   16   0.00060    8.45610    10.00 100.00      0.00230   0.00020   0.05560 
  17   17   0.07310    8.53400    10.00 100.00     -0.02320   0.59060   0.00850 
  18   18   0.01130    8.55260    10.00 100.00      0.04370  -0.22750  -0.00460 
  19   19   0.00000    8.69170    10.00 100.00     -0.00010  -0.00030  -0.00530 
  20   20   0.04440    8.73980    10.00 100.00     -0.07010  -0.44990  -0.00340 
  21   21   0.00190    8.79610    10.00 100.00     -0.00340   0.00140  -0.09350 
  22   22   0.00900    9.00940    10.00 100.00      0.00730  -0.00260   0.20170 
  23   23   0.02200    9.08720    10.00 100.00      0.01150  -0.00440   0.31410 
  24   24   0.00100    9.15890    10.00 100.00      0.00240  -0.00070   0.06630 
  25   25   0.01300    9.20110    10.00 100.00     -0.16300  -0.17580   0.00350 
  26   26   0.00100    9.23110    10.00 100.00      0.00250  -0.00040   0.06570 
  27   27   0.01500    9.27950    10.00 100.00     -0.03870  -0.25430  -0.00170 
  28   28   0.01330    9.59810    10.00 100.00     -0.00880   0.00330  -0.23790 
  29   29   0.03740    9.62280    10.00 100.00      0.39680  -0.02940  -0.01490 
  30   30   0.04640    9.71290    10.00 100.00      0.01610  -0.00580   0.44120 
  31   31   0.00070    9.76280    10.00 100.00     -0.00240   0.00090  -0.05290 
  32   32   0.00020    9.76920    10.00 100.00     -0.00150   0.00040  -0.02720 
  33   33   0.07550    9.88370    10.00 100.00     -0.53190   0.16840   0.02190 
  34   34   0.00010    9.97350    10.00 100.00     -0.00070   0.00010  -0.02320 
  35   35   0.00320   10.09190    10.00 100.00      0.00420  -0.00140   0.11400 
  36   36   0.00590   10.20960    10.00 100.00      0.09570  -0.11990  -0.00390 
  37   37   0.01050   10.21210    10.00 100.00      0.00710  -0.00180   0.20440 
  38   38   0.06090   10.27600    10.00 100.00      0.01810  -0.00660   0.49150 
  39   39   0.00570   10.43930    10.00 100.00      0.00560  -0.00230   0.14970 
  40   40   0.00030   10.47310    10.00 100.00     -0.00110  -0.00060  -0.03340 
  41   41   0.10230   10.49570    10.00 100.00      0.07360   0.62630   0.00530 
  42   42   0.00190   10.50790    10.00 100.00      0.00340   0.00040   0.08540 
  43   43   0.01280   10.68360    10.00 100.00      0.00550  -0.00240   0.22100 
  44   44   0.04140   10.68600    10.00 100.00     -0.39320   0.05680   0.01380 
  45   45   0.05860   10.80270    10.00 100.00      0.46240  -0.08480  -0.01820 
  46   46   0.00840   10.86860    10.00 100.00      0.03300  -0.17490  -0.00460 
  47   47   0.04780   10.88030    10.00 100.00     -0.01580   0.00630  -0.42320 
  48   48   0.02030   10.93230    10.00 100.00     -0.13460  -0.24030   0.00160 
  49   49   0.00210   10.97120    10.00 100.00      0.00310  -0.00100   0.08910 
  50   50   0.02530   11.01560    10.00 100.00     -0.28440   0.11320   0.01190 
  51   51   0.02860   11.06060    10.00 100.00      0.30270   0.11760  -0.00970 
  52   52   0.02980   11.23010    10.00 100.00     -0.01240   0.00410  -0.32880 
  53   53   0.00720   11.25850    10.00 100.00      0.06580   0.14790  -0.00050 
  54   54   0.05530   11.31720    10.00 100.00      0.01630  -0.00590   0.44610 
  55   55   0.00300   11.38240    10.00 100.00      0.08380   0.06100  -0.00180 
  56   56   0.00450   11.41010    10.00 100.00      0.02990  -0.12390  -0.00280 
  57   57   0.01240   11.43850    10.00 100.00      0.00770  -0.00280   0.20980 
  58   58   0.02010   11.52720    10.00 100.00     -0.25580  -0.07650   0.00860 
  59   59   0.02540   11.54640    10.00 100.00      0.29900  -0.01470  -0.01100 
  60   60   0.00710   11.56920    10.00 100.00      0.00540  -0.00180   0.15770 
  61   61   0.05690   11.67440    10.00 100.00     -0.38040   0.23240   0.01700 
  62   62   0.00750   11.80340    10.00 100.00      0.09680  -0.12930  -0.00520 
  63   63   0.02450   11.89200    10.00 100.00     -0.28630  -0.04340   0.01150 
  64   64   0.01520   11.89320    10.00 100.00     -0.01030   0.00250  -0.22810 
  65   65   0.00710   11.91690    10.00 100.00     -0.15010  -0.04040   0.00560 
  66   66   0.00250   11.93150    10.00 100.00      0.00360  -0.00110   0.09270 
  67   67   0.01670   12.00860    10.00 100.00      0.00890  -0.00300   0.23810 
  68   68   0.05460   12.04760    10.00 100.00      0.41020  -0.12810  -0.01690 
  69   69   0.00140   12.08290    10.00 100.00      0.00230  -0.00100   0.06950 
  70   70   0.03740   12.14020    10.00 100.00      0.19040  -0.29920  -0.01100 
  71   71   0.00230   12.19930    10.00 100.00     -0.00410   0.00060  -0.08670 
  72   72   0.00180   12.21380    10.00 100.00     -0.00190   0.00210  -0.07780 
  73   73   0.05260   12.21780    10.00 100.00     -0.34270  -0.24130   0.00920 
  74   74   0.00010   12.23380    10.00 100.00      0.00040   0.00100  -0.01880 
  75   75   0.00080   12.29090    10.00 100.00     -0.00230   0.00040  -0.05310 
  76   76   0.00000   12.30910    10.00 100.00     -0.00050   0.00010  -0.01110 
  77   77   0.00480   12.33450    10.00 100.00      0.12020  -0.03710  -0.00490 
  78   78   0.04180   12.45520    10.00 100.00      0.36450   0.06230  -0.01240 
  79   79   0.00140   12.48130    10.00 100.00     -0.00230   0.00100  -0.06750 
  80   80   0.07000   12.55300    10.00 100.00      0.01750  -0.00640   0.47660 
  81   81   0.04320   12.58460    10.00 100.00      0.09430   0.36240   0.00140 
  82   82   0.03870   12.61280    10.00 100.00     -0.32200  -0.14700   0.00990 
  83   83   0.00970   12.71630    10.00 100.00     -0.00680   0.00730  -0.17580 
  84   84   0.03030   12.71890    10.00 100.00      0.01540  -0.31130  -0.00770 
  85   85   0.01250   12.75420    10.00 100.00     -0.18990   0.06130   0.00790 
  86   86   0.00830   12.83410    10.00 100.00     -0.00600   0.00220  -0.16260 
  87   87   0.02220   12.86450    10.00 100.00      0.01450  -0.26470  -0.00410 
  88   88   0.00160   12.94270    10.00 100.00      0.00180  -0.00040   0.07080 
  89   89   0.00660   12.95660    10.00 100.00      0.10980  -0.09350  -0.00530 
  90   90   0.04900   12.96440    10.00 100.00     -0.33720   0.20100   0.01500 
  91   91   0.04990   13.02170    10.00 100.00      0.27230  -0.28640  -0.01580 
  92   92   0.01620   13.02490    10.00 100.00     -0.01090   0.00580  -0.22470 
  93   93   0.00140   13.04810    10.00 100.00      0.00070  -0.00070   0.06720 
  94   94   0.04620   13.05070    10.00 100.00     -0.37360  -0.06810   0.01260 
  95   95   0.00160   13.10810    10.00 100.00     -0.00280   0.00070  -0.06950 
  96   96   0.00850   13.17330    10.00 100.00     -0.00630   0.00240  -0.16220 
  97   97   0.01640   13.18670    10.00 100.00      0.21830   0.05470  -0.00850 
  98   98   0.08660   13.19460    10.00 100.00      0.01950  -0.00690   0.51720 
  99   99   0.03840   13.22760    10.00 100.00     -0.01620  -0.34400  -0.00440 
 100  100   0.01180   13.24930    10.00 100.00     -0.00700   0.00240  -0.19060 
 101  101   0.00960   13.29870    10.00 100.00      0.03280  -0.16880  -0.00310 
 102  102   0.00110   13.33040    10.00 100.00     -0.00170   0.00110  -0.05700 
 103  103   0.11000   13.40980    10.00 100.00      0.48540   0.31460  -0.01420 
 104  104   0.00410   13.46240    10.00 100.00      0.00430  -0.00130   0.11090 
 105  105   0.00100   13.48190    10.00 100.00     -0.00220   0.00050  -0.05560 
 106  106   0.04590   13.49980    10.00 100.00      0.01370  -0.00480   0.37230 
 107  107   0.02580   13.56310    10.00 100.00      0.23710  -0.14610  -0.01060 
 108  108   0.07170   13.57430    10.00 100.00      0.46270   0.03260  -0.01670 
 109  109   0.01800   13.63850    10.00 100.00     -0.22930  -0.03510   0.00800 
 110  110   0.01900   13.68280    10.00 100.00     -0.23510   0.03600   0.00470 
 111  111   0.00290   13.68310    10.00 100.00     -0.00860   0.00080   0.09280 
 112  112   0.02720   13.72450    10.00 100.00      0.01080  -0.00390   0.28420 
 113  113   0.00780   13.74660    10.00 100.00     -0.00580   0.00250  -0.15220 
 114  114   0.01560   13.76350    10.00 100.00      0.02580  -0.21330  -0.00450 
 115  115   0.00010   13.80190    10.00 100.00     -0.00000  -0.00110   0.01470 
 116  116   0.11630   13.82520    10.00 100.00      0.35490   0.46610  -0.00680 
 117  117   0.00010   13.82730    10.00 100.00     -0.00410  -0.00460  -0.01350 
 118  118   0.00550   13.88340    10.00 100.00      0.12230   0.03610  -0.00410 
 119  119   0.00000   13.90600    10.00 100.00      0.00010   0.00020  -0.00390 
 120  120   0.00530   14.00980    10.00 100.00     -0.00570   0.00190  -0.12390 
 121  121   0.00650   14.01130    10.00 100.00      0.12780  -0.05010  -0.00630 
 122  122   0.00820   14.05650    10.00 100.00     -0.06740   0.13910   0.00430 
 123  123   0.00010   14.08860    10.00 100.00      0.00050   0.00000   0.01330 
 124  124   0.00770   14.11110    10.00 100.00      0.02030  -0.14760  -0.00270 
 125  125   0.01030   14.13330    10.00 100.00      0.00630  -0.00220   0.17250 
 126  126   0.00290   14.14850    10.00 100.00      0.06380  -0.06620  -0.00360 
 127  127   0.00000   14.16200    10.00 100.00     -0.00030   0.00030  -0.00590 
 128  128   0.04670   14.19200    10.00 100.00      0.25380  -0.26390  -0.01270 
 129  129   0.01180   14.28650    10.00 100.00      0.01010  -0.18370  -0.00280 
 130  130   0.00030   14.29080    10.00 100.00     -0.00110   0.00070  -0.02890 
 131  131   0.04270   14.37240    10.00 100.00     -0.26960   0.21980   0.01280 
 132  132   0.03350   14.39000    10.00 100.00      0.25120   0.17820  -0.00690 
 133  133   0.00020   14.40450    10.00 100.00     -0.00190  -0.00050  -0.02330 
 134  134   0.01310   14.48920    10.00 100.00     -0.16780   0.09390   0.00730 
 135  135   0.03060   14.51240    10.00 100.00      0.21810  -0.19620  -0.01060 
 136  136   0.00440   14.53940    10.00 100.00     -0.00400   0.00130  -0.11090 
 137  137   0.00200   14.59920    10.00 100.00      0.00350   0.00120   0.07420 
 138  138   0.01570   14.60410    10.00 100.00      0.08920   0.18930  -0.00170 
 139  139   0.01790   14.63010    10.00 100.00     -0.00960   0.00510  -0.22320 
 140  140   0.07400   14.63700    10.00 100.00      0.23830  -0.38630  -0.01520 
 141  141   0.02320   14.69040    10.00 100.00     -0.23540   0.09530   0.00990 
 142  142   0.00490   14.73820    10.00 100.00      0.07850   0.08610  -0.00160 
 143  143   0.00050   14.74490    10.00 100.00      0.00110  -0.00040   0.03800 
 144  144   0.00000   14.75550    10.00 100.00      0.00100  -0.00120   0.00480 
 145  145   0.04850   14.75900    10.00 100.00      0.28320  -0.23180  -0.01330 
 146  146   0.00110   14.78590    10.00 100.00      0.00170  -0.00050   0.05600 
 147  147   0.06810   14.84100    10.00 100.00     -0.38440   0.19780   0.01670 
 148  148   0.03290   14.91060    10.00 100.00     -0.27620  -0.11730   0.00890 
 149  149   0.00360   14.92050    10.00 100.00      0.00470  -0.00070   0.09880 
 150  150   0.05050   14.93060    10.00 100.00     -0.02470  -0.37080  -0.00390 
 151  151   0.00010   15.00030    10.00 100.00      0.00040   0.00010   0.01370 
 152  152   0.00660   15.05010    10.00 100.00     -0.06240  -0.11840   0.00070 
 153  153   0.02000   15.08690    10.00 100.00      0.18130   0.14540  -0.00470 
 154  154   0.01600   15.11490    10.00 100.00      0.11860   0.17040  -0.00210 
 155  155   0.09570   15.21690    10.00 100.00      0.42400  -0.27690  -0.01930 
 156  156   0.03120   15.22270    10.00 100.00     -0.28870   0.01030   0.01070 
 157  157   0.10610   15.24440    10.00 100.00     -0.41630   0.33210   0.01970 
 158  158   0.00120   15.32710    10.00 100.00     -0.00250   0.00120  -0.05630 
 159  159   0.00050   15.36560    10.00 100.00     -0.00130   0.00070  -0.03680 
 160  160   0.04050   15.39710    10.00 100.00     -0.31510  -0.08930   0.01030 
 161  161   0.00050   15.40980    10.00 100.00     -0.00080   0.00090  -0.03680 
 162  162   0.01210   15.42520    10.00 100.00      0.15790   0.08480  -0.00450 
 163  163   0.00380   15.45680    10.00 100.00      0.09720   0.02640  -0.00330 
 164  164   0.00320   15.47740    10.00 100.00     -0.00350   0.00130  -0.09120 
 165  165   0.00020   15.53860    10.00 100.00      0.00070  -0.00040   0.02180 
 166  166   0.02000   15.54460    10.00 100.00      0.06330  -0.22000  -0.00530 
 167  167   0.00540   15.59350    10.00 100.00     -0.11510  -0.02810   0.00410 
 168  168   0.00230   15.61990    10.00 100.00     -0.00300   0.00090  -0.07670 
 169  169   0.00280   15.62590    10.00 100.00      0.00330  -0.00130   0.08550 
 170  170   0.00220   15.74890    10.00 100.00      0.07020   0.02800  -0.00190 
 171  171   0.02270   15.77560    10.00 100.00      0.00890  -0.00350   0.24200 
 172  172   0.05690   15.77820    10.00 100.00     -0.15060   0.35260   0.01050 
 173  173   0.00110   15.80480    10.00 100.00     -0.00180   0.00040  -0.05230 
 174  174   0.01310   15.82870    10.00 100.00      0.17460   0.05810  -0.00540 
 175  175   0.02300   15.86080    10.00 100.00      0.00900  -0.00350   0.24300 
 176  176   0.04580   15.86710    10.00 100.00     -0.08670   0.33210   0.00750 
 177  177   0.00400   15.89700    10.00 100.00      0.00330  -0.00050   0.10090 
 178  178   0.04540   15.90490    10.00 100.00      0.07200  -0.33340  -0.00700 
 179  179   0.00420   15.96740    10.00 100.00      0.10340   0.00310  -0.00380 
 180  180   0.02700   16.01950    10.00 100.00      0.23950   0.10690  -0.00750 
 181  181   0.14060   16.07060    10.00 100.00      0.55000  -0.23240  -0.02330 
 182  182   0.00170   16.16400    10.00 100.00      0.00170  -0.00040   0.06540 
 183  183   0.14690   16.19310    10.00 100.00     -0.54220   0.27540   0.02310 
 184  184   0.00730   16.20930    10.00 100.00     -0.12570  -0.05110  -0.00240 
 185  185   0.00280   16.21020    10.00 100.00      0.00700   0.00460  -0.08390 
 186  186   0.00340   16.24330    10.00 100.00      0.00360  -0.00110   0.09180 
 187  187   0.15220   16.32070    10.00 100.00      0.02300  -0.00850   0.61640 
 188  188   0.04350   16.34380    10.00 100.00     -0.30390   0.12720   0.01400 
 189  189   0.01680   16.37420    10.00 100.00      0.12990  -0.15780  -0.00700 
 190  190   0.03710   16.39450    10.00 100.00      0.26240   0.15300  -0.00760 
 191  191   0.10370   16.41820    10.00 100.00     -0.19470  -0.46890   0.00080 
 192  192   0.00740   16.49860    10.00 100.00     -0.03880   0.12980   0.00350 
 193  193   0.01100   16.52140    10.00 100.00     -0.00610   0.00320  -0.16470 
 194  194   0.01640   16.53070    10.00 100.00     -0.08190   0.18370   0.00720 
 195  195   0.01920   16.53680    10.00 100.00     -0.00850   0.00350  -0.21760 
 196  196   0.03050   16.56840    10.00 100.00     -0.27310  -0.02230   0.00950 
 197  197   0.01950   16.62080    10.00 100.00     -0.15980   0.14920   0.00780 
 198  198   0.00090   16.63840    10.00 100.00     -0.03230  -0.03240   0.00080 
 199  199   0.02990   16.64440    10.00 100.00      0.00970  -0.00390   0.27040 
 200  200   0.00620   16.68120    10.00 100.00      0.00480  -0.00150   0.12270 
 201  201   0.00930   16.70660    10.00 100.00     -0.12590  -0.08240   0.00350 
 202  202   0.00150   16.76690    10.00 100.00     -0.05620  -0.02440   0.00200 
 203  203   0.00460   16.80780    10.00 100.00     -0.08580   0.06240   0.00490 
 204  204   0.01310   16.81690    10.00 100.00     -0.00670   0.00240  -0.17830 
 205  205   0.01560   16.83720    10.00 100.00     -0.19350  -0.01740   0.00650 
 206  206   0.03450   16.92640    10.00 100.00     -0.17580  -0.22890   0.00320 
 207  207   0.00280   16.93320    10.00 100.00      0.00270  -0.00130   0.08280 
 208  208   0.03360   16.96690    10.00 100.00     -0.11420   0.26010   0.00760 
 209  209   0.01160   17.01620    10.00 100.00     -0.00620   0.00230  -0.16700 
 210  210   0.00060   17.03670    10.00 100.00     -0.00040  -0.03920  -0.00050 
 211  211   0.00790   17.04900    10.00 100.00      0.06480  -0.12120  -0.00410 
 212  212   0.04000   17.11620    10.00 100.00      0.23150   0.20460  -0.00560 
 213  213   0.00590   17.13290    10.00 100.00      0.00480  -0.00160   0.11870 
 214  214   0.06440   17.19480    10.00 100.00      0.36610   0.13640  -0.01180 
 215  215   0.00010   17.23030    10.00 100.00     -0.00050   0.00050   0.01640 
 216  216   0.01410   17.23610    10.00 100.00     -0.17740   0.04230   0.00690 
 217  217   0.00100   17.24470    10.00 100.00     -0.00130   0.00060  -0.04740 
 218  218   0.01430   17.29180    10.00 100.00     -0.15260   0.10200   0.00700 
 219  219   0.00240   17.41250    10.00 100.00     -0.03130  -0.06810   0.00030 
 220  220   0.00010   17.42410    10.00 100.00      0.00070  -0.00060   0.01570 
 221  221   0.00040   17.49000    10.00 100.00     -0.00130   0.00050  -0.03080 
 222  222   0.00840   17.52360    10.00 100.00     -0.09530  -0.10240   0.00210 
 223  223   0.02220   17.60060    10.00 100.00     -0.22550   0.02550   0.00890 
 224  224   0.00010   17.61530    10.00 100.00      0.00150   0.00080   0.01200 
 225  225   0.06280   17.63150    10.00 100.00     -0.22620  -0.30670   0.00540 
 226  226   0.06610   17.63260    10.00 100.00      0.01520  -0.00420   0.39090 
 227  227   0.01160   17.68480    10.00 100.00     -0.16110  -0.02830   0.00650 
 228  228   0.02950   17.69210    10.00 100.00      0.01020  -0.00350   0.26090 
 229  229   0.01060   17.72270    10.00 100.00      0.06660   0.14110  -0.00080 
 230  230   0.04960   17.76010    10.00 100.00      0.00010   0.33760   0.00460 
 231  231   0.01390   17.78780    10.00 100.00     -0.13500   0.11720   0.00650 
 232  232   0.00450   17.84300    10.00 100.00     -0.09080   0.04550   0.00400 
 233  233   0.05030   17.87000    10.00 100.00      0.33020  -0.07540  -0.01320 
 234  234   0.00070   17.94850    10.00 100.00      0.02040   0.03580  -0.00070 
 235  235   0.04730   17.95710    10.00 100.00     -0.01210   0.00450  -0.32760 
 236  236   0.01750   17.98880    10.00 100.00      0.00710  -0.00230   0.19910 
 237  237   0.04960   17.99810    10.00 100.00      0.04690   0.33200   0.00250 
 238  238   0.06780   18.01520    10.00 100.00     -0.38190   0.08640   0.01500 
 239  239   0.01670   18.05160    10.00 100.00      0.16560   0.10160  -0.00490 
 240  240   0.00000   18.11120    10.00 100.00      0.00040   0.00040  -0.00650 
 241  241   0.01580   18.12770    10.00 100.00     -0.13390  -0.13310   0.00330 
 242  242   0.06220   18.23910    10.00 100.00      0.01460  -0.00320   0.37260 
 243  243   0.04020   18.24420    10.00 100.00     -0.13330  -0.26850   0.00320 
 244  244   0.10390   18.25740    10.00 100.00     -0.20310  -0.43710   0.00200 
 245  245   0.10770   18.28460    10.00 100.00      0.07220  -0.48480  -0.00880 
 246  246   0.08650   18.33200    10.00 100.00     -0.22180   0.37850   0.01310 
 247  247   0.04610   18.39230    10.00 100.00      0.23210  -0.22000  -0.01140 
 248  248   0.03750   18.41910    10.00 100.00     -0.01030   0.00380  -0.28810 
 249  249   0.01470   18.45810    10.00 100.00      0.04200   0.17540   0.00040 
 250  250   0.00170   18.46210    10.00 100.00      0.00280   0.00030   0.06040 
 251  251   0.17910   18.51140    10.00 100.00     -0.62770  -0.01960   0.02290 
 252  252   0.00600   18.53020    10.00 100.00      0.01700   0.11400   0.00090 
 253  253   0.09000   18.57400    10.00 100.00     -0.01670   0.00580  -0.44440 
 254  254   0.02090   18.58910    10.00 100.00      0.05390   0.20760   0.00140 
 255  255   0.01130   18.65940    10.00 100.00      0.00620  -0.00250   0.15690 
 256  256   0.08360   18.70580    10.00 100.00     -0.36510   0.22080   0.01630 
 257  257   0.00390   18.75610    10.00 100.00     -0.08120  -0.04220   0.00250 
 258  258   0.00310   18.78160    10.00 100.00     -0.00130   0.00130  -0.08260 
 259  259   0.14920   18.79590    10.00 100.00     -0.55530  -0.12360   0.01900 
 260  260   0.00170   18.80130    10.00 100.00     -0.00710  -0.00030  -0.06110 
 261  261   0.01500   18.84610    10.00 100.00      0.14260   0.10980  -0.00360 
 262  262   0.06500   18.86290    10.00 100.00      0.37230  -0.04320  -0.01470 
 263  263   0.01380   18.90310    10.00 100.00     -0.00690   0.00220  -0.17270 
 264  264   0.03530   18.93720    10.00 100.00      0.01050  -0.00360   0.27560 
 265  265   0.05390   19.02220    10.00 100.00      0.04290  -0.33720  -0.00550 
 266  266   0.00450   19.02630    10.00 100.00     -0.00330  -0.00050  -0.09820 
 267  267   0.00230   19.05200    10.00 100.00      0.00150   0.07070   0.00110 
 268  268   0.00860   19.09760    10.00 100.00     -0.12400  -0.05550   0.00390 
 269  269   0.01140   19.15370    10.00 100.00      0.00770  -0.15580  -0.00390 
 270  270   0.01980   19.15650    10.00 100.00      0.00820  -0.00360   0.20530 
 271  271   0.01320   19.16330    10.00 100.00      0.16280   0.04020  -0.00590 
 272  272   0.00050   19.17800    10.00 100.00     -0.00090   0.00010  -0.03230 
 273  273   0.09320   19.22000    10.00 100.00      0.16280  -0.41390  -0.01120 
 274  274   0.06890   19.24890    10.00 100.00      0.37210   0.08700  -0.01230 
 275  275   0.00470   19.25400    10.00 100.00     -0.00200   0.00160  -0.09990 
 276  276   0.00290   19.28320    10.00 100.00     -0.00270   0.00280  -0.07840 
 277  277   0.06830   19.28510    10.00 100.00      0.00950   0.38000   0.00520 
 278  278   0.24810   19.33860    10.00 100.00      0.26170   0.67460  -0.00060 
 279  279   0.01170   19.37900    10.00 100.00     -0.01260  -0.15630  -0.00170 
 280  280   0.00650   19.42720    10.00 100.00     -0.05280  -0.10460   0.00040 
 281  281   0.00590   19.43700    10.00 100.00      0.00330  -0.00210   0.11100 
 282  282   0.00250   19.45230    10.00 100.00      0.00310  -0.00080   0.07170 
 283  283   0.01320   19.46060    10.00 100.00      0.14900   0.07340  -0.00460 
 284  284   0.02480   19.52720    10.00 100.00      0.14400   0.17620  -0.00300 
 285  285   0.13600   19.53850    10.00 100.00      0.44720  -0.28940  -0.02030 
 286  286   0.02170   19.62880    10.00 100.00      0.19030  -0.09440  -0.00810 
 287  287   0.15670   19.64930    10.00 100.00      0.39800   0.40860  -0.00920 
 288  288   0.00310   19.68580    10.00 100.00     -0.06770  -0.04270   0.00220 
 289  289   0.00270   19.72580    10.00 100.00      0.00280  -0.00070   0.07400 
 290  290   0.01560   19.73350    10.00 100.00     -0.00730   0.00270  -0.17950 
 291  291   0.00090   19.78120    10.00 100.00     -0.04220   0.00790   0.00150 
 292  292   0.05930   19.82390    10.00 100.00     -0.02790  -0.34830  -0.00360 
 293  293   0.00250   19.83720    10.00 100.00      0.00200  -0.00050   0.07210 
 294  294   0.04030   19.85540    10.00 100.00      0.24640  -0.14880  -0.01090 
 295  295   0.00070   19.87120    10.00 100.00     -0.03770   0.00440   0.00140 
 296  296   0.07450   19.91700    10.00 100.00      0.37390  -0.11280  -0.01510 
 297  297   0.05300   19.98150    10.00 100.00      0.30630  -0.11940  -0.01300 
 298  298   0.00000   20.05480    10.00 100.00     -0.00110   0.00130   0.00130 
 299  299   0.02180   20.06330    10.00 100.00     -0.14480   0.15290   0.00740 
 300  300   0.04040   20.14180    10.00 100.00     -0.17600  -0.22560   0.00340 
 301  301   0.02370   20.14880    10.00 100.00     -0.21880  -0.01070   0.00790 
 302  302   0.00590   20.20400    10.00 100.00     -0.05260   0.09550   0.00320 
 303  303   0.02120   20.21500    10.00 100.00      0.19620  -0.06590  -0.00810 
 304  304   0.10820   20.28690    10.00 100.00     -0.34200   0.31700   0.01670 
 305  305   0.14350   20.32700    10.00 100.00      0.39850  -0.35920  -0.01930 
 306  306   0.00720   20.35140    10.00 100.00      0.00400  -0.00130   0.12020 
 307  307   0.02360   20.40100    10.00 100.00     -0.00780   0.00270  -0.21730 
 308  308   0.07520   20.45380    10.00 100.00     -0.33240   0.19860   0.01460 
 309  309   0.13270   20.54190    10.00 100.00      0.30200   0.41520  -0.00540 
 310  310   0.10160   20.59660    10.00 100.00     -0.01610   0.00550  -0.44840 
 311  311   0.00100   20.60510    10.00 100.00      0.00270  -0.04450   0.00150 
 312  312   0.02840   20.64710    10.00 100.00     -0.22470  -0.07480   0.00120 
 313  313   0.06870   20.65140    10.00 100.00     -0.00950   0.00640  -0.36840 
 314  314   0.00230   20.70270    10.00 100.00      0.01470  -0.06640  -0.00070 
 315  315   0.02800   20.72640    10.00 100.00      0.07680   0.22180   0.00020 
 316  316   0.02380   20.75600    10.00 100.00     -0.00760   0.00360  -0.21640 
 317  317   0.03130   20.76640    10.00 100.00     -0.01440   0.24760   0.00490 
 318  318   0.01420   20.81510    10.00 100.00     -0.16670   0.00790   0.00600 
 319  319   0.00410   20.83830    10.00 100.00      0.05050   0.07350  -0.00110 
 320  320   0.00930   20.89570    10.00 100.00     -0.09460   0.09620   0.00470 
 321  321   0.04460   20.96760    10.00 100.00     -0.10480  -0.27560  -0.00010 
 322  322   0.03540   21.00280    10.00 100.00      0.00970  -0.00340   0.26210 
 323  323   0.05220   21.03820    10.00 100.00     -0.01190   0.00400  -0.31790 
 324  324   0.01560   21.07130    10.00 100.00      0.15140   0.08500  -0.00530 
 325  325   0.01810   21.08450    10.00 100.00      0.17950   0.05210  -0.00590 
 326  326   0.00090   21.10030    10.00 100.00      0.00140  -0.00050   0.04240 
 327  327   0.02400   21.13110    10.00 100.00     -0.21430  -0.01680   0.00750 
 328  328   0.02910   21.15280    10.00 100.00      0.07400   0.22490   0.00040 
 329  329   0.01930   21.23120    10.00 100.00      0.18030  -0.06690  -0.00740 
 330  330   0.05470   21.26660    10.00 100.00      0.07740  -0.31460  -0.00700 
 331  331   0.05110   21.36310    10.00 100.00     -0.19580  -0.24330   0.00400 
 332  332   0.00310   21.39120    10.00 100.00     -0.00280   0.00120  -0.07640 
 333  333   0.01830   21.43780    10.00 100.00      0.08450   0.16660  -0.00110 
 334  334   0.00770   21.45820    10.00 100.00     -0.08260  -0.08810   0.00190 
 335  335   0.00480   21.54700    10.00 100.00     -0.00470   0.00260  -0.09480 
 336  336   0.01940   21.55070    10.00 100.00      0.13160  -0.13890  -0.00750 
 337  337   0.01070   21.57970    10.00 100.00      0.10740   0.09350  -0.00260 
 338  338   0.02720   21.65560    10.00 100.00     -0.14930  -0.17030   0.00310 
 339  339   0.00660   21.69130    10.00 100.00     -0.02930   0.10730   0.00240 
 340  340   0.03890   21.72720    10.00 100.00      0.06620   0.26200   0.00070 
 341  341   0.02020   21.76050    10.00 100.00      0.18860  -0.04860  -0.00710 
 342  342   0.03440   21.78310    10.00 100.00      0.00890  -0.00320   0.25390 
 343  343   0.09290   21.80580    10.00 100.00     -0.41480   0.04090   0.01560 
 344  344   0.05890   21.85350    10.00 100.00      0.24660   0.22170  -0.00580 
 345  345   0.03380   21.95590    10.00 100.00     -0.11390   0.22300   0.00540 
 346  346   0.02070   21.96340    10.00 100.00      0.00650  -0.00070   0.19610 
 347  347   0.03450   22.04350    10.00 100.00      0.24490  -0.06220  -0.00980 
 348  348   0.01480   22.05520    10.00 100.00      0.08550  -0.14170  -0.00510 
 349  349   0.00010   22.11620    10.00 100.00     -0.01120   0.00180   0.00040 
 350  350   0.03090   22.15560    10.00 100.00     -0.00890   0.00320  -0.23860 
 351  351   0.04530   22.16930    10.00 100.00     -0.26950   0.10350   0.01170 
 352  352   0.01550   22.20730    10.00 100.00     -0.15830  -0.05820   0.00500 
 353  353   0.00040   22.21160    10.00 100.00      0.00220  -0.00020   0.02670 
 354  354   0.01440   22.25010    10.00 100.00     -0.00490   0.00100  -0.16250 
 355  355   0.01970   22.25840    10.00 100.00      0.00600  -0.19020  -0.00160 
 356  356   0.00110   22.28210    10.00 100.00     -0.00170   0.00050  -0.04430 
 357  357   0.03110   22.33160    10.00 100.00      0.23780  -0.01660  -0.00870 
 358  358   0.03180   22.44970    10.00 100.00     -0.22320   0.08950   0.00920 
 359  359   0.00350   22.50170    10.00 100.00     -0.01010  -0.07950  -0.00050 
 360  360   0.00300   22.56270    10.00 100.00     -0.01080   0.07300   0.00130 
 361  361   0.00740   22.58860    10.00 100.00      0.05100  -0.10400  -0.00310 
 362  362   0.00380   22.60860    10.00 100.00      0.00310  -0.00080   0.08270 
 363  363   0.00670   22.61500    10.00 100.00     -0.10910   0.01000   0.00420 
 364  364   0.00650   22.64820    10.00 100.00      0.04750   0.09730  -0.00050 
 365  365   0.00070   22.68940    10.00 100.00      0.00150  -0.00020   0.03650 
 366  366   0.05180   22.69750    10.00 100.00      0.19690   0.23320  -0.00420 
 367  367   0.00270   22.72990    10.00 100.00      0.03930   0.05740  -0.00070 
 368  368   0.03450   22.75090    10.00 100.00     -0.16840   0.18300   0.00860 
 369  369   0.01440   22.78560    10.00 100.00      0.15970   0.01840  -0.00560 
 370  370   0.00460   22.83720    10.00 100.00      0.06750   0.06080  -0.00180 
 371  371   0.00860   22.93340    10.00 100.00      0.06060  -0.10770  -0.00380 
 372  372   0.00150   23.00980    10.00 100.00      0.00160  -0.00060   0.05200 
 373  373   0.00290   23.04390    10.00 100.00     -0.00330   0.00160  -0.07160 
 374  374   0.12890   23.04630    10.00 100.00     -0.32940   0.34560   0.01680 
 375  375   0.00910   23.14040    10.00 100.00      0.00440  -0.00150   0.12640 
 376  376   0.00100   23.18360    10.00 100.00     -0.03100  -0.02860   0.00020 
 377  377   0.00580   23.20100    10.00 100.00     -0.03070   0.09660   0.00220 
 378  378   0.00650   23.21590    10.00 100.00      0.00380  -0.00120   0.10720 
 379  379   0.00980   23.25800    10.00 100.00     -0.02120   0.12940   0.00190 
 380  380   0.02630   23.29830    10.00 100.00      0.00900  -0.00120   0.21440 
 381  381   0.03400   23.31090    10.00 100.00     -0.17490  -0.17020   0.00810 
 382  382   0.03020   23.32110    10.00 100.00     -0.01070   0.00160  -0.22980 
 383  383   0.00200   23.34610    10.00 100.00      0.01750  -0.05600  -0.00190 
 384  384   0.01630   23.46440    10.00 100.00      0.15690  -0.06090  -0.00680 
 385  385   0.06450   23.47070    10.00 100.00      0.06830   0.32790   0.00160 
 386  386   0.00020   23.49510    10.00 100.00      0.00030   0.00110   0.01740 
 387  387   0.00400   23.71660    10.00 100.00      0.06990  -0.04380  -0.00300 
 388  388   0.00000   23.71990    10.00 100.00     -0.00020   0.00010   0.00090 
 389  389   0.01010   23.78650    10.00 100.00      0.10240  -0.08230  -0.00470 
 390  390   0.00870   23.86280    10.00 100.00      0.02510   0.11920   0.00060 
 391  391   0.00550   23.88350    10.00 100.00      0.08770  -0.04020  -0.00380 
 392  392   0.00060   23.89910    10.00 100.00      0.00120  -0.00050   0.03080 
 393  393   0.02830   23.91680    10.00 100.00      0.15970  -0.15050  -0.00770 
 394  394   0.01850   23.96590    10.00 100.00     -0.13630   0.11320   0.00640 
 395  395   0.03370   24.02700    10.00 100.00     -0.13300  -0.19910   0.00230 
 396  396   0.01300   24.04540    10.00 100.00      0.05250  -0.13870  -0.00370 
 397  397   0.00310   24.11470    10.00 100.00     -0.00280   0.00060  -0.07250 
 398  398   0.00470   24.14190    10.00 100.00      0.01100   0.08830   0.00080 
 399  399   0.03560   24.20140    10.00 100.00     -0.22560  -0.09510   0.00710 
 400  400   0.01460   24.26220    10.00 100.00      0.06630   0.14180  -0.00050 
 401  401   0.00060   24.30180    10.00 100.00     -0.00040   0.00040   0.03250 
 402  402   0.00720   24.30570    10.00 100.00     -0.09350   0.05730   0.00180 
 403  403   0.00300   24.30640    10.00 100.00      0.00040  -0.00010  -0.07150 
 404  404   0.02820   24.32020    10.00 100.00     -0.10550  -0.19010   0.00100 
 405  405   0.00730   24.39050    10.00 100.00     -0.00530   0.00200  -0.11070 
 406  406   0.01000   24.39730    10.00 100.00     -0.12690   0.02500   0.00600 
 407  407   0.03310   24.40980    10.00 100.00      0.13610   0.19180  -0.00220 
 408  408   0.02890   24.50210    10.00 100.00     -0.19260   0.10510   0.00830 
 409  409   0.15380   24.58730    10.00 100.00      0.07050   0.50030   0.00390 
 410  410   0.01640   24.66670    10.00 100.00     -0.06580   0.15100   0.00450 
 411  411   0.00090   24.74210    10.00 100.00      0.00040  -0.00270   0.03880 
 412  412   0.01710   24.74400    10.00 100.00      0.07870   0.14830  -0.00050 
 413  413   0.00670   24.82020    10.00 100.00     -0.05720  -0.08760  -0.00240 
 414  414   0.00610   24.82060    10.00 100.00      0.00150  -0.00390   0.10000 
 415  415   0.07360   24.83090    10.00 100.00     -0.09160  -0.33550  -0.00090 
 416  416   0.00040   24.89550    10.00 100.00     -0.02640  -0.00420   0.00070 
 417  417   0.01280   24.91580    10.00 100.00     -0.03020  -0.14180  -0.00110 
 418  418   0.00450   24.95350    10.00 100.00     -0.00330   0.00050  -0.08610 
 419  419   0.04550   25.01480    10.00 100.00     -0.06070  -0.26550  -0.00120 
 420  420   0.12580   25.06800    10.00 100.00     -0.09380  -0.44270  -0.00240 
 421  421   0.00260   25.09030    10.00 100.00      0.00220  -0.00080   0.06460 
 422  422   0.02560   25.12240    10.00 100.00      0.06040   0.19470   0.00050 
 423  423   0.05810   25.16200    10.00 100.00      0.12680   0.27960  -0.00130 
 424  424   0.00060   25.16520    10.00 100.00     -0.00180  -0.00190  -0.03230 
 425  425   0.00460   25.19310    10.00 100.00     -0.08530   0.01060   0.00310 
 426  426   0.03580   25.23860    10.00 100.00     -0.16740   0.17270   0.00800 
 427  427   0.02130   25.29230    10.00 100.00     -0.18450   0.01810   0.00720 
 428  428   0.01350   25.32800    10.00 100.00     -0.00530   0.00130  -0.14710 
 429  429   0.00740   25.34880    10.00 100.00     -0.01410   0.10850   0.00220 
 430  430   0.00170   25.41870    10.00 100.00     -0.05110   0.00880   0.00200 
 431  431   0.00790   25.46800    10.00 100.00      0.04520   0.10280  -0.00040 
 432  432   0.02890   25.56220    10.00 100.00      0.20920   0.04810  -0.00710 
 433  433   0.01290   25.61230    10.00 100.00      0.05920  -0.13050  -0.00400 
 434  434   0.02190   25.65690    10.00 100.00     -0.18650  -0.00280   0.00680 
 435  435   0.01350   25.68460    10.00 100.00     -0.07910  -0.12320   0.00120 
 436  436   0.00000   25.69010    10.00 100.00      0.00140   0.00120   0.00670 
 437  437   0.00010   25.69530    10.00 100.00      0.00040   0.00020   0.00920 
 438  438   0.00060   25.73960    10.00 100.00      0.00110  -0.00090   0.03050 
 439  439   0.00570   25.82370    10.00 100.00      0.01710  -0.09300  -0.00190 
 440  440   0.00800   25.85880    10.00 100.00      0.06970   0.08830  -0.00140 
 441  441   0.07200   25.90210    10.00 100.00     -0.25220  -0.22330   0.00630 
 442  442   0.00500   26.01710    10.00 100.00     -0.08890  -0.00310   0.00320 
 443  443   0.00380   26.02850    10.00 100.00     -0.03100   0.07060   0.00200 
 444  444   0.01760   26.04910    10.00 100.00     -0.14940   0.07250   0.00650 
 445  445   0.00090   26.09010    10.00 100.00     -0.00140   0.00020  -0.03780 
 446  446   0.01200   26.13460    10.00 100.00      0.04260  -0.13010  -0.00330 
 447  447   0.00500   26.18950    10.00 100.00      0.00360  -0.00130   0.08860 
 448  448   0.02050   26.23310    10.00 100.00      0.16740   0.06160  -0.00560 
 449  449   0.02150   26.24490    10.00 100.00     -0.04940   0.17580   0.00480 
 450  450   0.00030   26.25920    10.00 100.00     -0.00170   0.00130  -0.01960 
 451  451   0.05920   26.29330    10.00 100.00      0.01100  -0.00420   0.30290 
 452  452   0.00340   26.33510    10.00 100.00      0.03330   0.06420  -0.00050 
 453  453   0.00510   26.36910    10.00 100.00      0.08570   0.02270  -0.00260 
 454  454   0.00610   26.42190    10.00 100.00     -0.00370   0.00150  -0.09690 
 455  455   0.00010   26.43810    10.00 100.00      0.01350  -0.00140  -0.00000 
 456  456   0.00060   26.50140    10.00 100.00     -0.01950   0.02180   0.00110 
 457  457   0.00060   26.51170    10.00 100.00      0.00130  -0.00050   0.03020 
 458  458   0.07060   26.56230    10.00 100.00     -0.32490   0.05240   0.01260 
 459  459   0.00210   26.59220    10.00 100.00     -0.00220   0.00100  -0.05680 
 460  460   0.00460   26.60620    10.00 100.00      0.04940  -0.06770  -0.00280 
 461  461   0.01070   26.67390    10.00 100.00     -0.05760   0.11390   0.00370 
 462  462   0.00750   26.70770    10.00 100.00      0.10700   0.00570  -0.00390 
 463  463   0.00050   26.75130    10.00 100.00     -0.00100   0.00050  -0.02810 
 464  464   0.00550   26.79150    10.00 100.00      0.02950   0.08680   0.00030 
 465  465   0.00370   26.84690    10.00 100.00     -0.00260   0.00110  -0.07480 
 466  466   0.00040   26.90110    10.00 100.00     -0.00100   0.00040  -0.02600 
 467  467   0.01420   26.95290    10.00 100.00     -0.11350   0.09230   0.00540 
 468  468   0.00030   26.96300    10.00 100.00     -0.00070  -0.00040  -0.02230 
 469  469   0.02520   26.97520    10.00 100.00     -0.06120   0.18530   0.00470 
 470  470   0.03720   26.97880    10.00 100.00     -0.12300   0.20270   0.00720 
 471  471   0.00020   27.00300    10.00 100.00     -0.00040  -0.00060  -0.01820 
 472  472   0.01160   27.10710    10.00 100.00      0.09520   0.09200  -0.00240 
 473  473   0.00170   27.15930    10.00 100.00     -0.00200   0.00070  -0.05110 
 474  474   0.00030   27.17200    10.00 100.00      0.01250   0.01750  -0.00030 
 475  475   0.02470   27.23150    10.00 100.00      0.00690  -0.00240   0.19210 
 476  476   0.02200   27.32070    10.00 100.00      0.01310  -0.18090  -0.00280 
 477  477   0.00000   27.33520    10.00 100.00     -0.00090  -0.00060  -0.00440 
 478  478   0.02070   27.35780    10.00 100.00     -0.12860  -0.11990   0.00300 
 479  479   0.00130   27.38080    10.00 100.00      0.00410  -0.04420  -0.00050 
 480  480   0.00130   27.39880    10.00 100.00     -0.00150  -0.04370  -0.00070 
 481  481   0.00320   27.49350    10.00 100.00      0.02860  -0.06260  -0.00190 
 482  482   0.00670   27.51120    10.00 100.00      0.00370  -0.00080   0.09980 
 483  483   0.00950   27.51530    10.00 100.00     -0.04800  -0.10840   0.00080 
 484  484   0.00760   27.54150    10.00 100.00     -0.05200   0.09270   0.00280 
 485  485   0.01500   27.62150    10.00 100.00      0.13850  -0.05450  -0.00590 
 486  486   0.00240   27.70020    10.00 100.00     -0.01670  -0.05650  -0.00010 
 487  487   0.01340   27.73880    10.00 100.00     -0.09740  -0.10140   0.00210 
 488  488   0.00380   27.79050    10.00 100.00      0.07340  -0.01190  -0.00290 
 489  489   0.02420   27.90540    10.00 100.00      0.18520  -0.03110  -0.00720 
 490  490   0.03630   27.92480    10.00 100.00      0.14060   0.18230  -0.00250 
 491  491   0.00030   27.95530    10.00 100.00     -0.00110   0.00020  -0.02250 
 492  492   0.02180   28.06240    10.00 100.00     -0.01010   0.00400  -0.17760 
 493  493   0.00260   28.06280    10.00 100.00      0.05320   0.02860  -0.01390 
 494  494   0.05500   28.07060    10.00 100.00     -0.01370   0.28250   0.00610 
 495  495   0.00090   28.08520    10.00 100.00      0.01580  -0.03300  -0.00120 
 496  496   0.01310   28.18470    10.00 100.00     -0.03780  -0.13230  -0.00070 
 497  497   0.00250   28.19270    10.00 100.00      0.00220  -0.00170   0.06010 
 498  498   0.01070   28.25040    10.00 100.00     -0.04180  -0.11710  -0.00020 
 499  499   0.00050   28.25760    10.00 100.00     -0.00080   0.00090  -0.02740 
 500  500   0.00390   28.32350    10.00 100.00      0.00270  -0.00160   0.07520 
state state   Osc.      E(eV)      dum   dum        TrDx      TrDy       TrDz 
