   1    1   0.00000    4.75910    10.00 100.00     -0.00000   0.00000   0.00000 
   2    2   0.05410    6.56780    10.00 100.00     -0.00000   0.58000   0.00000 
   3    3   0.02120    7.36150    10.00 100.00     -0.00000   0.34290   0.00000 
   4    4   0.05400    7.50980    10.00 100.00      0.00000   0.00000  -0.54150 
   5    5   0.00000    8.01980    10.00 100.00     -0.00000  -0.00000   0.00000 
   6    6   0.19840   10.26950    10.00 100.00      0.00000   0.88800  -0.00000 
   7    7   0.00010   10.83310    10.00 100.00      0.02040  -0.00000   0.00000 
   8    8   0.00140   10.97720    10.00 100.00     -0.00000  -0.07230   0.00000 
   9    9   0.00910   11.18110    10.00 100.00      0.00000  -0.00000   0.18250 
  10   10   0.00000   11.86490    10.00 100.00     -0.00000   0.00000   0.00000 
  11   11   0.04090   11.90750    10.00 100.00     -0.37440  -0.00000  -0.00000 
  12   12   0.00000   12.06220    10.00 100.00      0.00000   0.00000  -0.00000 
  13   13   0.00030   12.33890    10.00 100.00     -0.00000  -0.00000   0.03060 
  14   14   0.14760   12.45680    10.00 100.00      0.00000  -0.00000  -0.69540 
  15   15   0.02570   12.77910    10.00 100.00      0.28660  -0.00000   0.00000 
  16   16   0.00000   12.80320    10.00 100.00      0.00000   0.00000  -0.00000 
  17   17   0.36130   13.01440    10.00 100.00      0.00000   0.00000   1.06450 
  18   18   0.04740   13.37050    10.00 100.00     -0.00000   0.00000   0.38040 
  19   19   0.07710   13.42160    10.00 100.00     -0.00000  -0.48430   0.00000 
  20   20   0.00400   13.45400    10.00 100.00     -0.00000  -0.10970  -0.00000 
  21   21   0.11060   13.68580    10.00 100.00      0.00000  -0.00000  -0.57440 
  22   22   0.09940   13.84820    10.00 100.00      0.00000  -0.54130   0.00000 
  23   23   0.02510   14.00240    10.00 100.00     -0.27030  -0.00000  -0.00000 
  24   24   0.01860   14.73160    10.00 100.00      0.00000   0.22680   0.00000 
  25   25   0.00540   14.94670    10.00 100.00     -0.12130  -0.00000  -0.00000 
  26   26   0.01550   15.01940    10.00 100.00      0.00000   0.00000  -0.20540 
  27   27   0.00000   15.29910    10.00 100.00      0.00000  -0.00000   0.00000 
  28   28   0.02270   15.48670    10.00 100.00      0.00000  -0.24480   0.00000 
  29   29   0.18120   15.69620    10.00 100.00     -0.68650  -0.00000   0.00000 
  30   30   0.00310   15.79080    10.00 100.00      0.00000  -0.00000   0.09020 
state state   Osc.      E(eV)      dum   dum        TrDx      TrDy       TrDz 
