7.978700616293789238e+00
-1.008695652258368103e+00
-8.380062454441428166e-02
-1.213622994822690093e-01
2.725457279289399473e-03
7.555693139829993132e-01
-1.829247659292639439e+00
1.978748200831534076e-01
1.129274405965856320e-01
2.254816809467788286e+00
-1.149354141154729003e+00
1.798695247973221667e+00
-7.616016869148847235e-01
-2.935767875303665342e-01
3.127313246105248856e-01
-6.412604331364686328e-01
2.061789636450137575e+00
4.969343426768727312e+00
-3.152308536615300860e-01
6.391101948127515531e-01
2.084184610864848741e-01
1.175269752178777827e+00
-5.696405367789953988e-01
1.056987134839774578e+00
-1.436612704977172639e-01
-9.533637741734608539e-01
-6.608165910006585930e-01
-1.970282325036885884e-01
2.958971007075153481e-01
5.451373892963025103e-01
-1.525069640486969913e+00
3.738045002497850655e-01
4.513175525541984756e-01
-1.427797692396305940e-01
-5.067561349535807391e-01
-1.147550913756119284e+00
-5.237718585350196326e-02
-1.871949291101920321e-01
-1.675936971216031246e+00
7.921996335466194861e-01
-2.804013421183659815e-02
5.325460830692776426e-01
-1.103569191179869291e+00
1.492890051454719647e+00
1.577057299935580026e-01
-7.042008229464127300e-01
-1.023646115327185024e-01
1.705656900976472989e-01
2.198899387038976971e-01
1.924135170727375999e-01
5.625734051305536498e-01
4.937004752460807944e-01
1.796273883611852751e-01
-6.797887604340686896e-02
2.017941121000680071e-01
9.788039000499498127e-04
3.651728913090889206e-01
-1.060495229743303319e-01
5.062111175773296168e-01
-2.300495802270841050e-01
9.342818575194661301e-02
-2.651138410671807777e-01
2.624216025980253830e-01
-6.702712207756658103e-01
1.220274314957854100e+00
-4.922447197728931079e-02
-3.626338918646350717e-01
-1.573895013151890843e-01
-7.851908125378097569e-01
-7.361829309050422765e-01
5.222902953781836111e-01
-1.598862905257718015e-01
-3.095322903115766411e-01
-2.210552136657652211e-01
-6.712948989012881840e-02
-2.270631528907398333e-01
2.761079634907072089e-01
3.046887405515210090e-01
2.642524015300845575e-01
-6.856201748269810103e-01
-9.126931825749542426e-01
4.009832428078489719e-01
5.005179849446096396e-01
2.586363942639980928e-01
-1.489307660456117566e-01
8.544468438672277177e-02
5.758059029639743531e-02
-4.215323406603171397e-01
-7.052457287468721914e-02
-4.270393130142136617e-01
4.625401238444917795e-02
1.150124623217015640e-01
4.112078967103257460e-02
3.011272067188059953e-01
-6.721268824400928876e-01
4.908550076966225473e-01
-2.372794088770062079e-02
1.914163585139624646e-01
7.185817064968212931e-01
2.598259226334371785e-01
2.608052866502096334e-01
