0.5	0.0
0.50475	0.0
0.5095	0.0
0.51425	0.0
0.519	0.0
0.52375	0.0
0.5285	0.0
0.53325	0.0
0.538	0.0
0.54275	0.0
0.5475	0.0
0.55225	0.0
0.5569999999999999	0.0
0.56175	0.0
0.5665	0.0
0.57125	0.0
0.576	0.0
0.58075	0.0
0.5855	0.0
0.5902499999999999	0.0
0.595	0.0
0.59975	0.0
0.6045	0.0
0.60925	0.0
0.614	0.0
0.61875	0.0
0.6234999999999999	0.0
0.62825	0.0
0.633	0.0
0.63775	0.0
0.6425	0.0
0.64725	0.0
0.652	0.0
0.65675	0.0
0.6615	0.0
0.66625	0.0
0.671	0.0
0.67575	0.0
0.6805	0.0
0.68525	0.0
0.69	0.0
0.69475	0.0
0.6995	0.0
0.70425	0.0
0.709	0.0
0.71375	0.0
0.7185	0.0
0.72325	0.0
0.728	0.0
0.73275	0.0
0.7375	0.0
0.74225	0.0
0.747	0.0
0.7517499999999999	0.0
0.7565	0.0
0.76125	0.0
0.766	0.0
0.77075	0.0
0.7755	0.0
0.78025	0.0
0.7849999999999999	0.0
0.78975	0.0
0.7945	0.0
0.79925	0.0
0.804	0.0
0.80875	0.0
0.8135	0.0
0.8182499999999999	0.0
0.823	0.0
0.82775	0.0
0.8325	0.0
0.83725	0.0
0.842	0.0
0.84675	0.0
0.8514999999999999	0.0
0.85625	0.0
0.861	0.0
0.86575	0.0
0.8705	0.0
0.87525	0.0
0.88	0.0
0.8847499999999999	0.0
0.8895	0.0
0.89425	0.0
0.899	0.0
0.90375	0.0
0.9085	0.0
0.91325	0.0
0.9179999999999999	0.0
0.92275	0.0
0.9275	0.0
0.93225	0.0
0.937	0.0
0.94175	0.0
0.9465	0.0
0.9512499999999999	0.0
0.956	0.0
0.96075	0.0
0.9655	0.0
0.9702500000000001	0.0
0.975	0.0
0.97975	0.0
0.9844999999999999	0.0
0.98925	0.0
0.994	0.0
0.99875	0.0
1.0034999999999998	0.0
1.0082499999999999	0.0
1.013	0.0
1.01775	0.0
1.0225	0.0
1.02725	0.0
1.032	0.0
1.03675	0.0
1.0415	0.0
1.0462500000000001	0.0
1.051	0.0
1.05575	0.0
1.0605	0.0
1.06525	0.0
1.0699999999999998	0.0
1.0747499999999999	0.0
1.0795	0.0
1.08425	0.0
1.089	0.0
1.09375	0.0
1.0985	0.0
1.10325	0.0
1.108	0.0
1.1127500000000001	0.0
1.1175	0.0
1.12225	0.0
1.127	0.0
1.13175	0.0
1.1364999999999998	0.0
1.1412499999999999	0.0
1.146	0.0
1.15075	0.0
1.1555	0.0
1.16025	0.0
1.165	0.0
1.16975	0.0
1.1745	0.0
1.1792500000000001	0.0
1.184	0.0
1.18875	0.0
1.1935	0.0
1.19825	0.0
1.2029999999999998	0.0
1.2077499999999999	0.0
1.2125	0.0
1.21725	0.0
1.222	0.0
1.22675	0.0
1.2315	0.0
1.23625	0.0
1.241	0.0
1.2457500000000001	0.0
1.2505	0.0
1.25525	0.0
1.26	0.0
1.2647499999999998	0.0
1.2694999999999999	0.0
1.2742499999999999	0.0
1.279	0.0
1.28375	0.0
1.2885	0.0
1.29325	0.0
1.298	0.0
1.30275	0.0
1.3075	0.0
1.3122500000000001	0.0
1.317	0.0
1.32175	0.0
1.3265	0.0
1.3312499999999998	0.0
1.3359999999999999	0.0
1.3407499999999999	0.0
1.3455	0.0
1.35025	0.0
1.355	0.0
1.35975	0.0
1.3645	0.0
1.36925	0.0
1.374	0.0
1.3787500000000001	0.0
1.3835	0.0
1.38825	0.0
1.393	0.0
1.3977499999999998	0.0
1.4024999999999999	0.0
1.40725	0.0
1.412	0.0
1.41675	0.0
1.4215	0.0
1.42625	0.0
1.431	0.0
1.43575	0.0
1.4405000000000001	0.0
1.44525	0.0
1.45	0.0
1.45475	0.0
1.4595	0.0
1.4642499999999998	0.0
1.4689999999999999	0.0
1.47375	0.0
1.4785	0.0
1.48325	0.0
1.488	0.0
1.49275	0.0
1.4975	0.0
1.50225	0.0
1.507	0.0
1.51175	0.0
1.5165	0.0
1.52125	0.0
1.526	0.0
1.53075	0.0
1.5354999999999999	0.0
1.54025	0.0
1.545	0.0
1.54975	0.0
1.5545	0.0
1.55925	0.0
1.564	0.0
1.5687499999999999	0.0
1.5735	0.0
1.57825	0.0
1.583	0.0
1.58775	0.0
1.5925	0.0
1.59725	5.4e-323
1.6019999999999999	9.466e-321
1.60675	1.608717e-318
1.6115	2.68487006e-316
1.61625	4.400759489e-314
1.621	7.08423541351e-312
1.62575	1.120003345221385e-309
1.6305	1.7390282602788535e-307
1.6352499999999999	2.6518865705708016e-305
1.64	3.9715883948651524e-303
1.64475	5.841636196042263e-301
1.6495	8.438509910791406e-299
1.65425	1.1971760157608988e-296
1.659	1.6680583364179258e-294
1.66375	2.2825770533000224e-292
1.6684999999999999	3.0676135229669356e-290
1.67325	4.048897894343033e-288
1.678	5.248485365892595e-286
1.68275	6.681779519832129e-284
1.6875	8.354323265897194e-282
1.69225	1.0258677935798457e-279
1.697	1.2371788867052504e-277
1.7017499999999999	1.4653271239031812e-275
1.7065	1.704502576738487e-273
1.71125	1.9472500341072809e-271
1.716	2.1847752270603223e-269
1.72075	2.4074251319278286e-267
1.7255	2.6053123716790447e-265
1.73025	2.7690308750549064e-263
1.7349999999999999	2.8903922177290287e-261
1.73975	2.9631029773386376e-259
1.7445	2.983305268646565e-257
1.74925	2.9499158674270275e-255
1.754	2.8647224358412434e-253
1.75875	2.732224953245652e-251
1.7635	2.559241927234533e-249
1.7682499999999999	2.354329342077144e-247
1.773	2.1270812194932805e-245
1.77775	1.887391155466389e-243
1.7825	1.644753209779137e-241
1.78725	1.407669024848712e-239
1.792	1.1832086895965332e-237
1.79675	9.767493510424957e-236
1.8014999999999999	7.91891892827014e-234
1.80625	6.305356508326286e-232
1.811	4.930765873471539e-230
1.81575	3.786867421987353e-228
1.8205	2.8563196303427718e-226
1.82525	2.1158968551682303e-224
1.83	1.539370523092376e-222
1.8347499999999999	1.0998990420492112e-220
1.8395	7.718332186222663e-219
1.84425	5.319307451844957e-217
1.849	3.6003747262389447e-215
1.85375	2.3933229230424804e-213
1.8585	1.5624850876686749e-211
1.86325	1.0018240342330084e-209
1.8679999999999999	6.308527437762968e-208
1.87275	3.901445376049575e-206
1.8775	2.369649153598746e-204
1.88225	1.4135251938728982e-202
1.887	8.281023971034457e-201
1.89175	4.764589778110169e-199
1.8965	2.6923280267015223e-197
1.9012499999999999	1.4941404188069336e-195
1.906	8.14358888483675e-194
1.91075	4.359144366139409e-192
1.9155	2.291646616805237e-190
1.92025	1.1831914660980976e-188
1.925	5.999615157976215e-187
1.9297499999999999	2.987808396385064e-185
1.9344999999999999	1.4613124274725155e-183
1.93925	7.019309573610211e-182
1.944	3.3113623005345996e-180
1.94875	1.534192969305604e-178
1.9535	6.980945715291276e-177
1.95825	3.119676189145891e-175
1.9629999999999999	1.3691964363097728e-173
1.9677499999999999	5.901779596298839e-172
1.9725	2.4983955502237797e-170
1.97725	1.0387245434155684e-168
1.982	4.241315442298545e-167
1.98675	1.7008332549774273e-165
1.9915	6.698597579339219e-164
1.9962499999999999	2.590997669143723e-162
2.001	9.842629578867494e-161
2.00575	3.672114752681727e-159
2.0105	1.345495756067447e-157
2.01525	4.841828526038869e-156
2.02	1.711186959412096e-154
2.02475	5.939453733189936e-153
2.0294999999999996	2.0246806391263187e-151
2.03425	6.778405423752094e-150
2.0389999999999997	2.2287406612682387e-148
2.04375	7.197016801749226e-147
2.0484999999999998	2.2824773750512637e-145
2.0532500000000002	7.109211432926071e-144
2.058	2.1746900357836886e-142
2.06275	6.53332530739348e-141
2.0675	1.927667770470837e-139
2.07225	5.585873213775659e-138
2.077	1.5896845242704762e-136
2.08175	4.443158472149005e-135
2.0865	1.2196455761122629e-133
2.09125	3.288035296761702e-132
2.096	8.705631535375915e-131
2.1007499999999997	2.2637323495269474e-129
2.1055	5.781104995965225e-128
2.1102499999999997	1.4499653421722511e-126
2.115	3.5716210244354325e-125
2.11975	8.640405099288708e-124
2.1245000000000003	2.052881225445705e-122
2.12925	4.790209700269673e-121
2.134	1.097756995740195e-119
2.13875	2.4706935735823425e-118
2.1435	5.4612560945775514e-117
2.14825	1.1855699521818086e-115
2.153	2.5276841764244144e-114
2.15775	5.292726107031612e-113
2.1624999999999996	1.0884212581386733e-111
2.16725	2.1982424754365252e-110
2.1719999999999997	4.360287838985921e-109
2.17675	8.494067514088651e-108
2.1814999999999998	1.6250893425738167e-106
2.1862500000000002	3.0535129091289544e-105
2.191	5.63486172350716e-104
2.19575	1.0212398438699509e-102
2.2005	1.8177461041979497e-101
2.20525	3.1776033094176117e-100
2.21	5.455406543963986e-99
2.21475	9.198468937452257e-98
2.2195	1.5232281479610972e-96
2.22425	2.4772814548947193e-95
2.229	3.956823980664238e-94
2.2337499999999997	6.206962124763173e-93
2.2385	9.562521929196753e-92
2.2432499999999997	1.4468608903153562e-90
2.248	2.1500179983223406e-89
2.25275	3.1377504325845097e-88
2.2575000000000003	4.497339624647933e-87
2.26225	6.3307324124736094e-86
2.267	8.752118990911505e-85
2.27175	1.1883201313259575e-83
2.2765	1.5845818610446567e-82
2.28125	2.07518533852458e-81
2.286	2.6690707455805666e-80
2.29075	3.371508544349984e-79
2.2954999999999997	4.182629812608968e-78
2.30025	5.09607225781114e-77
2.3049999999999997	6.097933873209339e-76
2.30975	7.166231412635623e-75
2.3145	8.271036374255274e-74
2.3192500000000003	9.375404574254766e-73
2.324	1.0437129917248438e-71
2.32875	1.141124804442091e-70
2.3335	1.2253105885527675e-69
2.33825	1.2921716602974941e-68
2.343	1.338305374259472e-67
2.34775	1.361291762822824e-66
2.3525	1.3599038266650624e-65
2.3572499999999996	1.3342160468834774e-64
2.362	1.28559776322611e-63
2.3667499999999997	1.2165922377192719e-62
2.3715	1.1306962682719615e-61
2.3762499999999998	1.0320669268853318e-60
2.3810000000000002	9.251896121169078e-60
2.38575	8.145441320612329e-59
2.3905	7.04302898086618e-58
2.39525	5.980883129681596e-57
2.4	4.988065427006392e-56
2.40475	4.085638630626569e-55
2.4095	3.2866143390084475e-54
2.41425	2.596560969987179e-53
2.419	2.0146949062358027e-52
2.42375	1.5352568248401315e-51
2.4284999999999997	1.1489834404815027e-50
2.43325	8.445152318683883e-50
2.4379999999999997	6.096241865248935e-49
2.44275	4.3219314647595537e-48
2.4475	3.00922420900057e-47
2.4522500000000003	2.0577480694252435e-46
2.457	1.3819452688167598e-45
2.46175	9.114869779924059e-45
2.4665	5.904336191519433e-44
2.47125	3.756234285346295e-43
2.476	2.346903600898241e-42
2.48075	1.440120441042143e-41
2.4855	8.678873591639842e-41
2.4902499999999996	5.136755511451839e-40
2.495	2.9859010593284464e-39
2.4997499999999997	1.7046016903070995e-38
2.5045	9.557215994815173e-38
2.5092499999999998	5.262606191575584e-37
2.514	2.8459766203908627e-36
2.51875	1.5115508726576532e-35
2.5235	7.884518803569995e-35
2.52825	4.039137175506835e-34
2.533	2.032183855618784e-33
2.53775	1.0041494981821065e-32
2.5425	4.872981233602038e-32
2.54725	2.322480556242839e-31
2.552	1.0871023117647472e-30
2.55675	4.997464714656187e-30
2.5615	2.2562646446337406e-29
2.56625	1.0004406378326912e-28
2.5709999999999997	4.3566592682348155e-28
2.5757499999999998	1.8632745447660763e-27
2.5805	7.826382888574317e-27
2.58525	3.2285410722948155e-26
2.59	1.308014399541427e-25
2.59475	5.204508461611791e-25
2.5995	2.0337983819687657e-24
2.60425	7.805434085871235e-24
2.609	2.9420307547426466e-23
2.61375	1.0890763839029202e-22
2.6185	3.959409835877487e-22
2.62325	1.4137205114247741e-21
2.628	4.957442039282401e-21
2.63275	1.707311304980594e-20
2.6374999999999997	5.774691279177687e-20
2.6422499999999998	1.9182526697420182e-19
2.647	6.258119269774949e-19
2.65175	2.0051314322206102e-18
2.6565	6.309614687113896e-18
2.66125	1.949951533879061e-17
2.666	5.918419979070945e-17
2.67075	1.7642036960191468e-16
2.6755	5.164789903850225e-16
2.68025	1.4849696463207932e-15
2.685	4.1931797312166334e-15
2.68975	1.1628678503840831e-14
2.6945	3.1672200232727145e-14
2.69925	8.47202228617372e-14
2.7039999999999997	2.225650307324869e-13
2.7087499999999998	5.742324800656008e-13
2.7135	1.4550555125864574e-12
2.71825	3.6210319449389074e-12
2.723	8.850058355825463e-12
2.72775	2.1243246920285114e-11
2.7325	5.007911489822398e-11
2.73725	1.1594536083799077e-10
2.742	2.636398725820156e-10
2.74675	5.887484736993118e-10
2.7515	1.2912474594102383e-09
2.75625	2.781314823297184e-09
2.761	5.88371740523806e-09
2.76575	1.2224031067524208e-08
2.7704999999999997	2.494239020728477e-08
2.7752499999999998	4.99830413051376e-08
2.78	9.837126844281622e-08
2.78475	1.9014059536759313e-07
2.7895	3.609461485645079e-07
2.79425	6.7293165681581e-07
2.799	1.2321412330191724e-06
2.80375	2.2157002558914556e-06
2.8085	3.913114079505995e-06
2.81325	6.787267956096207e-06
2.818	1.1561880224092733e-05
2.82275	1.934295946490385e-05
2.8275	3.178179064607094e-05
2.83225	5.128552299390268e-05
2.8369999999999997	8.127784879820922e-05
2.8417499999999998	0.000126505846958677
2.8465	0.00019337929995568234
2.85125	0.00029031558936848444
2.856	0.00042804725951365636
2.86075	0.0006198321198183864
2.8655	0.0008814900853930038
2.87025	0.0012311806749453174
2.875	0.0016888347707154322
2.87975	0.0022751684795687534
2.8845	0.003010239246793212
2.88925	0.003911555977025451
2.894	0.00499182349957521
2.89875	0.006256480639818257
2.9034999999999997	0.007701269419185147
2.90825	0.009310136138357754
2.913	0.01105379770816244
2.91775	0.012889294807787338
2.9225	0.014760788762775714
2.92725	0.016601741271346174
2.932	0.01833845525809561
2.93675	0.019894771230734288
2.9415	0.021197534199839628
2.94625	0.02218230220572743
2.951	0.022798686693945795
2.95575	0.02301471654339499
2.9605	0.02281970722095826
2.9652499999999997	0.022225284533200083
2.9699999999999998	0.02126443456682601
2.97475	0.019988693265584685
2.9795	0.01846381260966185
2.98425	0.016764411117281976
2.989	0.014968210085861673
2.99375	0.013150463683363
2.9985	0.01137911614886773
3.00325	0.009711081681606738
3.008	0.008189869393862763
3.01275	0.006844596915211773
3.0175	0.00569027863328428
3.02225	0.004729157322191221
3.027	0.0039527803816267575
3.0317499999999997	0.003344503648752643
3.0364999999999998	0.0028821285358603364
3.04125	0.0025404292517412696
3.046	0.0022933920271496445
3.05075	0.0021160551705399137
3.0555	0.001985898470445292
3.06025	0.0018837780440288155
3.065	0.0017944369607033135
3.06975	0.0017066441588155516
3.0745	0.00161302689283958
3.07925	0.0015096678877614925
3.084	0.001395539612385555
3.08875	0.0012718458206230402
3.0935	0.0011413352284915272
3.0982499999999997	0.001007644017965041
3.1029999999999998	0.000874712965253868
3.10775	0.0007463119086616596
3.1125	0.0006256899751090104
3.11725	0.0005153557943898682
3.122	0.00041697926827494153
3.12675	0.0003313965636830004
3.1315	0.0002586936720819289
3.13625	0.0001983413649097003
3.141	0.0001493553575211728
3.14575	0.00011045920586220941
3.1505	8.023287916194608e-05
3.15525	5.7236012246926426e-05
3.16	4.01006137398581e-05
3.1647499999999997	2.75928203113097e-05
3.1694999999999998	1.864677652765121e-05
3.17425	1.2375806056223613e-05
3.179	8.066867397068505e-06
3.18375	5.16413749117617e-06
3.1885	3.246773341796516e-06
3.19325	2.0047828468288324e-06
3.198	1.2157487334163105e-06
3.20275	7.240713926071768e-07
3.2075	4.235259229378828e-07
3.21225	2.432986114555286e-07
3.217	1.372651453342173e-07
3.22175	7.605747796003219e-08
3.2265	4.138896464124093e-08
3.2312499999999997	2.212015659210226e-08
3.2359999999999998	1.1610550756545122e-08
3.24075	5.985196780195583e-09
3.2455	3.0301563146978765e-09
3.25025	1.5066508396456267e-09
3.255	7.357346140555769e-10
3.25975	3.5285050618764395e-10
3.2645	1.6619627510592842e-10
3.26925	7.687990037039783e-11
3.274	3.492732478124405e-11
3.27875	1.5583995642966723e-11
3.2835	6.828940020872483e-12
3.28825	2.9389267588264873e-12
3.293	1.242181945221938e-12
3.2977499999999997	5.156353065714669e-13
3.3024999999999998	2.102137237491912e-13
3.30725	8.416673275624589e-14
3.312	3.309640761544246e-14
3.31675	1.278151191571555e-14
3.3215	4.847798794892717e-15
3.32625	1.805792845979005e-15
3.331	6.606208166346013e-16
3.33575	2.3735455221899e-16
3.3405	8.375367280752401e-17
3.34525	2.902492733821019e-17
3.35	9.878691109209923e-18
3.35475	3.302088094110562e-18
3.3594999999999997	1.0840239795810887e-18
3.3642499999999997	3.495023561501208e-19
3.3689999999999998	1.106680636087221e-19
3.37375	3.441561215498152e-20
3.3785	1.0511136384237898e-20
3.38325	3.152861026944378e-21
3.388	9.287973545372323e-22
3.39275	2.687188275279563e-22
3.3975	7.635477587669035e-23
3.40225	2.130763761933174e-23
3.407	5.839765150760953e-24
3.41175	1.5718693535442303e-24
3.4165	4.155262798810295e-25
3.42125	1.078801470304066e-25
3.4259999999999997	2.750714702213018e-26
3.4307499999999997	6.888276384979279e-27
3.4354999999999998	1.6940912918694424e-27
3.44025	4.091937759916984e-28
3.445	9.70919551170341e-29
3.44975	2.2732296581502176e-29
3.4545	5.722873657201415e-30
3.45925	3.664582344791645e-30
3.464	1.1462212077827647e-29
3.46875	4.934698180966107e-29
3.4735	2.1295682803985146e-28
3.47825	9.034959264268747e-28
3.483	3.7648149793014535e-27
3.48775	1.540717930494839e-26
3.4924999999999997	6.192466608402776e-26
3.4972499999999997	2.444360163346719e-25
3.502	9.476057903132084e-25
3.50675	3.607872645571083e-24
3.5115	1.3490737026951618e-23
3.51625	4.9542867444580516e-23
3.521	1.786847899930563e-22
3.52575	6.329290330581179e-22
3.5305	2.2018282209825524e-21
3.53525	7.52268426801931e-21
3.54	2.5241968471956857e-20
3.54475	8.318300206111317e-20
3.5495	2.692197672832683e-19
3.55425	8.557369476821956e-19
3.5589999999999997	2.6713734631426938e-18
3.5637499999999998	8.19011341555609e-18
3.5685	2.4660745929085915e-17
3.57325	7.292618358735543e-17
3.578	2.1179794823027956e-16
3.58275	6.041169142379705e-16
3.5875	1.6923150893051003e-15
3.59225	4.655887123218394e-15
3.597	1.258011593237912e-14
3.60175	3.3383189564864065e-14
3.6065	8.700255332962192e-14
3.61125	2.2268817329093238e-13
3.616	5.597876228238758e-13
3.62075	1.3820075492131205e-12
3.6254999999999997	3.350877285620763e-12
3.6302499999999998	7.979351861965302e-12
3.635	1.866111949248971e-11
3.63975	4.2861637189518636e-11
3.6445	9.66853786535761e-11
3.64925	2.1419722181069742e-10
3.654	4.660449962115639e-10
3.65875	9.95870458977275e-10
3.6635	2.0899641419670433e-09
3.66825	4.307604326570203e-09
3.673	8.719543702667285e-09
3.67775	1.7334555011736998e-08
3.6825	3.384485212865523e-08
3.68725	6.489833112872728e-08
3.6919999999999997	1.2221807008922532e-07
3.6967499999999998	2.2604676640846804e-07
3.7015	4.106030402131853e-07
3.70625	7.32498951049562e-07
3.711	1.2833728224440699e-06
3.71575	2.2083080407511294e-06
3.7205	3.7318781406529067e-06
3.72525	6.193786610111211e-06
3.73	1.009592250436023e-05
3.73475	1.6162061772616575e-05
3.7395	2.541022443638542e-05
3.74425	3.9235683648931356e-05
3.749	5.949972138251621e-05
3.7537499999999997	8.861548617749073e-05
3.7584999999999997	0.00012961799568772685
3.7632499999999998	0.00018620098035504684
3.768	0.0002626997197523972
3.77275	0.00036399736547110706
3.7775	0.0004953336767402343
3.78225	0.000662000710959787
3.787	0.0008689204941593634
3.79175	0.0011201149913799661
3.7965	0.0014180977359009514
3.80125	0.0017632370468701787
3.806	0.0021531596132521127
3.81075	0.0025822764398113823
3.8155	0.0030415168381953094
3.8202499999999997	0.003518347259907587
3.8249999999999997	0.003997128989997709
3.8297499999999998	0.004459833131685177
3.8345	0.004887086660100156
3.83925	0.005259475731221308
3.844	0.0055589895209632355
3.84875	0.005770457408289139
3.8535	0.005882820659651302
3.85825	0.005890090431325975
3.863	0.0057918766075516605
3.86775	0.005593422483614898
3.8725	0.005305141002650405
3.87725	0.004941709633142809
3.882	0.0045208333707617634
3.8867499999999997	0.004061820820006699
3.8914999999999997	0.0035841320936177835
3.8962499999999998	0.003106048535310383
3.901	0.002643586058476872
3.90575	0.002209732242415949
3.9105	0.0018140399070217337
3.91525	0.0014625644256961445
3.92	0.0011580949271897045
3.92475	0.0009006048830901542
3.9295	0.0006878368202233384
3.93425	0.000515938013760166
3.939	0.0003800761509550809
3.94375	0.00027498227193393696
3.9485	0.0001953888410803548
3.9532499999999997	0.000136350207334271
3.9579999999999997	9.344860723085458e-05
3.9627499999999998	6.290002932319577e-05
3.9675	4.158051341072066e-05
3.97225	2.6995404016228382e-05
3.977	1.7212771371643623e-05
3.98175	1.0778858074857983e-05
3.9865	6.629117113154918e-06
3.99125	4.00405112516346e-06
3.996	2.3752237175031605e-06
4.00075	1.383790717239497e-06
4.0055	7.917668038505773e-07
4.01025	4.4492330049646994e-07
4.015000000000001	2.4554664001270117e-07
4.01975	1.330895099339025e-07
4.0245	7.084588676248045e-08
4.029249999999999	3.7037907265712764e-08
4.034	1.9016878156680285e-08
4.03875	9.58943439829315e-09
4.0435	4.749060974269693e-09
4.0482499999999995	2.3098484328033776e-09
4.053	1.1033675461948692e-09
4.05775	5.176281813290234e-10
4.0625	2.3849353137854915e-10
4.06725	1.0791859445460875e-10
4.072	4.795975337586559e-11
4.0767500000000005	2.0932378858980982e-11
4.0815	8.972660105089154e-12
4.08625	3.777329157712545e-12
4.090999999999999	1.5617425043467758e-12
4.09575	6.34154405662595e-13
4.1005	2.5289577993444295e-13
4.10525	9.904878106805627e-14
4.109999999999999	3.8099359342748286e-14
4.11475	1.4392863116883404e-14
4.1195	5.33995628623411e-15
4.12425	1.945759650910549e-15
4.129	6.963084558307558e-16
4.13375	2.44723192632972e-16
4.1385000000000005	8.447137721710216e-17
4.14325	2.8635515433965704e-17
4.148	9.53369862586856e-18
4.152749999999999	3.117301568868681e-18
4.1575	1.0010533001537808e-18
4.16225	3.1571598405584077e-19
4.167	9.779055764714137e-20
4.171749999999999	2.974803337619075e-20
4.1765	8.88751981625986e-21
4.18125	2.6077375981713915e-21
4.186	7.51463999949383e-22
4.1907499999999995	2.126735378484035e-22
4.1955	5.911255295398265e-23
4.2002500000000005	1.6136411523826838e-23
4.205	4.326086418145396e-24
4.20975	1.1390542396987821e-24
4.214499999999999	2.94546999964986e-25
4.21925	7.480416631059689e-26
4.224	1.8657693530498587e-26
4.22875	4.570367341595375e-27
4.233499999999999	1.099525345698126e-27
4.23825	2.5978876584514506e-28
4.243	6.028322434241735e-29
4.24775	1.373831798286759e-29
4.2524999999999995	3.074904554995881e-30
4.25725	6.759128453492464e-31
4.2620000000000005	1.4591863046067288e-31
4.26675	3.093796717227861e-32
4.2715	6.442193841563282e-33
4.27625	1.3174580241959021e-33
4.281	2.646066595457038e-34
4.28575	5.219461975323275e-35
4.2905	1.0111409297579931e-35
4.295249999999999	1.9237942728155144e-36
4.3	3.5947322598933475e-37
4.30475	6.59683247436254e-38
4.3095	1.1889548045846148e-38
4.3142499999999995	2.1045353337341134e-39
4.319	3.6585423084168753e-40
4.32375	6.246272492842594e-41
4.3285	1.0473570384415907e-41
4.33325	1.7247635656182544e-42
4.338	2.7894935907684275e-43
4.3427500000000006	4.4308000399067056e-44
4.3475	6.91193934857024e-45
4.35225	1.0589578420940484e-45
4.356999999999999	1.593376500218904e-46
4.36175	2.354610786418505e-47
4.3665	3.417282127744528e-48
4.37125	4.8708362095988185e-49
4.3759999999999994	6.818474194182755e-50
4.38075	9.374149189572219e-51
4.3855	1.2657196005407101e-51
4.39025	1.678433482668399e-52
4.395	2.185907339303347e-53
4.39975	2.7958917108820037e-54
4.4045000000000005	3.51212471624544e-55
4.40925	4.332918266690909e-56
4.414	5.249912304662685e-57
4.418749999999999	6.247188144188395e-58
4.4235	7.300928695163552e-59
4.42825	8.379779919604885e-60
4.433	9.446003524231722e-61
4.437749999999999	1.0457420661615908e-61
4.4425	1.1370041191219288e-62
4.44725	1.2141168384531477e-63
4.452	1.2732682544179609e-64
4.4567499999999995	1.3114155371596639e-65
4.4615	1.3265441930051505e-66
4.4662500000000005	1.3178443091774506e-67
4.471	1.285782388259733e-68
4.47575	1.232059905494409e-69
4.480499999999999	1.159463712623472e-70
4.48525	1.0716265929611074e-71
4.49	9.727265906814763e-73
4.49475	8.671596837613237e-74
4.499499999999999	7.592212466426118e-75
4.50425	6.528277588311468e-76
4.509	5.513023666606059e-77
4.51375	4.57237756921214e-78
4.5184999999999995	3.7243912604341956e-79
4.52325	2.979404688059135e-80
4.528	2.3408019970864158e-81
4.53275	1.806179240752242e-82
4.5375	1.3687306677100327e-83
4.54225	1.0186761411186325e-84
4.547	7.445866672872375e-86
4.55175	5.345094168688576e-87
4.5565	3.768395279001428e-88
4.56125	2.6092670245804345e-89
4.566	1.7743593734118483e-90
4.57075	1.1850198605298534e-91
4.5755	7.77267766136632e-93
4.5802499999999995	5.006989385282751e-94
4.585	3.1676972563466215e-95
4.5897499999999996	1.9682109823413736e-96
4.5945	1.2010487006415276e-97
4.59925	7.1979789004141544e-99
4.604	4.236639445326669e-100
4.60875	2.4490261710312212e-101
4.6135	1.3903570119896631e-102
4.61825	7.752115263189096e-104
4.623	4.244974600291948e-105
4.62775	2.282921378830839e-106
4.6325	1.2057792305380029e-107
4.63725	6.254687660380826e-109
4.6419999999999995	3.186430425133769e-110
4.64675	1.594278677715156e-111
4.6514999999999995	7.834026204878199e-113
4.65625	3.7806527248299144e-114
4.661	1.7918825412822457e-115
4.66575	8.340906906395719e-117
4.6705	3.8130982407385325e-118
4.67525	1.711999761178194e-119
4.68	7.549016759189291e-121
4.68475	3.269174207889176e-122
4.6895	1.3904222947815016e-123
4.69425	5.807863041206678e-125
4.699	2.382577272001529e-126
4.70375	9.599278843344267e-128
4.7085	3.798316978246313e-129
4.7132499999999995	1.476062635355743e-130
4.718	5.6335136810923184e-132
4.72275	2.1116158078568225e-133
4.7275	7.773407594762414e-135
4.73225	2.8104053317568696e-136
4.737	9.979010180636182e-138
4.74175	3.479901532411579e-139
4.7465	1.1918111097313526e-140
4.75125	4.00874921853014e-142
4.756	1.3242541166168123e-143
4.76075	4.296301584886561e-145
4.7655	1.3689234788083865e-146
4.77025	4.283754458707689e-148
4.7749999999999995	1.316530580133637e-149
4.77975	3.97372965758163e-151
4.7844999999999995	1.1779494905578539e-152
4.78925	3.429383107674297e-154
4.794	9.80542279436797e-156
4.79875	2.7534527566072464e-157
4.8035	7.593638505145218e-159
4.80825	2.056757988247031e-160
4.813	5.471135255096185e-162
4.81775	1.4293306102535422e-163
4.8225	3.667320975034997e-165
4.82725	9.241152450302538e-167
4.832	2.2869903486256426e-168
4.83675	5.558575558457441e-170
4.8415	1.326855654881992e-171
4.8462499999999995	3.1106047476235436e-173
4.851	7.161878779243273e-175
4.85575	1.6194594794066157e-176
4.8605	3.5964513560275836e-178
4.86525	7.844030611457082e-180
4.87	1.6802169195363544e-181
4.87475	3.5346987972205974e-183
4.8795	7.30298578245946e-185
4.88425	1.4818678736575194e-186
4.889	2.953109121414301e-188
4.89375	5.77976914050979e-190
4.8985	1.110970362397714e-191
4.90325	2.0972752867714655e-193
4.9079999999999995	3.888386172112441e-195
4.91275	7.080180429379478e-197
4.9174999999999995	1.2661356731318896e-198
4.92225	2.2237048822172524e-200
4.927	3.8356152673665653e-202
4.93175	6.497614065790974e-204
4.9365	1.081020103600281e-205
4.94125	1.766341258631432e-207
4.946	2.834499866503717e-209
4.95075	4.467239666799659e-211
4.9555	6.914536119636877e-213
4.96025	1.051109184350026e-214
4.965	1.569255273360462e-216
4.9697499999999994	2.300913791379657e-218
4.9745	3.3133558595017683e-220
4.9792499999999995	4.6859408467575276e-222
4.984	6.508583879949616e-224
4.98875	8.878450855573539e-226
4.9935	1.1894573343719867e-227
4.99825	1.5650258909078452e-229
5.003	2.0223446448049107e-231
5.00775	2.5665503976341285e-233
5.0125	3.198934947597451e-235
5.01725	3.915813551344705e-237
5.022	4.707600345936842e-239
5.02675	5.5582509614506154e-241
5.0315	6.445219347004544e-243
5.03625	7.340036794370188e-245
5.0409999999999995	8.20955764065638e-247
5.04575	9.017834498205357e-249
5.0504999999999995	9.728496998817563e-251
5.05525	1.0307425928758051e-252
5.06	1.0725453898012233e-254
5.06475	1.0960796710033899e-256
5.0695	1.1000933770113636e-258
5.07425	1.0843711680729152e-260
5.079	1.0497535647339975e-262
5.08375	9.980625017350025e-265
5.0885	9.319424718782606e-267
5.09325	8.546365350212352e-269
5.098	7.697235768600843e-271
5.1027499999999995	6.808463422943388e-273
5.1075	5.914586839032783e-275
5.1122499999999995	5.046156332859149e-277
5.117	4.228223875399255e-279
5.12175	3.4794951215843295e-281
5.1265	2.812130522841294e-283
5.13125	2.2321105552911005e-285
5.136	1.7400307077807e-287
5.14075	1.33216834225786e-289
5.1455	1.001664516969578e-291
5.15025	7.396843921791063e-294
5.155	5.364529092149656e-296
5.15975	3.821006173558343e-298
5.1645	2.672913217080518e-300
5.16925	1.836339441555504e-302
5.1739999999999995	1.2390306525860608e-304
5.17875	8.210547605863557e-307
5.1834999999999996	5.34346760837456e-309
5.18825	3.4153500556277e-311
5.193	2.143918392e-313
5.19775	1.32172852e-315
5.2025	8.00271e-318
5.20725	4.759e-320
5.212	2.77e-322
5.21675	0.0
5.2215	0.0
5.22625	0.0
5.231	0.0
5.2357499999999995	0.0
5.2405	0.0
5.2452499999999995	0.0
5.25	0.0
5.25475	0.0
5.2595	0.0
5.26425	0.0
5.269	0.0
5.27375	0.0
5.2785	0.0
5.28325	0.0
5.288	0.0
5.29275	0.0
5.2975	0.0
5.30225	0.0
5.3069999999999995	0.0
5.31175	0.0
5.3165	0.0
5.32125	0.0
5.326	0.0
5.33075	0.0
5.3355	0.0
5.34025	0.0
5.345	0.0
5.34975	0.0
5.3545	0.0
5.35925	0.0
5.364	0.0
5.3687499999999995	0.0
5.3735	0.0
5.3782499999999995	0.0
5.383	0.0
5.38775	0.0
5.3925	0.0
5.39725	0.0
5.402	0.0
5.40675	0.0
5.4115	0.0
5.41625	0.0
5.421	0.0
5.42575	0.0
5.430499999999999	0.0
5.43525	0.0
5.4399999999999995	0.0
5.44475	0.0
5.4495	0.0
5.45425	0.0
5.459	0.0
5.46375	0.0
5.4685	0.0
5.47325	0.0
5.478	7.4e-323
5.48275	1.2564e-320
5.4875	2.115767e-318
5.49225	3.4997161e-316
5.497	5.685372558e-314
5.5017499999999995	9.07080915616e-312
5.5065	1.421327357117443e-309
5.5112499999999995	2.187273973570606e-307
5.516	3.3057746117341085e-305
5.52075	4.906866916405757e-303
5.5255	7.153133050280712e-301
5.53025	1.0241163780479474e-298
5.535	1.4400026942735688e-296
5.53975	1.988558090810239e-294
5.5445	2.696958381500281e-292
5.54925	3.5922883637025615e-290
5.554	4.6992561989856204e-288
5.55875	6.037373429305442e-286
5.5634999999999994	7.617771468180533e-284
5.56825	9.43993111218453e-282
5.5729999999999995	1.1488694865782125e-279
5.57775	1.3731992243084257e-277
5.5825	1.6119716091411376e-275
5.58725	1.8584129034220618e-273
5.592	2.1042048656858924e-271
5.59675	2.3398866166445444e-269
5.6015	2.5554217736507717e-267
5.60625	2.7408884010135273e-265
5.611	2.8872281256776876e-263
5.61575	2.9869766733653017e-261
5.6205	3.03489413897642e-259
5.62525	3.0284209886863574e-257
5.63	2.9679045700896187e-255
5.6347499999999995	2.856568233123405e-253
5.6395	2.700226882072785e-251
5.6442499999999995	2.5067838926593624e-249
5.649	2.2855699581948763e-247
5.65375	2.04660074136491e-245
5.6585	1.7998351113939435e-243
5.66325	1.5545092017654018e-241
5.668	1.3186054277007564e-239
5.67275	1.098493282822439e-237
5.6775	8.987542078851868e-236
5.68225	7.221799925372212e-234
5.687	5.69916135315756e-232
5.69175	4.417102097431021e-230
5.6964999999999995	3.3622105552969164e-228
5.70125	2.5134680055493466e-226
5.7059999999999995	1.8453672128394143e-224
5.71075	1.3306174771788993e-222
5.7155	9.422901066849148e-221
5.72025	6.553556137458716e-219
5.725	4.4764156052842e-217
5.72975	3.0029269171500753e-215
5.7345	1.978427359241772e-213
5.73925	1.2801369701235284e-211
5.744	8.134928790183786e-210
5.74875	5.077057193581487e-208
5.7535	3.1119409000368555e-206
5.75825	1.8733184477357e-204
5.763	1.1075232801514398e-202
5.7677499999999995	6.430653397873425e-201
5.7725	3.667062614917608e-199
5.7772499999999996	2.0537261516424136e-197
5.782	1.1296079122588704e-195
5.78675	6.102023876696082e-194
5.7915	3.2372859636577993e-192
5.79625	1.6867441414463905e-190
5.801	8.631342320957338e-189
5.80575	4.337789333847564e-187
5.8105	2.141014243398586e-185
5.81525	1.0378429536982566e-183
5.82	4.940884596509172e-182
5.82475	2.310142468483223e-180
5.8294999999999995	1.0608007116506631e-178
5.83425	4.783985177609776e-177
5.8389999999999995	2.118882299267633e-175
5.84375	9.216898929920215e-174
5.8485	3.9375293313168645e-172
5.85325	1.6520521912393155e-170
5.858	6.807453905208492e-169
5.86275	2.7549050802387922e-167
5.8675	1.0949380675886056e-165
5.87225	4.273989539391309e-164
5.877	1.6384694164545195e-162
5.88175	6.168849972890525e-161
5.8865	2.2810303400626757e-159
5.891249999999999	8.283595816081401e-158
5.896	2.954389307710785e-156
5.9007499999999995	1.034850300909956e-154
5.9055	3.5599862641112015e-153
5.91025	1.2027631086933064e-151
5.915	3.990918510247592e-150
5.91975	1.300548659876931e-148
5.9245	4.162376263992643e-147
5.92925	1.3083292512637543e-145
5.934	4.038813050863949e-144
5.93875	1.2244792646345997e-142
5.9435	3.645944924945936e-141
5.94825	1.0661780995572967e-139
5.953	3.0620367268122477e-138
5.95775	8.63678319897361e-137
5.9624999999999995	2.3925147575180585e-135
5.96725	6.509059134427146e-134
5.9719999999999995	1.739173036001231e-132
5.97675	4.563818395626824e-131
5.9815	1.1761830058672534e-129
5.98625	2.9770246484000027e-128
5.991	7.400327593449517e-127
5.99575	1.806676704252948e-125
6.0005	4.331825252786963e-124
6.00525	1.0200522012120192e-122
6.01	2.3590375325208196e-121
6.01475	5.358068832176783e-120
6.0195	1.1952058520394258e-118
6.024249999999999	2.6184128157114366e-117
6.029	5.633710285911362e-116
6.0337499999999995	1.1904519913744443e-114
6.0385	2.4705306526601664e-113
6.04325	5.03534917694122e-112
6.048	1.0079289567158625e-110
6.05275	1.981487043160782e-109
6.0575	3.825723125118025e-108
6.06225	7.254321851696258e-107
6.067	1.3509556389796942e-105
6.07175	2.4708497745518598e-104
6.0765	4.4382583534770907e-103
6.08125	7.829604076363767e-102
6.086	1.3565256444132774e-100
6.09075	2.308220000127349e-99
6.0954999999999995	3.857335159172236e-98
6.10025	6.330799166342636e-97
6.1049999999999995	1.020447536972188e-95
6.10975	1.6154138856923964e-94
6.1145	2.511527432284422e-93
6.11925	3.8348910070322904e-92
6.124	5.750811186831796e-91
6.12875	8.469663910055181e-90
6.1335	1.2250793799392307e-88
6.13825	1.740296583265201e-87
6.143	2.4279698508913527e-86
6.14775	3.3267816422805824e-85
6.1525	4.476785514810997e-84
6.1572499999999994	5.916559869572304e-83
6.162	7.679504937996291e-82
6.1667499999999995	9.789447216861668e-81
6.1715	1.2255868676403301e-79
6.17625	1.5069228319157788e-78
6.181	1.819696299782578e-77
6.18575	2.1580812698316263e-76
6.1905	2.5136086578738744e-75
6.19525	2.8753354334012518e-74
6.2	3.230281376594565e-73
6.20475	3.5641270386717887e-72
6.2095	3.8621308349692585e-71
6.21425	4.110188815463119e-70
6.218999999999999	4.2959334887864395e-69
6.22375	4.409753454852407e-68
6.2284999999999995	4.445617097761525e-67
6.23325	4.401602133854776e-66
6.2379999999999995	4.280066312226385e-65
6.24275	4.0874381719916295e-64
6.2475	3.833653699518625e-63
6.25225	3.5313075884124465e-62
6.257	3.194619955561499e-61
6.26175	2.838336207340358e-60
6.2665	2.4766775020050115e-59
6.27125	2.1224431449786355e-58
6.276	1.7863380799625657e-57
6.28075	1.4765638509053179e-56
6.2855	1.1986759504993481e-55
6.2902499999999995	9.556796464444563e-55
6.295	7.48313992556576e-54
6.2997499999999995	5.754616412580865e-53
6.3045	4.34620171222335e-52
6.30925	3.223772317629471e-51
6.314	2.3484419495296e-50
6.31875	1.6801818222350345e-49
6.3235	1.1805753708884725e-48
6.32825	8.146895399361435e-48
6.333	5.5214296929073e-47
6.33775	3.675123494691094e-46
6.3425	2.4024442175805378e-45
6.34725	1.542395226642723e-44
6.351999999999999	9.725210651665348e-44
6.35675	6.022313315082515e-43
6.3614999999999995	3.6625929912435007e-42
6.36625	2.1876354801783377e-41
6.3709999999999996	1.2832824097544066e-40
6.37575	7.393166873416236e-40
6.3805	4.183114585147094e-39
6.38525	2.324502394229329e-38
6.39	1.268589811830181e-37
6.39475	6.799444374093394e-37
6.3995	3.579205348773311e-36
6.40425	1.8503794259392952e-35
6.409	9.394981964415725e-35
6.41375	4.684811219287725e-34
6.4185	2.294294817368559e-33
6.4232499999999995	1.103487295992294e-32
6.428	5.212504415282721e-32
6.4327499999999995	2.418168272043368e-31
6.4375	1.1017614840993818e-30
6.44225	4.93003086257893e-30
6.447	2.1665697472599316e-29
6.45175	9.350970691633684e-29
6.4565	3.963708441625607e-28
6.46125	1.6500902266092226e-27
6.466	6.746440073281331e-27
6.47075	2.7089602135177864e-26
6.4755	1.0682959225772428e-25
6.48025	4.1375332760589735e-25
6.484999999999999	1.573810407746847e-24
6.48975	5.8792822623201604e-24
6.4944999999999995	2.157035008022328e-23
6.49925	7.772326941649237e-23
6.504	2.7504636686303964e-22
6.50875	9.559204422922052e-22
6.5135	3.2628609783940453e-21
6.51825	1.093796112994089e-20
6.523	3.6010998700275424e-20
6.52775	1.164380545797369e-19
6.5325	3.6975640030060807e-19
6.53725	1.1531809094884657e-18
6.542	3.532158412066939e-18
6.54675	1.0625365691743525e-17
6.5515	3.139124813549515e-17
6.5562499999999995	9.108235818908514e-17
6.561	2.595499403012557e-16
6.5657499999999995	7.263878728368123e-16
6.5705	1.996536348133316e-15
6.57525	5.389479719580387e-15
6.58	1.4288197592237367e-14
6.58475	3.720223548968857e-14
6.5895	9.513090146224918e-14
6.59425	2.389104637984546e-13
6.599	5.892637364415895e-13
6.60375	1.427398525133195e-12
6.6085	3.395797284721372e-12
6.61325	7.934128946067226e-12
6.617999999999999	1.8206134073430405e-11
6.62275	4.102959248575317e-11
6.6274999999999995	9.081083205938028e-11
6.63225	1.9739633773117445e-10
6.637	4.21406773187197e-10
6.64175	8.835373574143629e-10
6.6465	1.8193208922288776e-09
6.65125	3.679210883364196e-09
6.656	7.307369031152007e-09
6.66075	1.4253725274451296e-08
6.6655	2.7305913632776144e-08
6.67025	5.137431273562699e-08
6.675	9.4928435321997e-08
6.679749999999999	1.7226918720790822e-07
6.6845	3.0702933455480715e-07
6.6892499999999995	5.374191313165997e-07
6.694	9.23862540902651e-07
6.6987499999999995	1.5597772402222541e-06
6.7035	2.5862993105809184e-06
6.70825	4.211685889447683e-06
6.713	6.735876997694607e-06
6.71775	1.058018610284064e-05
6.7225	1.6321251250141438e-05
6.72725	2.4727179328543696e-05
6.732	3.679227910879202e-05
6.73675	5.376501712380724e-05
6.7415	7.716207009928272e-05
6.74625	0.00010875993437116373
6.7509999999999994	0.000150554932310807
6.75575	0.00020468311779120126
6.7604999999999995	0.00027329396653236144
6.76525	0.0003583761081446978
6.77	0.0004615396733496019
6.77475	0.000583767633808607
6.7795	0.0007251568790446537
6.78425	0.0008846773624504028
6.789	0.0010599828591222973
6.79375	0.0012473081351720497
6.7985	0.001441483421775121
6.80325	0.0016360875269888892
6.808	0.0018237462002190768
6.812749999999999	0.0019965640683790517
6.8175	0.0021466591230909207
6.8222499999999995	0.002266751472956992
6.827	0.002350746030007034
6.8317499999999995	0.002394244512228004
6.8365	0.002394926969159485
6.84125	0.0023527567773346876
6.846	0.002269983896360656
6.85075	0.002150945982762208
6.8555	0.002001691828755756
6.86025	0.0018294726160235193
6.865	0.00164216047446462
6.86975	0.001447658954198676
6.8745	0.0012533660064299407
6.87925	0.0010657382349213438
6.8839999999999995	0.0008899880327940309
6.88875	0.0007299258957651217
6.8934999999999995	0.0005879418311251195
6.89825	0.00046510492085150555
6.903	0.0003613503608968498
6.90775	0.00027571921662779725
6.9125	0.000206617243841752
6.91725	0.00015206423381640568
6.922	0.00010991287847048674
6.92675	7.802451664907172e-05
6.9315	5.4396961030028166e-05
6.93625	3.72459785750158e-05
6.941	2.5046433263156872e-05
6.945749999999999	1.6541545275186372e-05
6.9505	1.0729434357528166e-05
6.9552499999999995	6.83553418510031e-06
6.96	4.278081522836158e-06
6.9647499999999996	2.632151883574187e-06
6.9695	1.5959898933185866e-06
6.97425	9.619107660514015e-07
6.979	5.929666776194699e-07
6.98375	4.059368994004113e-07
6.9885	3.610260444501228e-07
6.99325	4.5893911922089294e-07
6.998	7.46752815288443e-07
7.00275	1.3352474658036742e-06
7.007499999999999	2.432147128681358e-06
7.01225	4.398073300396808e-06
7.0169999999999995	7.834937128072476e-06
7.02175	1.3719845486847604e-05
7.0264999999999995	2.3601046115802024e-05
7.03125	3.987535834400415e-05
7.036	6.616792196490984e-05
7.04075	0.00010783352361938835
7.0455	0.00017259243887099524
7.05025	0.0002713006988225383
7.055	0.0004188331983675236
7.05975	0.0006350271361761412
7.0645	0.0009455934579088854
7.06925	0.0013828581051103705
7.074	0.001986148721497629
7.078749999999999	0.0028016049451767416
7.0835	0.0038811730780709203
7.0882499999999995	0.005280561557456138
7.093	0.007055993853769226
7.09775	0.009259707379187482
7.1025	0.011934310031912062
7.10725	0.015106308645132568
7.112	0.018779342220587424
7.11675	0.022927852723681252
7.1215	0.027492065826360598
7.12625	0.032375191907239205
7.131	0.037443661662389174
7.13575	0.04253096707401241
7.140499999999999	0.04744529900944462
7.14525	0.05198069749443857
7.1499999999999995	0.05593092502303375
7.15475	0.05910481821910087
7.1594999999999995	0.061341551243977284
7.16425	0.06252412283512435
7.169	0.06258949469433456
7.17375	0.06153415876166216
7.1785	0.05941444910054767
7.18325	0.056341559805232734
7.188	0.05247188212952119
7.19275	0.047993829359754436
7.1975	0.04311269268640005
7.20225	0.03803521524788567
7.207	0.032955476306479554
7.211749999999999	0.028043375811844393
7.2165	0.023436565891464714
7.2212499999999995	0.01923617166712891
7.226	0.015506161291802647
7.23075	0.0122758319535304
7.2355	0.009544618116591358
7.24025	0.00728831548744921
7.245	0.005465837990887931
7.24975	0.004025754906276829
7.2545	0.0029120504284271334
7.25925	0.0020687663173210007
7.264	0.0014433942350471228
7.26875	0.0009890528090631945
7.273499999999999	0.0006656025539880241
7.27825	0.0004399177275645615
7.2829999999999995	0.0002855544493348997
7.28775	0.00018204023364349868
7.2924999999999995	0.00011397427062177865
7.29725	7.008212205402887e-05
7.302	4.232224044078833e-05
7.30675	2.5101001020090573e-05
7.3115	1.46209104493652e-05
7.31625	8.364091544937788e-06
7.321	4.699202091890856e-06
7.32575	2.5929279676276935e-06
7.3305	1.4051340768856132e-06
7.33525	7.478354787619523e-07
7.34	3.9089070951359293e-07
7.3447499999999994	2.0066222174104348e-07
7.3495	1.0116653350832755e-07
7.3542499999999995	5.009208470070681e-08
7.359	2.435916112331369e-08
7.36375	1.1633664481612105e-08
7.3685	5.456720703694268e-09
7.37325	2.513667911059716e-09
7.378	1.1372214987513659e-09
7.38275	5.052929118465822e-10
7.3875	2.2049682255138397e-10
7.39225	9.449796355503596e-11
7.397	3.977439185927396e-11
7.40175	1.6441658796778692e-11
7.406499999999999	6.6749604861134384e-12
7.41125	2.661415927083692e-12
7.4159999999999995	1.042168131149787e-12
7.42075	4.007963983459367e-13
7.4254999999999995	1.513808071128555e-13
7.43025	5.6153755571393706e-14
7.435	2.0457274971767937e-14
7.43975	7.31943810611656e-15
7.4445	2.571986515533538e-15
7.44925	8.876067914894872e-16
7.454	3.00838580216477e-16
7.45875	1.0013996351377005e-16
7.4635	3.273725881442184e-17
7.468249999999999	1.051085825705686e-17
7.473	3.3143245345184452e-18
7.4777499999999995	1.026391078806482e-18
7.4825	3.121703778246129e-19
7.4872499999999995	9.3246275949852e-20
7.492	2.7354720816730416e-20
7.49675	7.881231091333506e-21
7.5015	2.230061406258527e-21
7.50625	6.197272119627309e-22
7.511	1.6913959848913534e-22
7.51575	4.533681522326092e-23
7.5205	1.1934870395232866e-23
7.52525	3.085640954212832e-24
7.53	7.834910820195985e-25
7.53475	1.953816215237771e-25
7.539499999999999	4.785136672067717e-26
7.54425	1.1509752189285353e-26
7.5489999999999995	2.718934184664181e-27
7.55375	6.3080451305928295e-28
7.5584999999999996	1.4374855853651995e-28
7.56325	3.225422715055166e-29
7.568	7.499728316661903e-30
7.57275	3.535294287618818e-30
7.5775	9.524730060903949e-30
7.58225	4.144412928115694e-29
7.587	1.8275026728512933e-28
7.59175	7.926039872899504e-28
7.5965	3.3763326507105874e-27
7.601249999999999	1.4125263784238337e-26
7.606	5.803753432178563e-26
7.6107499999999995	2.3419753932613007e-25
7.6155	9.281468319675707e-25
7.6202499999999995	3.6125347233419086e-24
7.625	1.380919487242272e-23
7.62975	5.184246833462344e-23
7.6345	1.911454516872338e-22
7.63925	6.921548244797685e-22
7.644	2.461520839619828e-21
7.64875	8.597353182465969e-21
7.6535	2.9490830555698053e-20
7.65825	9.935053822116175e-20
7.663	3.287111450050125e-19
7.66775	1.0681189464595157e-18
7.672499999999999	3.4086765498922295e-18
7.67725	1.0683485173716379e-17
7.6819999999999995	3.2885246002835934e-17
7.68675	9.941461225401301e-17
7.6915	2.9516192599485127e-16
7.69625	8.60659630476456e-16
7.701	2.4646968752788755e-15
7.70575	6.9319685051567624e-15
7.7105	1.9147436232079187e-14
7.71525	5.194283715503386e-14
7.72	1.3838903711422867e-13
7.72475	3.6210847746576703e-13
7.7295	9.305435040893142e-13
7.734249999999999	2.348527531572065e-12
7.739	5.821241466910755e-12
7.7437499999999995	1.4170871421699163e-11
7.7485	3.387961646965568e-11
7.7532499999999995	7.955022231693079e-11
7.758	1.83444753159285e-10
7.76275	4.1546091789967747e-10
7.7675	9.240937702634192e-10
7.77225	2.018658678843635e-09
7.777	4.330825933016209e-09
7.78175	9.125140261553011e-09
7.7865	1.8882928699440088e-08
7.79125	3.8376038617011804e-08
7.795999999999999	7.659702749761852e-08
7.80075	1.5014977117911252e-07
7.805499999999999	2.8906693505426933e-07
7.81025	5.465540858808116e-07
7.8149999999999995	1.0149130984090234e-06
7.81975	1.8509110762201884e-06
7.8245	3.3151503978660124e-06
7.82925	5.831521776893758e-06
7.834	1.007445479267375e-05
7.83875	1.709315329965645e-05
7.8435	2.848287391807317e-05
7.84825	4.661293098081847e-05
7.853	7.49186599869845e-05
7.85775	0.00011825910135806511
7.8625	0.00018333278368964348
7.867249999999999	0.0002791301028248516
7.872	0.0004173824682551943
7.8767499999999995	0.0006129467053758773
7.8815	0.0008840406020444542
7.8862499999999995	0.0012522259310592508
7.891	0.0017420240991427587
7.89575	0.002380052895687716
7.9005	0.003193596504224457
7.90525	0.004208569116114077
7.91	0.005446905844591544
7.91475	0.006923508934108627
7.9195	0.00864298243523633
7.92425	0.010596488922433306
7.928999999999999	0.012759137894603315
7.93375	0.015088346826172225
7.9384999999999994	0.01752358543198919
7.94325	0.019987812494118223
7.9479999999999995	0.022390745194245644
7.95275	0.02463387953993663
7.9575	0.026616936202302658
7.96225	0.028245176863346252
7.967	0.029436862412399838
7.97175	0.030130040957939738
7.9765	0.030287882423676846
7.98125	0.029901920602030133
7.986	0.028992805485915984
7.99075	0.02760847283852438
7.9955	0.02581995680567638
8.00025	0.023715354617452455
8.004999999999999	0.021392656576671963
8.00975	0.01895225103338881
8.0145	0.01648989406765394
8.01925	0.01409080860046226
8.024000000000001	0.011825375782444395
8.028749999999999	0.009746640996923194
8.0335	0.007889617956967843
8.03825	0.00627217203997804
8.043	0.0048971221317000435
8.04775	0.0037551292767338245
8.0525	0.0028279376842388513
8.05725	0.0020915861728619447
8.062	0.0015192969766686314
8.066749999999999	0.0010838534634011936
8.0715	0.0007593805168555261
8.07625	0.000522527697235654
8.081	0.0003531182517033581
8.08575	0.00023436459275592858
8.090499999999999	0.00015276533586865878
8.09525	9.779544403998796e-05
8.1	6.148559941238512e-05
8.10475	3.79655052731833e-05
8.1095	2.3023213544730414e-05
8.11425	1.3712090905953885e-05
8.119	8.020517865066718e-06
8.123750000000001	4.607465816795381e-06
8.128499999999999	2.599458077332691e-06
8.13325	1.4403382639909716e-06
8.138	7.838034369782459e-07
8.14275	4.189004373962116e-07
8.1475	2.198747969176045e-07
8.152249999999999	1.1334466618884013e-07
8.157	5.738359961015871e-08
8.16175	2.853224242920092e-08
8.1665	1.3933088397361226e-08
8.17125	6.6824079203985874e-09
8.176	3.1481232401983604e-09
8.18075	1.4579015076716255e-09
8.185500000000001	6.664061846660949e-10
8.190249999999999	3.0732208068786204e-10
8.195	1.5873598102653542e-10
8.19975	1.2529803147740212e-10
8.2045	1.8546842938722462e-10
8.20925	3.796118248341985e-10
8.213999999999999	8.335234321973925e-10
8.21875	1.8289206032903238e-09
8.2235	3.9538809197396035e-09
8.22825	8.399757980146017e-09
8.233	1.752738148943003e-08
8.23775	3.592002821312431e-08
8.2425	7.229675530075443e-08
8.247250000000001	1.4290986377804326e-07
8.251999999999999	2.7743844327852396e-07
8.25675	5.289712475261148e-07
8.2615	9.905091234281974e-07
8.26625	1.821570057011394e-06
8.271	3.289987606877317e-06
8.275749999999999	5.835843405866656e-06
8.2805	1.0166558930178298e-05
8.28525	1.7394234449908343e-05
8.29	2.9227901908898358e-05
8.29475	4.82337410460209e-05
8.2995	7.817452270504048e-05
8.30425	0.0001244344159833027
8.309000000000001	0.000194525604653576
8.313749999999999	0.00029865790796213947
8.3185	0.0004503314187746053
8.32325	0.0006668857873247094
8.328	0.0009699104986983922
8.33275	0.0013853925358573672
8.337499999999999	0.0019434573359107168
8.34225	0.0026775535385812803
8.347	0.003622949665873689
8.35175	0.004814458215987584
8.3565	0.006283382931958788
8.36125	0.008053795885601917
8.366	0.010138383008962668
8.370750000000001	0.01253423272185022
8.375499999999999	0.015219058922336534
8.38025	0.018148420259435433
8.385	0.021254497475345073
8.38975	0.024446902453461667
8.3945	0.027615812321589155
8.399249999999999	0.03063746231653972
8.404	0.033381722473853674
8.40875	0.03572117030877695
8.413499999999999	0.03754080665755671
8.41825	0.03874739465677818
8.423	0.039277369718147034
8.42775	0.03910238720153191
8.432500000000001	0.03823183398170099
8.437249999999999	0.036711994191532746
8.442	0.034621972327379125
8.44675	0.03206687349326591
8.4515	0.029169058845137007
8.45625	0.02605848718774643
8.460999999999999	0.02286319743579885
8.46575	0.019700884220131307
8.4705	0.01667229765973173
8.475249999999999	0.013856903001519538
8.48	0.011310918778168037
8.48475	0.009067562916100605
8.4895	0.0071391131188662475
8.494250000000001	0.005520252665822923
8.498999999999999	0.0041921296212008834
8.50375	0.003126595127358652
8.5085	0.0022901832391433053
8.51325	0.0016475242853743642
8.518	0.0011640205252884327
8.52275	0.000807736396995511
8.5275	0.0005505526608353688
8.53225	0.0003686985742381728
8.536999999999999	0.00024280980549201028
8.54175	0.00015766765341255324
8.5465	0.00010176532349054312
8.55125	6.68281090197401e-05
8.556	4.739405605201495e-05
8.56075	4.054603627746095e-05
8.5655	4.5878961466993834e-05
8.57025	6.578874253049702e-05
8.575	0.00010618182002946955
8.57975	0.00017772253945934913
8.5845	0.00029775450564014256
8.58925	0.0004930425544529414
8.594	0.0008034723013917567
8.598749999999999	0.0012867999490901246
8.6035	0.002024450589506197
8.60825	0.003128204669657419
8.613	0.00474738153712556
8.61775	0.007075829371547485
8.6225	0.01035768299341042
8.62725	0.014890497880622616
8.632	0.021024077107542335
8.63675	0.029153165340674803
8.6415	0.0397022881002371
8.64625	0.053101454900416116
8.651	0.06975227907249848
8.65575	0.08998529371218053
8.660499999999999	0.11401077943163986
8.66525	0.14186708984838436
8.67	0.17337200405191502
8.67475	0.2080837357672017
8.679499999999999	0.24527856866950198
8.68425	0.28395141477802727
8.689	0.32284379361969623
8.69375	0.36050088221691196
8.6985	0.39535568428029105
8.70325	0.4258345001907579
8.708	0.4504743615449593
8.71275	0.46804055641060804
8.7175	0.4776313359311615
8.722249999999999	0.4787576556612298
8.727	0.4713883582500731
8.73175	0.4559552182335371
8.7365	0.43331714360503476
8.741249999999999	0.40468779986804115
8.746	0.3715352124598174
8.75075	0.3354648688296552
8.7555	0.2980990907523644
8.76025	0.2609649040168314
8.765	0.22540052839214
8.76975	0.19248741750289045
8.7745	0.1630110960132593
8.77925	0.13745047295673013
8.783999999999999	0.11599234945598119
8.78875	0.09856579884220307
8.7935	0.0848900823475077
8.79825	0.07452969263343644
8.802999999999999	0.06695077705370396
8.80775	0.06157430752609936
8.8125	0.0578226640333794
8.81725	0.055157568203972995
8.822	0.05310840498969857
8.82675	0.05129084568540324
8.8315	0.0494163364012824
8.83625	0.04729347808245365
8.841	0.044822640075426745
8.84575	0.0419853508031542
8.8505	0.0388301096159334
8.85525	0.03545626115375749
8.86	0.031997459766378696
8.864749999999999	0.02860602507113181
8.8695	0.025439164483417973
8.87425	0.02264764769459721
8.879	0.02036711123778552
8.88375	0.018711806270659444
8.8885	0.017770334019462895
8.89325	0.01760278058813354
8.898	0.018238681813572556
8.90275	0.019675407136967783
8.9075	0.02187680968648335
8.91225	0.02477228814360661
8.917	0.02825667505646476
8.92175	0.03219154005891825
8.926499999999999	0.03640852546633159
8.93125	0.0407151936598097
8.936	0.04490357153489441
8.94075	0.048761171303780985
8.9455	0.0520838198685922
8.95025	0.05468922559977821
8.955	0.05642993417965479
8.95975	0.05720423766484289
8.9645	0.05696373370203044
8.96925	0.055716575134836244
8.974	0.05352595456959632
8.97875	0.05050395359446036
8.9835	0.046801456833553565
8.988249999999999	0.042595294888203294
8.993	0.03807406659134745
8.99775	0.0334241628463318
9.0025	0.028817373688398203
9.007249999999999	0.02440114521471443
9.012	0.020292127812170872
9.01675	0.016573197498783308
9.0215	0.013293710591838745
9.02625	0.010472424714290685
9.031	0.00810231896646457
9.03575	0.006156479772009184
9.0405	0.004594270802171532
9.04525	0.0033671442770556344
9.049999999999999	0.002423638572770422
9.05475	0.0017133061615020185
9.0595	0.0011894962741276368
9.06425	0.0008110585038940079
9.068999999999999	0.0005431280896639183
9.07375	0.0003572015476729387
9.0785	0.00023072007520028937
9.08325	0.0001463586591767896
9.088	9.118269929204648e-05
9.09275	5.579142467704544e-05
9.0975	3.352613143937573e-05
9.10225	1.978611002393472e-05
9.107	1.1468282454308509e-05
9.111749999999999	6.52825825137916e-06
9.1165	3.6497007481129406e-06
9.12125	2.003909810353743e-06
9.126	1.0805878270637084e-06
9.130749999999999	5.722726029075906e-07
9.1355	2.9765064196211414e-07
9.14025	1.520448368170179e-07
9.145	7.627768691547088e-08
9.14975	3.75823850608082e-08
9.1545	1.8185789040812725e-08
9.15925	8.642531343604574e-09
9.164	4.033767591843607e-09
9.16875	1.8490234134937944e-09
9.1735	8.324127059152676e-10
9.17825	3.6805947787994837e-10
9.183	1.5987740731669825e-10
9.18775	6.832338272518798e-11
9.192499999999999	2.8965120266037578e-11
9.19725	1.2754955687311359e-11
9.202	7.1390084928623565e-12
9.20675	7.442620235786335e-12
9.2115	1.3410298624284903e-11
9.21625	2.866780459046186e-11
9.221	6.25455092759421e-11
9.22575	1.3495234905008014e-10
9.2305	2.863770702603669e-10
9.23525	5.971372899970765e-10
9.24	1.2233299475639642e-09
9.24475	2.4624438297596506e-09
9.2495	4.8705571626827506e-09
9.254249999999999	9.467297199595032e-09
9.259	1.808685167807918e-08
9.26375	3.3966783490747314e-08
9.2685	6.271583232528037e-08
9.273249999999999	1.1387329932883538e-07
9.278	2.0337375736584232e-07
9.28275	3.573717955366315e-07
9.2875	6.180757098471166e-07
9.29225	1.05250488533707e-06
9.297	1.7654488982021038e-06
9.30175	2.9184035016206792e-06
9.3065	4.756939786842788e-06
9.31125	7.64989322355799e-06
9.315999999999999	1.2145015884154296e-05
9.32075	1.9047393102778603e-05
9.3255	2.9529029224256215e-05
9.33025	4.52805177999024e-05
9.334999999999999	6.871843288979918e-05
9.33975	0.00010326455734612604
9.3445	0.00015371448939067504
9.34925	0.00022671229273847778
9.354	0.0003313429915686732
9.35875	0.00047984386689774064
9.3635	0.0006884167117083168
9.36825	0.0009780950481707393
9.373	0.0013755827379949366
9.377749999999999	0.001913935572283621
9.3825	0.0026329104478753597
9.38725	0.003578766157067656
9.392	0.004803277264560207
9.396749999999999	0.006361731447607204
9.4015	0.008309733856410966
9.40625	0.01069874837452955
9.411	0.01357046623654831
9.41575	0.016950297301250472
9.4205	0.020840505454236692
9.42525	0.025213721995748777
9.43	0.03000772611927116
9.43475	0.035122435376995456
9.439499999999999	0.040419965559445485
9.44425	0.04572838139086914
9.449	0.050849376065528966
9.45375	0.05556962818691548
9.458499999999999	0.059675055751646056
9.46325	0.06296670301679601
9.468	0.06527664498729675
9.47275	0.0664821488465747
9.4775	0.06651643395136557
9.48225	0.06537472197690339
9.487	0.06311482154733207
9.49175	0.05985216423709385
9.4965	0.05574989523938995
9.50125	0.051005213650701715
9.506	0.04583356380092238
9.51075	0.04045244490856408
9.5155	0.035066520054114377
9.520249999999999	0.029855399061579472
9.525	0.024965009704641807
9.52975	0.020502943070308987
9.5345	0.016537648731473224
9.53925	0.013100936040528133
9.544	0.010192956478775158
9.54875	0.007788715930166246
9.5535	0.005845184545581185
9.55825	0.0043082041924412525
9.563	0.003118596655812818
9.56775	0.002217105431143541
9.5725	0.0015480220217993722
9.57725	0.0010615271720068602
9.581999999999999	0.0007149042972692545
9.58675	0.0004728541407758089
9.5915	0.0003071628732196549
9.59625	0.00019596218193320482
9.600999999999999	0.00012278283398800798
9.60575	7.555526514554394e-05
9.6105	4.566183773289794e-05
9.61525	2.7102135310212693e-05
9.62	1.5798469596595388e-05
9.62475	9.044568361009053e-06
9.6295	5.085362690889322e-06
9.63425	2.808130146495847e-06
9.639	1.5229081276592366e-06
9.643749999999999	8.111315941166234e-07
9.6485	4.242970818662172e-07
9.65325	2.179765946418395e-07
9.658	1.0997925037958137e-07
9.662749999999999	5.449701371262077e-08
9.6675	2.652135445616719e-08
9.67225	1.2675927069571467e-08
9.677	5.950107372222888e-09
9.68175	2.743032629900592e-09
9.6865	1.2419344231183449e-09
9.69125	5.522434009015419e-10
9.696	2.4118108590370243e-10
9.70075	1.0347633193255232e-10
9.705499999999999	4.36792150665856e-11
9.71025	1.830943889257197e-11
9.715	8.04864237443547e-12
9.71975	4.7336072360694134e-12
9.724499999999999	5.586319406194824e-12
9.72925	1.1133727499136725e-11
9.734	2.5451206376811715e-11
9.73875	5.878014542527236e-11
9.7435	1.3394441202835481e-10
9.74825	2.999867942668237e-10
9.753	6.599214717248505e-10
9.75775	1.425777034649716e-09
9.7625	3.025333625567895e-09
9.76725	6.304579552964134e-09
9.772	1.2903276453096122e-08
9.77675	2.593611153481291e-08
9.7815	5.1200088726982706e-08
9.786249999999999	9.926531995974676e-08
9.791	1.8901025350230363e-07
9.79575	3.5345503044381293e-07
9.8005	6.491483447441817e-07
9.80525	1.1708863029696259e-06
9.81	2.074180188924162e-06
9.81475	3.6086039710750816e-06
9.8195	6.165849899651931e-06
9.82425	1.0346838208496799e-05
9.829	1.7052315243853695e-05
9.83375	2.7600695893532377e-05
9.8385	4.387505721974843e-05
9.84325	6.849775602270367e-05
9.847999999999999	0.00010502579492499503
9.85275	0.00015815269429598418
9.8575	0.00023389352394805396
9.86225	0.00033971974080296616
9.866999999999999	0.0004846010552450369
9.87175	0.0006789048505076107
9.8765	0.0009341023231658286
9.88125	0.0012622372061512367
9.886	0.0016751298873494327
9.89075	0.0021833179321059594
9.8955	0.002794772497237182
9.90025	0.003513475459365944
9.905	0.004337988263783138
9.909749999999999	0.005260182421053099
9.9145	0.006264324159540385
9.91925	0.007326703641878627
9.924	0.0084159667649576
9.928749999999999	0.009494243873874524
9.9335	0.010519079536560743
9.93825	0.011446061613639954
9.943	0.01223194175539246
9.94775	0.012837951011149124
9.9525	0.013232960263556765
9.95725	0.01339612795953682
9.962	0.01331872189869355
9.96675	0.01300489346420816
9.971499999999999	0.012471308761068516
9.97625	0.011745682273313794
9.981	0.010864392590128728
9.98575	0.009869465588640058
9.990499999999999	0.008805272651159744
9.99525	0.007715302597141735
