-3.010257864036199862e+03
-3.010129032002566873e+03
-3.010105913015671831e+03
-3.010097207105648522e+03
-3.010072206554409149e+03
-3.010059899212633354e+03
-3.010048907495926414e+03
-3.010041440037434768e+03
-3.010034483394263134e+03
-3.010033189818776464e+03
-3.010031921967802191e+03
-3.010019085436054411e+03
-3.010016046268646733e+03
-3.010002607048319987e+03
-3.009999329010438487e+03
-3.009999082790104694e+03
-3.009993967287043233e+03
-3.009990850946097908e+03
-3.009990516527435375e+03
-3.009979807780365718e+03
-3.009976967059197705e+03
-3.009975214117415817e+03
-3.009973597148057252e+03
-3.009970682928281803e+03
-3.009969852394020563e+03
-3.009967526163102775e+03
-3.009966736053075238e+03
-3.009964810389566537e+03
-3.009964501695416402e+03
-3.009962212213802104e+03
-3.009959540539430236e+03
-3.009957409079821446e+03
-3.009953906871188337e+03
-3.009952400149740697e+03
-3.009948857516873431e+03
-3.009947630090133316e+03
-3.009946531285955643e+03
-3.009946002095983658e+03
-3.009943205473979560e+03
-3.009941632603785365e+03
-3.009939479094594390e+03
-3.009937538731364384e+03
-3.009936083458941994e+03
-3.009935609392925471e+03
-3.009931239900727178e+03
-3.009930284418833708e+03
-3.009927318750033010e+03
-3.009925896551983897e+03
-3.009925558458390697e+03
-3.009923489472597794e+03
-3.009922085649200199e+03
-3.009920799423574408e+03
-3.009917940327753968e+03
-3.009917315589592818e+03
-3.009916455655888512e+03
-3.009915397275944997e+03
-3.009911086582632834e+03
-3.009909363040293556e+03
-3.009907393277620940e+03
-3.009904409234168270e+03
-3.009902917212442389e+03
-3.009901678760910727e+03
-3.009900881301022764e+03
-3.009899822921078794e+03
-3.009899242282082014e+03
-3.009898580794617374e+03
-3.009897555489046681e+03
-3.009895571026652306e+03
-3.009894472222474633e+03
-3.009894178228045803e+03
-3.009893182321918175e+03
-3.009890668669552269e+03
-3.009889841810221242e+03
-3.009887511904372786e+03
-3.009887423706044046e+03
-3.009886541722757556e+03
-3.009885520092117531e+03
-3.009884733657020661e+03
-3.009883329833623065e+03
-3.009881676114961010e+03
-3.009880257591842110e+03
-3.009878563448945897e+03
-3.009877920336132775e+03
-3.009877262523598347e+03
-3.009876865631119472e+03
-3.009875840325549234e+03
-3.009875568380702589e+03
-3.009874057984324736e+03
-3.009873826463711794e+03
-3.009872790133350463e+03
-3.009872338116916126e+03
-3.009871643555077753e+03
-3.009871467158420728e+03
-3.009869964111903300e+03
-3.009869203401318828e+03
-3.009868556613575493e+03
-3.009867145440317472e+03
-3.009866722823325745e+03
-3.009865513771237602e+03
-3.009863885777087944e+03
-3.009863426410792727e+03
