1.518171425975977096e+00
3.438024646807570639e-02
-2.933786546656718883e-02
3.391061564735139977e-02
-2.041136629818002535e-01
7.517653121095500823e-02
1.839638300889235439e-02
4.555330930256518140e-02
4.372131445425725405e-03
6.660228436013611308e-02
-9.470818947341448982e-03
-3.689510350053620130e-02
9.110993817762027321e-04
1.412128675277167424e-03
-8.816132121900197363e-03
-7.109363044681279997e-02
-9.160955973218979503e-03
8.476179041701902006e-02
9.147454666195636852e-02
4.878543874804312092e-02
2.937411734780787011e-03
-1.653239908881129205e-01
-6.992325653842372535e-02
1.508521596859515590e-01
-4.450822797950514109e-02
-1.712477097251975389e-01
9.781573636565539520e-02
1.437441434216460145e-01
1.228422877845160160e-01
-3.602932278597967275e-01
-1.638244551129921373e-02
2.580599793965610098e-03
2.362281633693651128e-02
-1.131892985223490605e-01
1.837636430698559864e-01
5.380378978902566889e-01
5.449314322884294404e-01
-5.502915283051558470e-02
7.520256614854790023e-01
6.186904692705412767e-01
2.451235735463876825e-02
3.681991580795452856e-01
-1.958338876177694587e-01
-2.905385306384929422e-01
3.317176814326904810e-01
-6.888118632490249915e-01
-8.416415518375960914e-02
-1.539182948130078665e-01
1.907273691403573446e-01
1.693469983705431781e-01
-6.105741496792298217e-02
-7.919885720613155655e-01
-1.574562887340658357e-01
-9.617212230889336799e-02
-3.304701780589834326e-01
-1.218573334879227837e-01
-1.422120002458384658e-01
-1.848974265270668382e-01
6.251485361284322417e-01
-7.021616918631005955e-02
1.898418276464583151e-02
2.351036936175294745e-01
5.556642119749743980e-01
1.376710393144228717e-01
-2.934527071516058183e-01
2.645316946099522948e-01
-2.582924109909305599e-02
1.834347844284905105e-01
5.290595648765981235e-02
-2.233791175010981234e-01
3.485446403088105112e-03
-3.303102304698690705e-01
-5.109688529683856784e-01
4.675402453989926932e-02
-2.430364577091989609e-01
6.591223744693174014e-02
2.078409432571498294e-01
-1.642900785978984035e-01
-7.221185765085046393e-01
7.086199277092610771e-01
-9.252194297785483468e-02
2.985865383798483874e-01
-2.561429776635077982e-01
-2.370724466664513030e-02
2.856156286659100041e-01
-1.854845795083847615e-01
2.532867255679719376e-01
-1.544333167451569268e-03
-4.643339419996718453e-02
-8.192200710996191404e-01
-3.729855160189874952e-01
-4.926776226724930430e-01
-6.699765214253098344e-01
2.303794072375250565e-02
-3.636915630069566252e-02
-3.750924854601029798e-03
2.433142189762863700e-02
9.677938494461212071e-02
-7.739093499156679545e-02
5.969644697713726716e-02
1.594775949823722394e-01
