0.5	0.0
0.50475	0.0
0.5095	0.0
0.51425	0.0
0.519	0.0
0.52375	0.0
0.5285	0.0
0.53325	0.0
0.538	0.0
0.54275	0.0
0.5475	0.0
0.55225	0.0
0.5569999999999999	0.0
0.56175	0.0
0.5665	0.0
0.57125	0.0
0.576	0.0
0.58075	0.0
0.5855	0.0
0.5902499999999999	0.0
0.595	0.0
0.59975	0.0
0.6045	0.0
0.60925	0.0
0.614	0.0
0.61875	0.0
0.6234999999999999	0.0
0.62825	0.0
0.633	0.0
0.63775	0.0
0.6425	0.0
0.64725	0.0
0.652	0.0
0.65675	0.0
0.6615	0.0
0.66625	0.0
0.671	0.0
0.67575	0.0
0.6805	0.0
0.68525	0.0
0.69	0.0
0.69475	0.0
0.6995	0.0
0.70425	0.0
0.709	0.0
0.71375	0.0
0.7185	0.0
0.72325	0.0
0.728	0.0
0.73275	0.0
0.7375	0.0
0.74225	0.0
0.747	0.0
0.7517499999999999	0.0
0.7565	0.0
0.76125	0.0
0.766	0.0
0.77075	0.0
0.7755	0.0
0.78025	0.0
0.7849999999999999	0.0
0.78975	0.0
0.7945	0.0
0.79925	0.0
0.804	0.0
0.80875	0.0
0.8135	0.0
0.8182499999999999	0.0
0.823	0.0
0.82775	0.0
0.8325	0.0
0.83725	0.0
0.842	0.0
0.84675	0.0
0.8514999999999999	0.0
0.85625	0.0
0.861	0.0
0.86575	0.0
0.8705	0.0
0.87525	0.0
0.88	0.0
0.8847499999999999	0.0
0.8895	0.0
0.89425	0.0
0.899	0.0
0.90375	0.0
0.9085	0.0
0.91325	0.0
0.9179999999999999	0.0
0.92275	0.0
0.9275	0.0
0.93225	0.0
0.937	0.0
0.94175	0.0
0.9465	0.0
0.9512499999999999	0.0
0.956	0.0
0.96075	0.0
0.9655	0.0
0.9702500000000001	0.0
0.975	0.0
0.97975	0.0
0.9844999999999999	0.0
0.98925	0.0
0.994	0.0
0.99875	0.0
1.0034999999999998	0.0
1.0082499999999999	0.0
1.013	0.0
1.01775	0.0
1.0225	0.0
1.02725	0.0
1.032	0.0
1.03675	0.0
1.0415	0.0
1.0462500000000001	0.0
1.051	0.0
1.05575	0.0
1.0605	0.0
1.06525	0.0
1.0699999999999998	0.0
1.0747499999999999	0.0
1.0795	0.0
1.08425	0.0
1.089	0.0
1.09375	0.0
1.0985	0.0
1.10325	0.0
1.108	0.0
1.1127500000000001	0.0
1.1175	0.0
1.12225	0.0
1.127	0.0
1.13175	0.0
1.1364999999999998	0.0
1.1412499999999999	0.0
1.146	0.0
1.15075	0.0
1.1555	0.0
1.16025	0.0
1.165	0.0
1.16975	0.0
1.1745	0.0
1.1792500000000001	0.0
1.184	0.0
1.18875	0.0
1.1935	0.0
1.19825	0.0
1.2029999999999998	0.0
1.2077499999999999	0.0
1.2125	0.0
1.21725	0.0
1.222	0.0
1.22675	0.0
1.2315	0.0
1.23625	0.0
1.241	0.0
1.2457500000000001	0.0
1.2505	0.0
1.25525	0.0
1.26	0.0
1.2647499999999998	0.0
1.2694999999999999	0.0
1.2742499999999999	0.0
1.279	0.0
1.28375	0.0
1.2885	0.0
1.29325	0.0
1.298	0.0
1.30275	0.0
1.3075	0.0
1.3122500000000001	0.0
1.317	0.0
1.32175	0.0
1.3265	0.0
1.3312499999999998	0.0
1.3359999999999999	0.0
1.3407499999999999	0.0
1.3455	0.0
1.35025	0.0
1.355	0.0
1.35975	0.0
1.3645	0.0
1.36925	0.0
1.374	0.0
1.3787500000000001	0.0
1.3835	0.0
1.38825	0.0
1.393	0.0
1.3977499999999998	0.0
1.4024999999999999	0.0
1.40725	0.0
1.412	0.0
1.41675	0.0
1.4215	0.0
1.42625	0.0
1.431	0.0
1.43575	0.0
1.4405000000000001	0.0
1.44525	0.0
1.45	0.0
1.45475	0.0
1.4595	0.0
1.4642499999999998	0.0
1.4689999999999999	0.0
1.47375	0.0
1.4785	0.0
1.48325	0.0
1.488	0.0
1.49275	0.0
1.4975	0.0
1.50225	0.0
1.507	0.0
1.51175	0.0
1.5165	0.0
1.52125	0.0
1.526	0.0
1.53075	0.0
1.5354999999999999	0.0
1.54025	0.0
1.545	0.0
1.54975	0.0
1.5545	0.0
1.55925	0.0
1.564	0.0
1.5687499999999999	0.0
1.5735	0.0
1.57825	0.0
1.583	0.0
1.58775	0.0
1.5925	0.0
1.59725	0.0
1.6019999999999999	0.0
1.60675	0.0
1.6115	0.0
1.61625	0.0
1.621	0.0
1.62575	0.0
1.6305	0.0
1.6352499999999999	0.0
1.64	0.0
1.64475	0.0
1.6495	0.0
1.65425	0.0
1.659	0.0
1.66375	0.0
1.6684999999999999	0.0
1.67325	0.0
1.678	0.0
1.68275	0.0
1.6875	0.0
1.69225	0.0
1.697	0.0
1.7017499999999999	0.0
1.7065	0.0
1.71125	0.0
1.716	0.0
1.72075	0.0
1.7255	0.0
1.73025	0.0
1.7349999999999999	0.0
1.73975	0.0
1.7445	0.0
1.74925	0.0
1.754	0.0
1.75875	0.0
1.7635	0.0
1.7682499999999999	0.0
1.773	0.0
1.77775	0.0
1.7825	0.0
1.78725	0.0
1.792	0.0
1.79675	0.0
1.8014999999999999	0.0
1.80625	0.0
1.811	0.0
1.81575	0.0
1.8205	0.0
1.82525	0.0
1.83	0.0
1.8347499999999999	0.0
1.8395	0.0
1.84425	0.0
1.849	0.0
1.85375	0.0
1.8585	0.0
1.86325	0.0
1.8679999999999999	0.0
1.87275	0.0
1.8775	0.0
1.88225	0.0
1.887	0.0
1.89175	0.0
1.8965	0.0
1.9012499999999999	0.0
1.906	0.0
1.91075	0.0
1.9155	0.0
1.92025	0.0
1.925	0.0
1.9297499999999999	0.0
1.9344999999999999	0.0
1.93925	0.0
1.944	0.0
1.94875	0.0
1.9535	0.0
1.95825	0.0
1.9629999999999999	0.0
1.9677499999999999	0.0
1.9725	0.0
1.97725	0.0
1.982	0.0
1.98675	0.0
1.9915	0.0
1.9962499999999999	0.0
2.001	0.0
2.00575	0.0
2.0105	0.0
2.01525	0.0
2.02	0.0
2.02475	0.0
2.0294999999999996	0.0
2.03425	0.0
2.0389999999999997	0.0
2.04375	0.0
2.0484999999999998	0.0
2.0532500000000002	0.0
2.058	0.0
2.06275	0.0
2.0675	0.0
2.07225	0.0
2.077	0.0
2.08175	0.0
2.0865	0.0
2.09125	0.0
2.096	0.0
2.1007499999999997	0.0
2.1055	0.0
2.1102499999999997	0.0
2.115	0.0
2.11975	0.0
2.1245000000000003	0.0
2.12925	0.0
2.134	0.0
2.13875	0.0
2.1435	0.0
2.14825	0.0
2.153	0.0
2.15775	0.0
2.1624999999999996	0.0
2.16725	0.0
2.1719999999999997	0.0
2.17675	0.0
2.1814999999999998	0.0
2.1862500000000002	0.0
2.191	0.0
2.19575	0.0
2.2005	0.0
2.20525	0.0
2.21	0.0
2.21475	0.0
2.2195	0.0
2.22425	0.0
2.229	0.0
2.2337499999999997	0.0
2.2385	0.0
2.2432499999999997	0.0
2.248	0.0
2.25275	0.0
2.2575000000000003	0.0
2.26225	0.0
2.267	0.0
2.27175	0.0
2.2765	0.0
2.28125	0.0
2.286	0.0
2.29075	0.0
2.2954999999999997	0.0
2.30025	0.0
2.3049999999999997	0.0
2.30975	0.0
2.3145	0.0
2.3192500000000003	0.0
2.324	0.0
2.32875	0.0
2.3335	0.0
2.33825	0.0
2.343	0.0
2.34775	0.0
2.3525	0.0
2.3572499999999996	0.0
2.362	0.0
2.3667499999999997	0.0
2.3715	0.0
2.3762499999999998	0.0
2.3810000000000002	0.0
2.38575	0.0
2.3905	0.0
2.39525	0.0
2.4	0.0
2.40475	0.0
2.4095	0.0
2.41425	0.0
2.419	0.0
2.42375	0.0
2.4284999999999997	0.0
2.43325	0.0
2.4379999999999997	0.0
2.44275	0.0
2.4475	0.0
2.4522500000000003	0.0
2.457	0.0
2.46175	0.0
2.4665	0.0
2.47125	0.0
2.476	0.0
2.48075	0.0
2.4855	0.0
2.4902499999999996	0.0
2.495	0.0
2.4997499999999997	0.0
2.5045	0.0
2.5092499999999998	0.0
2.514	0.0
2.51875	0.0
2.5235	0.0
2.52825	0.0
2.533	0.0
2.53775	0.0
2.5425	0.0
2.54725	0.0
2.552	0.0
2.55675	0.0
2.5615	0.0
2.56625	0.0
2.5709999999999997	0.0
2.5757499999999998	0.0
2.5805	0.0
2.58525	0.0
2.59	0.0
2.59475	0.0
2.5995	0.0
2.60425	0.0
2.609	0.0
2.61375	0.0
2.6185	0.0
2.62325	0.0
2.628	0.0
2.63275	0.0
2.6374999999999997	0.0
2.6422499999999998	0.0
2.647	0.0
2.65175	0.0
2.6565	0.0
2.66125	0.0
2.666	0.0
2.67075	0.0
2.6755	0.0
2.68025	0.0
2.685	0.0
2.68975	0.0
2.6945	0.0
2.69925	0.0
2.7039999999999997	0.0
2.7087499999999998	0.0
2.7135	0.0
2.71825	0.0
2.723	0.0
2.72775	0.0
2.7325	0.0
2.73725	0.0
2.742	0.0
2.74675	0.0
2.7515	0.0
2.75625	0.0
2.761	0.0
2.76575	0.0
2.7704999999999997	0.0
2.7752499999999998	0.0
2.78	0.0
2.78475	0.0
2.7895	0.0
2.79425	0.0
2.799	0.0
2.80375	0.0
2.8085	0.0
2.81325	0.0
2.818	0.0
2.82275	0.0
2.8275	0.0
2.83225	0.0
2.8369999999999997	0.0
2.8417499999999998	0.0
2.8465	0.0
2.85125	0.0
2.856	0.0
2.86075	0.0
2.8655	0.0
2.87025	0.0
2.875	0.0
2.87975	0.0
2.8845	0.0
2.88925	0.0
2.894	0.0
2.89875	0.0
2.9034999999999997	0.0
2.90825	0.0
2.913	0.0
2.91775	0.0
2.9225	0.0
2.92725	0.0
2.932	0.0
2.93675	0.0
2.9415	0.0
2.94625	0.0
2.951	0.0
2.95575	0.0
2.9605	0.0
2.9652499999999997	0.0
2.9699999999999998	0.0
2.97475	0.0
2.9795	0.0
2.98425	0.0
2.989	0.0
2.99375	0.0
2.9985	0.0
3.00325	0.0
3.008	0.0
3.01275	0.0
3.0175	0.0
3.02225	0.0
3.027	0.0
3.0317499999999997	4e-323
3.0364999999999998	7.016e-321
3.04125	1.20098e-318
3.046	2.01966783e-316
3.05075	3.33568435e-314
3.0555	5.41066861989e-312
3.06025	8.6194173437823e-310
3.065	1.3485463167575792e-307
3.06975	2.072119556802779e-305
3.0745	3.1269773588146514e-303
3.07925	4.634422760131167e-301
3.084	6.745708102096549e-299
3.08875	9.643183377002726e-297
3.0935	1.3538616641046093e-294
3.0982499999999997	1.8667628134825244e-292
3.1029999999999998	2.5279296029975417e-290
3.10775	3.362031629867718e-288
3.1125	4.391365633706171e-286
3.11725	5.633241723438049e-284
3.122	7.097054827987441e-282
3.12675	8.781302094981469e-280
3.1315	1.0670890424530626e-277
3.13625	1.2735130134961478e-275
3.141	1.4926813225972577e-273
3.14575	1.7182715316546957e-271
3.1505	1.9425735693984007e-269
3.15525	2.156870848555554e-267
3.16	2.3519700688599337e-265
3.1647499999999997	2.518839093362872e-263
3.1694999999999998	2.6492933184558008e-261
3.17425	2.736658761459839e-259
3.179	2.7763373531693565e-257
3.18375	2.766207847668821e-255
3.1885	2.706813704091562e-253
3.19325	2.601314781004698e-251
3.198	2.455208818854128e-249
3.20275	2.2758568759037895e-247
3.2075	2.0718697164300594e-245
3.21225	1.8524262350543965e-243
3.217	1.6265985775760163e-241
3.22175	1.4027518104413102e-239
3.2265	1.1880706635773445e-237
3.2312499999999997	9.882451488054687e-236
3.2359999999999998	8.073244299956321e-234
3.24075	6.477277189961386e-232
3.2455	5.103849451043288e-230
3.25025	3.949700934850477e-228
3.255	3.0018677472550717e-226
3.25975	2.240680224398136e-224
3.2645	1.6425900673302178e-222
3.26925	1.1826043933596542e-220
3.274	8.362011652203077e-219
3.27875	5.806882432820864e-217
3.2835	3.960374749211285e-215
3.28825	2.6527145347428078e-213
3.293	1.7450414037530207e-211
3.2977499999999997	1.1274101464181291e-209
3.3024999999999998	7.153508985125483e-208
3.30725	4.4577663289888105e-206
3.312	2.7282015834929127e-204
3.31675	1.6398215837232473e-202
3.3215	9.680052767981044e-201
3.32625	5.612028084106771e-199
3.331	3.195383080158278e-197
3.33575	1.786845535483091e-195
3.3405	9.813232220805805e-194
3.34525	5.292954071193144e-192
3.35	2.8037879145956244e-190
3.35475	1.4586569915631358e-188
3.3594999999999997	7.452846579300668e-187
3.3642499999999997	3.739832650637367e-185
3.3689999999999998	1.84307556442133e-183
3.37375	8.920621201799102e-182
3.3785	4.24041185286547e-180
3.38325	1.9796206068575584e-178
3.388	9.076467913774921e-177
3.39275	4.087076550570256e-175
3.3975	1.807463983440148e-173
3.40225	7.850322829171961e-172
3.407	3.3486238476611394e-170
3.41175	1.4028337299235213e-168
3.4165	5.771743439160583e-167
3.42125	2.332216270933876e-165
3.4259999999999997	9.25532361326629e-164
3.4307499999999997	3.607242845200425e-162
3.4354999999999998	1.3807661686166477e-160
3.44025	5.190699397458813e-159
3.445	1.9164284295188526e-157
3.44975	6.948968058626421e-156
3.4545	2.4746228035277813e-154
3.45925	8.654832961574187e-153
3.464	2.9728250702383806e-151
3.46875	1.00286160341374e-149
3.4735	3.32256615901523e-148
3.47825	1.08110345576575e-146
3.483	3.454791627028946e-145
3.48775	1.0842700101521878e-143
3.4924999999999997	3.342058270581346e-142
3.4972499999999997	1.011699590913793e-140
3.502	3.0078080379501515e-139
3.50675	8.782327765696342e-138
3.5115	2.518431552368194e-136
3.51625	7.092700913535558e-135
3.521	1.9617972726449464e-133
3.52575	5.329145657455608e-132
3.5305	1.4217460798557366e-130
3.53525	3.7251818034655954e-129
3.54	9.585922001034521e-128
3.54475	2.42259766063521e-126
3.5495	6.012978911883534e-125
3.55425	1.465747130230873e-123
3.5589999999999997	3.5090488083553486e-122
3.5637499999999998	8.250509144997701e-121
3.5685	1.9051671109208228e-119
3.57325	4.320623126093314e-118
3.578	9.623225899084196e-117
3.58275	2.1050187090894003e-115
3.5875	4.522225599947905e-114
3.59225	9.541342215717531e-113
3.597	1.9770957659429895e-111
3.60175	4.023527035794253e-110
3.6065	8.041686276312174e-109
3.61125	1.5785135468321074e-107
3.616	3.0430597869017033e-106
3.62075	5.761474462847439e-105
3.6254999999999997	1.0713164711586996e-103
3.6302499999999998	1.9564236655743327e-102
3.635	3.508884052293455e-101
3.63975	6.180677912992354e-100
3.6445	1.0692129040835633e-98
3.64925	1.8165746750367248e-97
3.654	3.0311212122976973e-96
3.65875	4.967230767298822e-95
3.6635	7.994408838476825e-94
3.66825	1.2636283380823757e-92
3.673	1.9616130572504647e-91
3.67775	2.9906687666608554e-90
3.6825	4.478001876289692e-89
3.68725	6.585082372207212e-88
3.6919999999999997	9.510407746496824e-87
3.6967499999999998	1.3489568164710724e-85
3.7015	1.8791348264249094e-84
3.70625	2.5708623290271727e-83
3.711	3.4543050241020994e-82
3.71575	4.55830659234017e-81
3.7205	5.907549446884192e-80
3.72525	7.519209458510486e-79
3.73	9.3993535369263e-78
3.73475	1.1539441017895963e-76
3.7395	1.39133766772545e-75
3.74425	1.647560225253896e-74
3.749	1.9160685360183883e-73
3.7537499999999997	2.1884758798654422e-72
3.7584999999999997	2.4548981246187253e-71
3.7632499999999998	2.704494910032354e-70
3.768	2.926171979823657e-69
3.77275	3.1093850835274155e-68
3.7775	3.244966061218854e-67
3.78225	3.325881654857635e-66
3.787	3.347837802347658e-65
3.79175	3.3096571776792195e-64
3.7965	3.21338378106572e-63
3.80125	3.0641016482330637e-62
3.806	2.8694900565642184e-61
3.81075	2.639169383923066e-60
3.8155	2.3839151267091246e-59
3.8202499999999997	2.1148292034396872e-58
3.8249999999999997	1.8425564113726322e-57
3.8297499999999998	1.5766208723211305e-56
3.8345	1.3249354951936845e-55
3.83925	1.0935110676447536e-54
3.844	8.863650343206127e-54
3.84875	7.056072470345986e-53
3.8535	5.5166373359706504e-52
3.85825	4.235910941853802e-51
3.863	3.194333025772566e-50
3.86775	2.3657810412331214e-49
3.8725	1.72079797883697e-48
3.87725	1.2292669688294883e-47
3.882	8.624293369853239e-47
3.8867499999999997	5.942399086401957e-46
3.8914999999999997	4.021250184450074e-45
3.8962499999999998	2.6725224184373527e-44
3.901	1.7443860491564388e-43
3.90575	1.1182137727836162e-42
3.9105	7.039925350262538e-42
3.91525	4.352835507128103e-41
3.92	2.6432451359996517e-40
3.92475	1.5763897867535022e-39
3.9295	9.23316863937908e-39
3.93425	5.311276460898466e-38
3.939	3.0005994983504546e-37
3.94375	1.6648616193777786e-36
3.9485	9.072129381325606e-36
3.9532499999999997	4.855135037664158e-35
3.9579999999999997	2.55184549899941e-34
3.9627499999999998	1.3172506578402662e-33
3.9675	6.677954509551745e-33
3.97225	3.324906776318653e-32
3.977	1.6258350220487675e-31
3.98175	7.8079039185643035e-31
3.9865	3.682590521288251e-30
3.99125	1.7058207232630016e-29
3.996	7.760225224387911e-29
4.00075	3.4671788943208042e-28
4.0055	1.5213851024723994e-27
4.01025	6.556363938024923e-27
4.015000000000001	2.77490379617751e-26
4.01975	1.1534367748536242e-25
4.0245	4.7086958757485e-25
4.029249999999999	1.887854298923141e-24
4.034	7.43356750759002e-24
4.03875	2.87466400493507e-23
4.0435	1.0917868943422497e-22
4.0482499999999995	4.0723926710137394e-22
4.053	1.4918405313303633e-21
4.05775	5.367303353496797e-21
4.0625	1.896491349025028e-20
4.06725	6.581222514707871e-20
4.072	2.2429689841377013e-19
4.0767500000000005	7.507596897822554e-19
4.0815	2.4679684802815086e-18
4.08625	7.967815258630515e-18
4.090999999999999	2.5263870575064762e-17
4.09575	7.867223789906731e-17
4.1005	2.4060469921897795e-16
4.10525	7.226827539182911e-16
4.109999999999999	2.1318284860386037e-15
4.11475	6.176149725941214e-15
4.1195	1.757293713105258e-14
4.12425	4.910569695264552e-14
4.129	1.34766015427175e-13
4.13375	3.6323683357697237e-13
4.1385000000000005	9.615245095145294e-13
4.14325	2.49972262729404e-12
4.148	6.3824036664816565e-12
4.152749999999999	1.6004337458161414e-11
4.1575	3.941414557579931e-11
4.16225	9.532954433617728e-11
4.167	2.2644560841489562e-10
4.171749999999999	5.282764766275444e-10
4.1765	1.2103741148588043e-09
4.18125	2.723572663439397e-09
4.186	6.018929969876016e-09
4.1907499999999995	1.3063531559304588e-08
4.1955	2.7846004682784303e-08
4.2002500000000005	5.8294310448211314e-08
4.205	1.1985342018115342e-07
4.20975	2.420113189671087e-07
4.214499999999999	4.799344334795785e-07
4.21925	9.347363376041182e-07
4.224	1.7879580574464368e-06
4.22875	3.3588183100269908e-06
4.233499999999999	6.196931304727675e-06
4.23825	1.1228657532869158e-05
4.243	1.9982046964975806e-05
4.24775	3.4923125050334194e-05
4.2524999999999995	5.994420534512214e-05
4.25725	0.00010105139195540134
4.2620000000000005	0.00016730093866929821
4.26675	0.0002720291470078686
4.2715	0.00043440367071826026
4.27625	0.0006812907894943339
4.281	0.0010493793977722555
4.28575	0.0015874261637668149
4.2905	0.0023583894265549574
4.295249999999999	0.0034411094698427566
4.3	0.004931084480824708
4.30475	0.00693980682897725
4.3095	0.009592091335120888
4.3142499999999995	0.013020876313370969
4.319	0.01735913602224708
4.32375	0.022728824930869584
4.3285	0.029227175365856096
4.33325	0.036911159828162024
4.338	0.045781447822973116
4.3427500000000006	0.0557676493043638
4.3475	0.06671694306901908
4.35225	0.07838824184876543
4.356999999999999	0.09045377436265786
4.36175	0.10250934238966058
4.3665	0.11409357439092185
4.37125	0.12471534989406267
4.3759999999999994	0.1338873720838382
4.38075	0.1411628148830952
4.3855	0.14617125879058415
4.39025	0.1486499093600743
4.395	0.14846644003764048
4.39975	0.14563069628716113
4.4045000000000005	0.1402938202832913
4.40925	0.1327349044709912
4.414	0.12333681418456156
4.418749999999999	0.11255409378100495
4.4235	0.1008766960357049
4.42825	0.08879354355936153
4.433	0.07675963681479238
4.437749999999999	0.06516965455727369
4.4425	0.05433990956156507
4.44725	0.04449932140321345
4.452	0.035788941165363936
4.4567499999999995	0.028268664782453726
4.4615	0.021929196878021362
4.4662500000000005	0.016707102688458826
4.471	0.012500878723155742
4.47575	0.00918630639299116
4.480499999999999	0.006629828520531047
4.48525	0.00469920779235025
4.49	0.003271206704729129
4.49475	0.0022364145579370116
4.499499999999999	0.0015016116125180787
4.50425	0.0009902022534450247
4.509	0.0006412851556910978
4.51375	0.0004078866098207633
4.5184999999999995	0.00025479370523715905
4.52325	0.00015631437732974873
4.528	9.418248392257928e-05
4.53275	5.5731706316580824e-05
4.5375	3.2388849705410514e-05
4.54225	1.848628708665657e-05
4.547	1.0362507235210726e-05
4.55175	5.704807375969319e-06
4.5565	3.0844526502179067e-06
4.56125	1.6378578822146313e-06
4.566	8.54152285077366e-07
4.57075	4.37477159533443e-07
4.5755	2.2005763683509762e-07
4.5802499999999995	1.087122515637802e-07
4.585	5.2745027243876474e-08
4.5897499999999996	2.5133069718934957e-08
4.5945	1.1761711853541855e-08
4.59925	5.405757004680144e-09
4.604	2.440076759579052e-09
4.60875	1.0817114877151398e-09
4.6135	4.709560495646611e-10
4.61825	2.0137720207570058e-10
4.623	8.45670555642188e-11
4.62775	3.48781227250537e-11
4.6325	1.4127521531942526e-11
4.63725	5.620045593731676e-12
4.6419999999999995	2.195708506911984e-12
4.64675	8.425011739335284e-13
4.6514999999999995	3.1748801056461886e-13
4.65625	1.1750196485544998e-13
4.661	4.270944352500499e-14
4.66575	1.5246272632207657e-14
4.6705	5.345205846015022e-15
4.67525	1.8404591078230753e-15
4.68	6.223703506509988e-16
4.68475	2.0669625213155452e-16
4.6895	6.741822180710969e-17
4.69425	2.1596479916923876e-17
4.699	6.794376838724423e-18
4.70375	2.0993133909994954e-18
4.7085	6.370388314362625e-19
4.7132499999999995	1.8985215042509752e-19
4.718	5.556817323801058e-20
4.72275	1.597341237667013e-20
4.7275	4.5095195305022135e-21
4.73225	1.2503276207623793e-21
4.737	3.404696175106501e-22
4.74175	9.105292151279885e-23
4.7465	2.3915000369068885e-23
4.75125	6.168902174855062e-24
4.756	1.562810640150585e-24
4.76075	3.8883542088931237e-25
4.7655	9.501370758374363e-26
4.77025	2.280172455659263e-26
4.7749999999999995	5.374154028322795e-27
4.77975	1.2439803166298335e-27
4.7844999999999995	2.8279901486984818e-28
4.78925	6.313980852187912e-29
4.794	1.3844893309543925e-29
4.79875	2.9815146718426967e-30
4.8035	6.305873770280279e-31
4.80825	1.3098289334364898e-31
4.813	2.6720517861139977e-32
4.81775	5.3534795330463745e-33
4.8225	1.0533880981685018e-33
4.82725	2.035643168964121e-34
4.832	3.8634552111208734e-35
4.83675	7.201303191716789e-36
4.8415	1.3182788819412537e-36
4.8462499999999995	2.3700880384622415e-37
4.851	4.184876504732126e-38
4.85575	7.257078137843389e-39
4.8605	1.2359529444475666e-39
4.86525	2.0672978756860708e-40
4.87	3.395980320286035e-41
4.87475	5.478835434687604e-42
4.8795	8.681051478846638e-43
4.88425	1.3508819283997484e-43
4.889	2.0645406423568408e-44
4.89375	3.098778016150273e-45
4.8985	4.5679199057554864e-46
4.90325	6.613136379555328e-47
4.9079999999999995	9.402805709014159e-48
4.91275	1.3130111987577062e-48
4.9174999999999995	1.800695929023704e-49
4.92225	2.4253438555284457e-50
4.927	3.208242902515387e-51
4.93175	4.167947037231719e-52
4.9365	5.317910697566017e-53
4.94125	6.666843824489112e-54
4.946	8.466209152577909e-55
4.95075	3.187221748906172e-55
4.9555	1.7958714205915763e-54
4.96025	1.4236495005995357e-53
4.965	1.1154842445433273e-52
4.9697499999999994	8.584705789003655e-52
4.9745	6.488569628136498e-51
4.9792499999999995	4.816521643657406e-50
4.984	3.511389836276881e-49
4.98875	2.514117458566867e-48
4.9935	1.7678811478118997e-47
4.99825	1.2209040939051122e-46
5.003	8.280775677554822e-46
5.00775	5.515964653299803e-45
5.0125	3.608551549072657e-44
5.01725	2.3184905893246554e-43
5.022	1.4629812018280643e-42
5.02675	9.066363738648709e-42
5.0315	5.518086655949844e-41
5.03625	3.298411823131377e-40
5.0409999999999995	1.9363427121272672e-39
5.04575	1.1164018735899063e-38
5.0504999999999995	6.321496075305112e-38
5.05525	3.5154439115941065e-37
5.06	1.9200010154752006e-36
5.06475	1.0298731321023714e-35
5.0695	5.425340280300982e-35
5.07425	2.8069276689355596e-34
5.079	1.4262525868727692e-33
5.08375	7.117420966159362e-33
5.0885	3.488268017438927e-32
5.09325	1.6790283281044997e-31
5.098	7.93719747385796e-31
5.1027499999999995	3.6849986414412866e-30
5.1075	1.6802289501392347e-29
5.1122499999999995	7.524204298452838e-29
5.117	3.309128861723389e-28
5.12175	1.4293143846241458e-27
5.1265	6.063213123634521e-27
5.13125	2.5260322346538115e-26
5.136	1.0335605564602064e-25
5.14075	4.153306200971449e-25
5.1455	1.6391283374833582e-24
5.15025	6.3532062008886924e-24
5.155	2.4184322653651315e-23
5.15975	9.041404306784964e-23
5.1645	3.3196999854488557e-22
5.16925	1.1970788770541808e-21
5.1739999999999995	4.2394320933364584e-21
5.17875	1.474529899853083e-20
5.1834999999999996	5.0368668248138623e-20
5.18825	1.6897728878795351e-19
5.193	5.567461104939477e-19
5.19775	1.801552946564441e-18
5.2025	5.725294796998932e-18
5.20725	1.7869387281602608e-17
5.212	5.477500852072593e-17
5.21675	1.6489831992074392e-16
5.2215	4.875408301283739e-16
5.22625	1.4156853527337274e-15
5.231	4.0372297933359275e-15
5.2357499999999995	1.1307359105901364e-14
5.2405	3.1102828451959444e-14
5.2452499999999995	8.402326813209457e-14
5.25	2.2292575126680246e-13
5.25475	5.808739397024684e-13
5.2595	1.4864986913156768e-12
5.26425	3.73601106869842e-12
5.269	9.221737631298493e-12
5.27375	2.2355189423435777e-11
5.2785	5.322368388425251e-11
5.28325	1.2444930983486313e-10
5.288	2.8578605832449757e-10
5.29275	6.445410306250446e-10
5.2975	1.427647813209018e-09
5.30225	3.1056505305766164e-09
5.3069999999999995	6.635063273715961e-09
5.31175	1.392190089447098e-08
5.3165	2.8688840204387083e-08
5.32125	5.806152383357496e-08
5.326	1.1540506040323472e-07
5.33075	2.2527980425974577e-07
5.3355	4.318974622179805e-07
5.34025	8.132049787018855e-07
5.345	1.5037664463103782e-06
5.34975	2.7310002256357644e-06
5.3545	4.871066588424628e-06
5.35925	8.532717780447801e-06
5.364	1.4679514128304977e-05
5.3687499999999995	2.4802586078955922e-05
5.3735	4.1156954854894944e-05
5.3782499999999995	6.707342568773617e-05
5.383	0.00010735412240363096
5.38775	0.0001687516192246115
5.3925	0.0002605182522901318
5.39725	0.0003949929533460423
5.402	0.0005881681786478079
5.40675	0.0008601509740934892
5.4115	0.0012354035108264418
5.41625	0.001742625085455698
5.421	0.0024141267949484993
5.42575	0.0032845598204181
5.430499999999999	0.004388895698513055
5.43525	0.005759626599493324
5.4399999999999995	0.007423255043772246
5.44475	0.009396268535249754
5.4495	0.011680930567828983
5.45425	0.01426134379941894
5.459	0.017100328025965363
5.46375	0.020137679176751654
5.4685	0.023290315866557262
5.47325	0.02645466851493595
5.478	0.029511430005874643
5.48275	0.03233249126448332
5.4875	0.03478957058848989
5.49225	0.036763762528627335
5.497	0.03815503187424424
5.5017499999999995	0.03889060272041219
5.5065	0.03893126464240906
5.5112499999999995	0.03827483559337856
5.516	0.03695635589986218
5.52075	0.03504498935253751
5.5255	0.032638012807836146
5.53025	0.02985262113286215
5.535	0.026816507412593327
5.53975	0.023658267857537135
5.5445	0.020498621626039912
5.54925	0.01744324811263048
5.554	0.014577768257848863
5.55875	0.011965082855151953
5.5634999999999994	0.009644980707820232
5.56825	0.007635684947172018
5.5729999999999995	0.005936843804578646
5.57775	0.004533401977839221
5.5825	0.003399803535002251
5.58725	0.0025040580756745825
5.592	0.001811323232993067
5.59675	0.0012867924461805267
5.6015	0.0008978050265843972
5.60625	0.0006152003118574894
5.611	0.00041401115798298145
5.61575	0.00027363303628417696
5.6205	0.00017761760006477012
5.62525	0.00011323076733806136
5.63	7.089308698962308e-05
5.6347499999999995	4.3591750559926246e-05
5.6395	2.632483855168652e-05
5.6442499999999995	1.5613062835464575e-05
5.649	9.094346212523808e-06
5.65375	5.202544980105399e-06
5.6585	2.9229486695971826e-06
5.66325	1.6128260085724324e-06
5.668	8.740068420819602e-07
5.67275	4.6516082411036145e-07
5.6775	2.4313776189840705e-07
5.68225	1.248138221355773e-07
5.687	6.292655194297885e-08
5.69175	3.1157756033932466e-08
5.6964999999999995	1.5151631320723477e-08
5.70125	7.236250634495567e-09
5.7059999999999995	3.394132495121331e-09
5.71075	1.5635254949175265e-09
5.7155	7.073626547258355e-10
5.72025	3.142970265074435e-10
5.725	1.3715113364442293e-10
5.72975	5.877863761796495e-11
5.7345	2.474005235266248e-11
5.73925	1.022686910804416e-11
5.744	4.151889297582521e-12
5.74875	1.6554261747410522e-12
5.7535	6.48238550475944e-13
5.75825	2.492991951434056e-13
5.763	9.416031064435987e-14
5.7677499999999995	3.4928173321926105e-14
5.7725	1.2724620795836515e-14
5.7772499999999996	4.552760544475304e-15
5.782	1.5998002249730139e-15
5.78675	5.520999181514654e-16
5.7915	1.8712447573273688e-16
5.79625	6.228801558274105e-17
5.801	2.036288825777435e-17
5.80575	6.537854418265031e-18
5.8105	2.0615415764947264e-18
5.81525	6.384250729418308e-19
5.82	1.9417296228325204e-19
5.82475	5.80000759496687e-20
5.8294999999999995	1.7014898115673623e-20
5.83425	4.902201157288784e-21
5.8389999999999995	1.3871195349936674e-21
5.84375	3.854762562447608e-22
5.8485	1.0520644882101944e-22
5.85325	2.8199932913990045e-23
5.858	7.423603595122747e-24
5.86275	1.9192982011849006e-24
5.8675	4.873389505380002e-25
5.87225	1.2152923826499958e-25
5.877	2.976400799020434e-26
5.88175	7.159175910050521e-27
5.8865	1.6912026075839524e-27
5.891249999999999	3.923640692938051e-28
5.896	8.940129405555427e-29
5.9007499999999995	2.0005958555737217e-29
5.9055	4.396791880714787e-30
5.91025	9.490157889683068e-31
5.915	2.011740464164551e-31
5.91975	4.1882389320016836e-32
5.9245	8.563512424455859e-33
5.92925	1.719623610805368e-33
5.934	3.3913752884988128e-34
5.93875	6.568697885690024e-35
5.9435	1.2495214299163272e-35
5.94825	2.334366889448361e-36
5.953	4.283073279733217e-37
5.95775	7.717966332660308e-38
5.9624999999999995	1.3658758905683284e-38
5.96725	2.3739992824063856e-39
5.9719999999999995	4.052386986598611e-40
5.97675	6.793635241054057e-41
5.9815	1.118547736312049e-41
5.98625	1.808705277281057e-42
5.991	2.8723811819287266e-43
5.99575	4.479992887820853e-44
6.0005	6.862361001773538e-45
6.00525	1.0323590795900925e-45
6.01	1.525277933415924e-46
6.01475	2.2132383015853446e-47
6.0195	3.1540483900519575e-48
6.024249999999999	4.414377925297447e-49
6.029	6.067805556262586e-50
6.0337499999999995	8.191336815199393e-51
6.0385	1.0860226849658081e-51
6.04325	1.4141126088883119e-52
6.048	1.808381589485468e-53
6.05275	2.2712092271087716e-54
6.0575	2.8014649640912978e-55
6.06225	3.3937061194841255e-56
6.067	4.037608930229551e-57
6.07175	4.717753631609397e-58
6.0765	5.413862825077014e-59
6.08125	6.101550668291362e-60
6.086	6.753582060694655e-61
6.09075	7.341573058256441e-62
6.0954999999999995	7.8379962847529e-63
6.10025	8.218299537633057e-64
6.1049999999999995	8.462912756000055e-65
6.10975	8.558915641672966e-66
6.1145	8.501168271426402e-67
6.11925	8.292767013708117e-68
6.124	7.944769469225407e-69
6.12875	7.475222440279133e-70
6.1335	6.907611846521653e-71
6.13825	6.268919822680198e-72
6.143	5.587512268898009e-73
6.14775	4.8910854325756226e-74
6.1525	4.2048740548881735e-75
6.1572499999999994	3.550272761267217e-76
6.162	2.9439568024828503e-77
6.1667499999999995	2.3975194028257264e-78
6.1715	1.9175814176626836e-79
6.17625	1.5062826685290991e-80
6.181	1.1620374649198521e-81
6.18575	8.804298654261285e-83
6.1905	6.551343732767092e-84
6.19525	4.787700682490024e-85
6.2	3.436248639720456e-86
6.20475	2.4221618252784086e-87
6.2095	1.67680559294063e-88
6.21425	1.1400483156049794e-89
6.218999999999999	7.612455821519121e-91
6.22375	4.992146225473921e-92
6.2284999999999995	3.2152207427415754e-93
6.23325	2.033739280207236e-94
6.2379999999999995	1.2633996236331398e-95
6.24275	7.708097406750781e-97
6.2475	4.6186455012711913e-98
6.25225	2.7179599310754076e-99
6.257	1.5708418196993714e-100
6.26175	8.916262464304545e-102
6.2665	4.970432932823098e-103
6.27125	2.7212383121524342e-104
6.276	1.4631872898633203e-105
6.28075	7.72670350956434e-107
6.2855	4.0072788121547555e-108
6.2902499999999995	2.0411073995749736e-109
6.295	1.0210408993329992e-110
6.2997499999999995	5.016275783000554e-112
6.3045	2.420363838789726e-113
6.30925	1.1469405070223594e-114
6.314	5.337797712181376e-116
6.31875	2.4397443212737664e-117
6.3235	1.095185045642285e-118
6.32825	4.8282714532318406e-120
6.333	2.09053208443069e-121
6.33775	8.889615568172471e-123
6.3425	3.7125311638971763e-124
6.34725	1.522713577274628e-125
6.351999999999999	6.133767597570235e-127
6.35675	2.4265955587196875e-128
6.3614999999999995	9.428193005394273e-130
6.36625	3.597663292750299e-131
6.3709999999999996	1.3482596900787928e-132
6.37575	4.962352032051679e-134
6.3805	1.793752727970254e-135
6.38525	6.367934147515221e-137
6.39	2.22021758052342e-138
6.39475	7.602448650947909e-140
6.3995	2.5566568301596158e-141
6.40425	8.444080516542912e-143
6.409	2.7390078554896765e-144
6.41375	8.725597475212547e-146
6.4185	2.729971138799582e-147
6.4232499999999995	8.388453888817212e-149
6.428	2.5314349509736184e-150
6.4327499999999995	7.50261406820782e-152
6.4375	2.1838330119658067e-153
6.44225	6.242912256160783e-155
6.447	1.7527340344727735e-156
6.45175	4.8328775688262565e-158
6.4565	1.3087495681104868e-159
6.46125	3.4807136311635755e-161
6.466	9.091614681812331e-163
6.47075	2.3322480206496803e-164
6.4755	5.875832805779638e-166
6.48025	1.4538684451853485e-167
6.484999999999999	3.5329848602972944e-169
6.48975	8.431783109242349e-171
6.4944999999999995	1.9763236217877548e-172
6.49925	4.549437268729396e-174
6.504	1.028533129542285e-175
6.50875	2.2837043217660667e-177
6.5135	4.9799209284163554e-179
6.51825	1.0665126350569292e-180
6.523	2.2432131770583782e-182
6.52775	4.6337870820541814e-184
6.5325	9.400751792849335e-186
6.53725	1.873053069532856e-187
6.542	3.665207473034592e-189
6.54675	7.043816424315642e-191
6.5515	1.3294698078018071e-192
6.5562499999999995	2.464392700051291e-194
6.561	4.486444844317296e-196
6.5657499999999995	8.021502752661668e-198
6.5705	1.4085430509375472e-199
6.57525	2.4291005843769293e-201
6.58	4.114166429922766e-203
6.58475	6.843514605812968e-205
6.5895	1.1179889868468067e-206
6.59425	1.7937290300800096e-208
6.599	2.8264228341101958e-210
6.60375	4.3739963242284934e-212
6.6085	6.647841848090835e-214
6.61325	9.923021423084117e-216
6.617999999999999	1.454682329952386e-217
6.62275	2.0943698757715053e-219
6.6274999999999995	2.961417144601166e-221
6.63225	4.112508178655067e-223
6.637	5.608864489781362e-225
6.64175	7.512839399390541e-227
6.6465	9.883124065939945e-229
6.65125	1.2768661502509244e-230
6.656	1.620158431633203e-232
6.66075	2.0189733260040116e-234
6.6655	2.470954007054099e-236
6.67025	2.9700224144250076e-238
6.675	3.5060312008044234e-240
6.679749999999999	4.064740371488998e-242
6.6845	4.628186273176319e-244
6.6892499999999995	5.175470452337498e-246
6.694	5.683944407549319e-248
6.6987499999999995	6.130710297961904e-250
6.7035	6.494306056228748e-252
6.70825	6.7564052957488364e-254
6.713	6.903345668802337e-256
6.71775	6.92730853941078e-258
6.7225	6.827008241310329e-260
6.72725	6.607806357839475e-262
6.732	6.2812368867521165e-264
6.73675	5.864000814978814e-266
6.7415	5.376552070060735e-268
6.74625	4.841441347863408e-270
6.7509999999999994	4.2816038106997534e-272
6.75575	3.7187695502817067e-274
6.7604999999999995	3.1721450580284473e-276
6.76525	2.6574664845090025e-278
6.77	2.1864700749140157e-280
6.77475	1.7667710083370858e-282
6.7795	1.4020967256970306e-284
6.78425	1.092789895592415e-286
6.789	8.364815202367323e-289
6.79375	6.288354485227921e-291
6.7985	4.642785987546319e-293
6.80325	3.3665207760418535e-295
6.808	2.3974243806966325e-297
6.812749999999999	1.6767546552859798e-299
6.8175	1.1517417460386318e-301
6.8222499999999995	7.769654032593505e-304
6.827	5.1476526946483894e-306
6.8317499999999995	3.349483012546174e-308
6.8365	2.1404609334476e-310
6.84125	1.34337671564e-312
6.846	8.28036178e-315
6.85075	5.0125855e-317
6.8555	2.9801e-319
6.86025	1.74e-321
6.865	1e-323
6.86975	0.0
6.8745	0.0
6.87925	0.0
6.8839999999999995	0.0
6.88875	0.0
6.8934999999999995	0.0
6.89825	0.0
6.903	0.0
6.90775	0.0
6.9125	0.0
6.91725	0.0
6.922	0.0
6.92675	0.0
6.9315	0.0
6.93625	0.0
6.941	0.0
6.945749999999999	0.0
6.9505	0.0
6.9552499999999995	0.0
6.96	0.0
6.9647499999999996	0.0
6.9695	0.0
6.97425	0.0
6.979	0.0
6.98375	0.0
6.9885	0.0
6.99325	0.0
6.998	0.0
7.00275	0.0
7.007499999999999	0.0
7.01225	0.0
7.0169999999999995	0.0
7.02175	0.0
7.0264999999999995	0.0
7.03125	0.0
7.036	0.0
7.04075	0.0
7.0455	0.0
7.05025	0.0
7.055	0.0
7.05975	0.0
7.0645	0.0
7.06925	0.0
7.074	0.0
7.078749999999999	0.0
7.0835	0.0
7.0882499999999995	0.0
7.093	0.0
7.09775	0.0
7.1025	0.0
7.10725	0.0
7.112	0.0
7.11675	0.0
7.1215	0.0
7.12625	0.0
7.131	0.0
7.13575	0.0
7.140499999999999	0.0
7.14525	0.0
7.1499999999999995	0.0
7.15475	0.0
7.1594999999999995	0.0
7.16425	0.0
7.169	0.0
7.17375	0.0
7.1785	0.0
7.18325	0.0
7.188	0.0
7.19275	0.0
7.1975	0.0
7.20225	0.0
7.207	0.0
7.211749999999999	0.0
7.2165	0.0
7.2212499999999995	0.0
7.226	0.0
7.23075	0.0
7.2355	0.0
7.24025	0.0
7.245	0.0
7.24975	0.0
7.2545	0.0
7.25925	0.0
7.264	0.0
7.26875	0.0
7.273499999999999	0.0
7.27825	0.0
7.2829999999999995	0.0
7.28775	0.0
7.2924999999999995	0.0
7.29725	0.0
7.302	0.0
7.30675	0.0
7.3115	0.0
7.31625	0.0
7.321	0.0
7.32575	0.0
7.3305	0.0
7.33525	0.0
7.34	0.0
7.3447499999999994	0.0
7.3495	0.0
7.3542499999999995	0.0
7.359	0.0
7.36375	0.0
7.3685	0.0
7.37325	0.0
7.378	0.0
7.38275	0.0
7.3875	3e-323
7.39225	5.24e-321
7.397	8.98735e-319
7.40175	1.51282644e-316
7.406499999999999	2.500959712e-314
7.41125	4.06055375377e-312
7.4159999999999995	6.4747770261676e-310
7.42075	1.0139705809698681e-307
7.4254999999999995	1.5595053784808834e-305
7.43025	2.3556425138602487e-303
7.435	3.494563006396549e-301
7.43975	5.091401558408286e-299
7.4445	7.285222358421416e-297
7.44925	1.0237861664404078e-294
7.454	1.4129821868233294e-292
7.45875	1.9152483693273498e-290
7.4635	2.5496143820532835e-288
7.468249999999999	3.3333804493210307e-286
7.473	4.280123023695809e-284
7.4777499999999995	5.397449715178103e-282
7.4825	6.684700321541478e-280
7.4872499999999995	8.130855902429763e-278
7.492	9.712959347900811e-276
7.49675	1.1395355078248658e-273
7.5015	1.3130012457641383e-271
7.50625	1.4858104160713265e-269
7.511	1.6512873108805807e-267
7.51575	1.8023655312534038e-265
7.5205	1.9320754738366506e-263
7.52525	2.0340718351214527e-261
7.53	2.1031462297514095e-259
7.53475	2.1356674957471148e-257
7.539499999999999	2.129897925360513e-255
7.54425	2.0861470966407422e-253
7.5489999999999995	2.0067443534175765e-251
7.55375	1.8958333383276076e-249
7.5584999999999996	1.7590138020466527e-247
7.56325	1.6028737729516425e-245
7.568	1.4344664099107693e-243
7.57275	1.2607890489525024e-241
7.5775	1.0883171110211747e-239
7.58225	9.226340355016624e-238
7.587	7.681826076854894e-236
7.59175	6.28145790071462e-234
7.5965	5.044491810150285e-232
7.601249999999999	3.9786466801339005e-230
7.606	3.081869968448478e-228
7.6107499999999995	2.344521569105995e-226
7.6155	1.7516814818554108e-224
7.6202499999999995	1.2853370599357761e-222
7.625	9.2627491996872e-221
7.62975	6.555770855676533e-219
7.6345	4.556890679574684e-217
7.63925	3.110816825139563e-215
7.644	2.0856491515403e-213
7.64875	1.3733114834661837e-211
7.6535	8.880917479901366e-210
7.65825	5.640370108814803e-208
7.663	3.51818242423172e-206
7.66775	2.1552124718276303e-204
7.672499999999999	1.2966501453719297e-202
7.67725	7.661547865317189e-201
7.6819999999999995	4.446017930747752e-199
7.68675	2.5338849099907024e-197
7.6915	1.4182851153686463e-195
7.69625	7.796527042426147e-194
7.701	4.20920249057547e-192
7.70575	2.2318213736610229e-190
7.7105	1.1621977510840659e-188
7.71525	5.943764772026335e-187
7.72	2.985411360684282e-185
7.72475	1.4726777769575345e-183
7.7295	7.134643378162149e-182
7.734249999999999	3.3946717894489096e-180
7.739	1.5862962487757406e-178
7.7437499999999995	7.2800068465739425e-177
7.7485	3.281257118109057e-175
7.7532499999999995	1.4524785335907476e-173
7.758	6.314517438132833e-172
7.76275	2.696072681536005e-170
7.7675	1.130534992896529e-168
7.77225	4.655833142668938e-167
7.777	1.8830930923012376e-165
7.78175	7.480095757799358e-164
7.7865	2.91812243502309e-162
7.79125	1.1180490220656736e-160
7.795999999999999	4.207064469278626e-159
7.80075	1.554742508904762e-157
7.805499999999999	5.642853344904426e-156
7.81025	2.01140737537612e-154
7.8149999999999995	7.041453210504706e-153
7.81975	2.420948449883364e-151
7.8245	8.174661358041178e-150
7.82925	2.7109092787927995e-148
7.834	8.829196490971959e-147
7.83875	2.8241539326173436e-145
7.8435	8.871897829041649e-144
7.84825	2.7371946564005888e-142
7.853	8.293843187339436e-141
7.85775	2.468123805032064e-139
7.8625	7.213383903262017e-138
7.867249999999999	2.0704852289239997e-136
7.872	5.836684406030312e-135
7.8767499999999995	1.6159252630772993e-133
7.8815	4.393769953659405e-132
7.8862499999999995	1.1733142445399906e-130
7.891	3.077176140576754e-129
7.89575	7.925950472129021e-128
7.9005	2.004985963479799e-126
7.90525	4.98118077816713e-125
7.91	1.215386071929494e-123
7.91475	2.9124413693659443e-122
7.9195	6.8542684870844424e-121
7.92425	1.5842583962236818e-119
7.928999999999999	3.596266830990551e-118
7.93375	8.0174965560362e-117
7.9384999999999994	1.755442631925047e-115
7.94325	3.7748133736951036e-114
7.9479999999999995	7.97196371713753e-113
7.95275	1.653469264408155e-111
7.9575	3.368122852366665e-110
7.96225	6.738150488796704e-109
7.967	1.3238978382414136e-107
7.97175	2.5546371555691434e-106
7.9765	4.841333053584892e-105
7.98125	9.010765364309906e-104
7.986	1.647097796695606e-102
7.99075	2.956909795886223e-101
7.9955	5.213360420222781e-100
8.00025	9.02731110123822e-99
8.004999999999999	1.5351826484025646e-97
8.00975	2.5640275146782326e-96
8.0145	4.205777507979457e-95
8.01925	6.775336843760131e-94
8.024000000000001	1.0719548006412013e-92
8.028749999999999	1.665647280900444e-91
8.0335	2.5418539394094113e-90
8.03825	3.809597799748805e-89
8.043	5.607491806267446e-88
8.04775	8.10623430733437e-87
8.0525	1.150881588311151e-85
8.05725	1.6047342302248814e-84
8.062	2.1975389195073748e-83
8.066749999999999	2.9555003752152233e-82
8.0715	3.9037899965781026e-81
8.07625	5.064106838399978e-80
8.081	6.45179050046031e-79
8.08575	8.072696750306063e-78
8.090499999999999	9.920144654197726e-77
8.09525	1.197232109673496e-75
8.1	1.41905651437164e-74
8.10475	1.6518933770704297e-73
8.1095	1.8885362125749949e-72
8.11425	2.120457665426486e-71
8.119	2.3382711986158408e-70
8.123750000000001	2.532334891890712e-69
8.128499999999999	2.693446677798958e-68
8.13325	2.813562779552747e-67
8.138	2.8864618546180597e-66
8.14275	2.908278680209421e-65
8.1475	2.8778436882082495e-64
8.152249999999999	2.7967868407267313e-63
8.157	2.6693930069792484e-62
8.16175	2.5022266997712115e-61
8.1665	2.303571909423273e-60
8.17125	2.082753527144476e-59
8.176	1.849417521704275e-58
8.18075	1.6128465210670393e-57
8.185500000000001	1.3813766168538176e-56
8.190249999999999	1.1619625830036478e-55
8.195	9.599158682546361e-55
8.19975	7.788165706217302e-54
8.2045	6.20580578865225e-53
8.20925	4.856486229688275e-52
8.213999999999999	3.732562837131279e-51
8.21875	2.817429635215193e-50
8.2235	2.0886227958792257e-49
8.22825	1.520645333757426e-48
8.233	1.0873186521661146e-47
8.23775	7.635662554158161e-47
8.2425	5.266203057599037e-46
8.247250000000001	3.56705215378001e-45
8.251999999999999	2.3729156579836286e-44
8.25675	1.5503013656287958e-43
8.2615	9.94743114514549e-43
8.26625	6.268544863199599e-42
8.271	3.8795693510676164e-41
8.275749999999999	2.3580949358686767e-40
8.2805	1.4076673454579604e-39
8.28525	8.252770560571883e-39
8.29	4.751825578375969e-38
8.29475	2.687089892059235e-37
8.2995	1.492330050085766e-36
8.30425	8.139702980865974e-36
8.309000000000001	4.360268323341224e-35
8.313749999999999	2.293923119750322e-34
8.3185	1.1852377786297362e-33
8.32325	6.014410932395355e-33
8.328	2.997379235003647e-32
8.33275	1.4670714833423246e-31
8.337499999999999	7.052154870710585e-31
8.34225	3.329303531931541e-30
8.347	1.5436396538520435e-29
8.35175	7.029095534314177e-29
8.3565	3.143503513550184e-28
8.36125	1.3806685709663712e-27
8.366	5.9556053610307905e-27
8.370750000000001	2.523035551623116e-26
8.375499999999999	1.0497401607338087e-25
8.38025	4.289446345323902e-25
8.385	1.721399417047809e-24
8.38975	6.784581251516985e-24
8.3945	2.6261856797554032e-23
8.399249999999999	9.983637287486002e-23
8.404	3.7274613122483426e-22
8.40875	1.3667795724271883e-21
8.413499999999999	4.9220361454891956e-21
8.41825	1.7408129253620265e-20
8.423	6.04672741534146e-20
8.42775	2.0627645746396727e-19
8.432500000000001	6.910984550504152e-19
8.437249999999999	2.2740036868171073e-18
8.442	7.348579407249822e-18
8.44675	2.332258062056181e-17
8.4515	7.269604755960929e-17
8.45625	2.225389219942708e-16
8.460999999999999	6.690555001940725e-16
8.46575	1.9755102859959033e-15
8.4705	5.728717809072578e-15
8.475249999999999	1.6315355794731757e-14
8.48	4.563485267530934e-14
8.48475	1.2535964141939586e-13
8.4895	3.382048366910397e-13
8.494250000000001	8.961131940466719e-13
8.498999999999999	2.3318838463603804e-12
8.50375	5.959529044969908e-12
8.5085	1.4958152346288276e-11
8.51325	3.6872700693989876e-11
8.518	8.926740883870291e-11
8.52275	2.1224716297156586e-10
8.5275	4.9562344684539e-10
8.53225	1.13663958823087e-09
8.536999999999999	2.560086839697256e-09
8.54175	5.663013548980103e-09
8.5465	1.2302729885627142e-08
8.55125	2.6249217515880624e-08
8.556	5.5003739821516715e-08
8.56075	1.1319547366495854e-07
8.5655	2.2878465265081843e-07
8.57025	4.541357579600192e-07
8.575	8.85330639945365e-07
8.57975	1.6950646822496002e-06
8.5845	3.1873374105959427e-06
8.58925	5.886142742898726e-06
8.594	1.067565484282993e-05
8.598749999999999	1.9016003248790443e-05
8.6035	3.3266334213899485e-05
8.60825	5.7154658542889364e-05
8.613	9.6440467565093e-05
8.61775	0.00015981883653268033
8.6225	0.00026011033408655505
8.62725	0.00041576529409835853
8.632	0.0006526793101171137
8.63675	0.0010062651751377972
8.6415	0.0015236528395474425
8.64625	0.00226579489426312
8.651	0.003309147678585587
8.65575	0.004746491333284324
8.660499999999999	0.006686367232235228
8.66525	0.009250575498017392
8.67	0.012569218525819869
8.67475	0.016772925126033778
8.679499999999999	0.021982159732680973
8.68425	0.028293908887389616
8.689	0.03576651415301698
8.69375	0.04440392965648738
8.6985	0.054141141281672196
8.70325	0.06483279575851512
8.708	0.07624715600086826
8.71275	0.08806725156841029
8.7175	0.0999005019434003
8.722249999999999	0.11129718763969566
8.727	0.1217770280842708
8.73175	0.13086195122278874
8.7365	0.13811209787111747
8.741249999999999	0.14316138425003913
8.746	0.14574870075709143
8.75075	0.14574113265752428
8.7555	0.14314643294126078
8.76025	0.13811324528549582
8.765	0.13091907239607642
8.76975	0.12194747458398265
8.7745	0.111657229781407
8.77925	0.1005470012763853
8.783999999999999	0.08911933763086141
8.78875	0.0778475641408496
8.7935	0.0671484051102221
8.79825	0.05736216045931278
8.802999999999999	0.048741142621193584
8.80775	0.04144604835912459
8.8125	0.0355491423009832
8.81725	0.031042648222845658
8.822	0.027850593328688892
8.82675	0.025842480467999505
8.8315	0.024847481384827556
8.83625	0.02466824183674101
8.841	0.025093766308568594
8.84575	0.02591113358029161
8.8505	0.02691595058782052
8.85525	0.027921485905404515
8.86	0.028766371827007108
8.864749999999999	0.029320678643815122
8.8695	0.02949010089819594
8.87425	0.02921799507543787
8.879	0.028485091270065717
8.88375	0.027306862548345037
8.8885	0.02572874769664767
8.89325	0.023819644500722263
8.898	0.021664277047273292
8.90275	0.019355154445275965
8.9075	0.016984857804046835
8.91225	0.014639314471785627
8.917	0.012392559151355604
8.92175	0.010303270155001851
8.926499999999999	0.008413142052760456
8.93125	0.006746948631228283
8.936	0.005313990191546763
8.94075	0.004110522913999418
8.9455	0.003122738632189631
8.95025	0.0023298929636958563
8.955	0.001707252596937833
8.95975	0.0012286293588989006
8.9645	0.000868370727232234
8.96925	0.0006027685269127793
8.974	0.00041091975654302906
8.97875	0.00027512148638218157
8.9835	0.00018090601663692046
8.988249999999999	0.00011682680951376315
8.993	7.409570224763933e-05
8.99775	4.6153486360166655e-05
9.0025	2.82342981097756e-05
9.007249999999999	1.6963304844364443e-05
9.012	1.0009328070938385e-05
9.01675	5.800432366821318e-06
9.0215	3.3012376972979897e-06
9.02625	1.8452457310085765e-06
9.031	1.0129607265264942e-06
9.03575	5.461249159260046e-07
9.0405	2.8916941657718846e-07
9.04525	1.5037433208285576e-07
9.049999999999999	7.679908549262665e-08
9.05475	3.852116121813754e-08
9.0595	1.897595653441626e-08
9.06425	9.180555660016776e-09
9.068999999999999	4.362096246008983e-09
9.07375	2.035553418754561e-09
9.0785	9.328906684158273e-10
9.08325	4.198942992605449e-10
9.088	1.8561377038028828e-10
9.09275	8.058262163033597e-11
9.0975	3.435845159330723e-11
9.10225	1.438754894735534e-11
9.107	5.916998575519197e-12
9.111749999999999	2.389904581815004e-12
9.1165	9.480869479705393e-13
9.12125	3.6956898708620323e-13
9.126	1.420489941603595e-13
9.130749999999999	5.5312274283674906e-14
9.1355	2.609018247239748e-14
9.14025	2.581712096314853e-14
9.145	5.54943550576072e-14
9.14975	1.4810682113608933e-13
9.1545	4.0219944942635265e-13
9.15925	1.0775910208293449e-12
9.164	2.8371215400034936e-12
9.16875	7.336592913342132e-12
9.1735	1.863270259305048e-11
9.17825	4.647493224090505e-11
9.183	1.1384729750097794e-10
9.18775	2.7389725443491733e-10
9.192499999999999	6.471629075566551e-10
9.19725	1.5017600289449821e-09
9.202	3.4225393408786594e-09
9.20675	7.660503961385648e-09
9.2115	1.6839423476936137e-08
9.21625	3.6354492007499346e-08
9.221	7.708145908778238e-08
9.22575	1.6051024509362077e-07
9.2305	3.2825894812141116e-07
9.23525	6.593125972156265e-07
9.24	1.3005503147215048e-06
9.24475	2.5195554920222345e-06
9.2495	4.793819547156977e-06
9.254249999999999	8.957780586550752e-06
9.259	1.6439179734856592e-05
9.26375	2.9629263179930293e-05
9.2685	5.244722856630882e-05
9.273249999999999	9.117698373565078e-05
9.278	0.0001556714184500295
9.28275	0.00026103186654442666
9.2875	0.00042987200169994913
9.29225	0.0006952576483452169
9.297	0.0011043668837966703
9.30175	0.0017228281520393423
9.3065	0.0026395599427914214
9.31125	0.003971751633619101
9.315999999999999	0.005869398831769785
9.32075	0.008518559169060575
9.3255	0.01214226346263778
9.33025	0.01699785594003008
9.334999999999999	0.023369510786345804
9.33975	0.031554847270743556
9.3445	0.04184499579218266
9.34925	0.05449817500313838
9.354	0.06970779966849931
9.35875	0.08756726272660947
9.3635	0.1080346722471513
9.36825	0.13090177266133737
9.373	0.1557718154459152
9.377749999999999	0.1820510632308318
9.3825	0.20895777852451528
9.38725	0.23555094450593222
9.392	0.2607787156439925
9.396749999999999	0.28354397192364356
9.4015	0.30278173970131944
9.40625	0.31754108607699877
9.411	0.32706280442832736
9.41575	0.33084408262515125
9.4205	0.32868249201669586
9.42525	0.3206939414660931
9.43	0.3073023802908312
9.43475	0.28920252317775064
9.439499999999999	0.2673001581835634
9.44425	0.24263717363587953
9.449	0.21630992449747183
9.45375	0.18938977914864738
9.458499999999999	0.1628536940018851
9.46325	0.13753070687863642
9.468	0.11406770948459129
9.47275	0.09291519681294239
9.4775	0.07433130644971203
9.48225	0.05840066138919554
9.487	0.045063482367906624
9.49175	0.034150158077668066
9.4965	0.025416846823387716
9.50125	0.01857854118431924
9.506	0.01333713453482864
9.51075	0.009403173276625864
9.5155	0.006510994535143185
9.520249999999999	0.00442773078614379
9.525	0.002957168477086352
9.52975	0.0019396881542599756
9.5345	0.0012495359156877149
9.53925	0.0007905449311310648
9.544	0.0004912079167718557
9.54875	0.00029975410660373366
9.5535	0.0001796494575207239
9.55825	0.00010574203478522783
9.563	6.112662265278825e-05
9.56775	3.470356758478411e-05
9.5725	1.9349904690530156e-05
9.57725	1.0596062754994667e-05
9.581999999999999	5.698639681042368e-06
9.58675	3.0099470700632713e-06
9.5915	1.561376015839808e-06
9.59625	7.954577800486001e-07
9.600999999999999	3.9800428553084044e-07
9.60575	1.955777058615338e-07
9.6105	9.438694535823497e-08
9.61525	4.473686011515132e-08
9.62	2.0824762280628418e-08
9.62475	9.520408646091676e-09
9.6295	4.27456683834671e-09
9.63425	1.8849056618653117e-09
9.639	8.162968306533955e-10
9.643749999999999	3.471903025227421e-10
9.6485	1.450267273336953e-10
9.65325	5.94962361087322e-11
9.658	2.3971318468421366e-11
9.662749999999999	9.485393147047564e-12
9.6675	3.686207131839582e-12
9.67225	1.4069061192866408e-12
9.677	5.27365222775191e-13
9.68175	1.9414170505603357e-13
9.6865	7.01919288556723e-14
9.69125	2.492392862210271e-14
9.696	8.691741577312282e-15
9.70075	2.976857848138605e-15
9.705499999999999	1.00131419365288e-15
9.71025	3.307833435439236e-16
9.715	1.0731931146722275e-16
9.71975	3.419582668399629e-17
9.724499999999999	1.0701122150509596e-17
9.72925	3.2888685833153857e-18
9.734	9.927152751058286e-19
9.73875	2.9428212587464626e-19
9.7435	8.567699259359766e-20
9.74825	2.4497845868372602e-20
9.753	6.879974163815314e-21
9.75775	1.8997695280096424e-21
9.7625	5.236524460011541e-22
9.76725	1.741935034160026e-22
9.772	1.7718349558754898e-22
9.77675	5.334484995932203e-22
9.7815	1.910555577965168e-21
9.786249999999999	6.821800730796807e-21
9.791	2.3947178201286785e-20
9.79575	8.25661753768212e-20
9.8005	2.795845423046905e-19
9.80525	9.29790877463008e-19
9.81	3.0368154504026186e-18
9.81475	9.741201009872184e-18
9.8195	3.068792997962138e-17
9.82425	9.494752940973572e-17
9.829	2.8850990468195445e-16
9.83375	8.609913147788196e-16
9.8385	2.5234679800959424e-15
9.84325	7.263698526507443e-15
9.847999999999999	2.0534248240163367e-14
9.85275	5.70112797170542e-14
9.8575	1.5545466380701827e-13
9.86225	4.163012421697518e-13
9.866999999999999	1.0948954278715948e-12
9.87175	2.8281247486972206e-12
9.8765	7.1743980241129274e-12
9.88125	1.7874477529741908e-11
9.886	4.373631916264621e-11
9.89075	1.0510226820489678e-10
9.8955	2.4805211346956273e-10
9.90025	5.749561971623814e-10
9.905	1.3088430513269054e-09
9.909749999999999	2.9261822295438162e-09
9.9145	6.425044649306309e-09
9.91925	1.3855171827318686e-08
9.924	2.934328061105963e-08
9.928749999999999	6.103323672087522e-08
9.9335	1.2467664929076965e-07
9.93825	2.501294490533527e-07
9.943	4.928395082981765e-07
9.94775	9.536899132266656e-07
9.9525	1.8124659132432813e-06
9.95725	3.382933732025381e-06
9.962	6.201233978782186e-06
9.96675	1.1164100313558372e-05
9.971499999999999	1.9739235426923682e-05
9.97625	3.427661355536728e-05
9.981	5.845564731230418e-05
9.98575	9.790751426479105e-05
9.990499999999999	0.00016105216216004309
9.99525	0.0002601824982369167
