[Molden Format]
[Atoms] (Angs)
  C      1    6      0.73800500      1.28081960     -0.05304325
  C      2    6      2.13107735      1.27623482     -0.03775458
  C      3    6      2.78774418      0.04994967     -0.02233513
  C      4    6      2.10787290     -1.16395883     -0.02177557
  C      5    6      0.02715627      0.07955847     -0.05285920
  H      6    1      0.20350732      2.22257168     -0.06513515
  H      7    1      2.70574282      2.19227310     -0.03751535
  H      8    1      2.65503181     -2.09648975     -0.00950659
  H      9    1     -1.05554128      0.07960796     -0.06461677
  N     10    7      4.25078279      0.02984995     -0.00604320
  O     11    8      4.85312968      1.12722449     -0.00700032
  O     12    8      4.82301363     -1.08336832      0.00783743
  C     13    6      0.72203597     -1.12622675     -0.03726783
 Br     14   35     -0.25419454     -2.77854143     -0.03668405
[GTO]
1    0
S    6    1.000000
   4.56324000E+03    1.96665000E-03 
   6.82024000E+02    1.52306000E-02 
   1.54973000E+02    7.61269000E-02 
   4.44553000E+01    2.60801000E-01 
   1.30290000E+01    6.16462000E-01 
   1.82773000E+00    2.21006000E-01 
SP   3    1.000000
   2.09642000E+01    1.14660000E-01   4.02487000E-02 
   4.80331000E+00    9.19999000E-01   2.37594000E-01 
   1.45933000E+00   -3.03068000E-03   8.15854000E-01 
SP   1    1.000000
   4.83456000E-01    1.00000000E+00   1.00000000E+00 
SP   1    1.000000
   1.45585000E-01    1.00000000E+00   1.00000000E+00 
SP   1    1.000000
   4.38000000E-02    1.00000000E+00   1.00000000E+00 
D    1    1.000000
   6.26000000E-01    1.00000000E+00 

2    0
S    6    1.000000
   4.56324000E+03    1.96665000E-03 
   6.82024000E+02    1.52306000E-02 
   1.54973000E+02    7.61269000E-02 
   4.44553000E+01    2.60801000E-01 
   1.30290000E+01    6.16462000E-01 
   1.82773000E+00    2.21006000E-01 
SP   3    1.000000
   2.09642000E+01    1.14660000E-01   4.02487000E-02 
   4.80331000E+00    9.19999000E-01   2.37594000E-01 
   1.45933000E+00   -3.03068000E-03   8.15854000E-01 
SP   1    1.000000
   4.83456000E-01    1.00000000E+00   1.00000000E+00 
SP   1    1.000000
   1.45585000E-01    1.00000000E+00   1.00000000E+00 
SP   1    1.000000
   4.38000000E-02    1.00000000E+00   1.00000000E+00 
D    1    1.000000
   6.26000000E-01    1.00000000E+00 

3    0
S    6    1.000000
   4.56324000E+03    1.96665000E-03 
   6.82024000E+02    1.52306000E-02 
   1.54973000E+02    7.61269000E-02 
   4.44553000E+01    2.60801000E-01 
   1.30290000E+01    6.16462000E-01 
   1.82773000E+00    2.21006000E-01 
SP   3    1.000000
   2.09642000E+01    1.14660000E-01   4.02487000E-02 
   4.80331000E+00    9.19999000E-01   2.37594000E-01 
   1.45933000E+00   -3.03068000E-03   8.15854000E-01 
SP   1    1.000000
   4.83456000E-01    1.00000000E+00   1.00000000E+00 
SP   1    1.000000
   1.45585000E-01    1.00000000E+00   1.00000000E+00 
SP   1    1.000000
   4.38000000E-02    1.00000000E+00   1.00000000E+00 
D    1    1.000000
   6.26000000E-01    1.00000000E+00 

4    0
S    6    1.000000
   4.56324000E+03    1.96665000E-03 
   6.82024000E+02    1.52306000E-02 
   1.54973000E+02    7.61269000E-02 
   4.44553000E+01    2.60801000E-01 
   1.30290000E+01    6.16462000E-01 
   1.82773000E+00    2.21006000E-01 
SP   3    1.000000
   2.09642000E+01    1.14660000E-01   4.02487000E-02 
   4.80331000E+00    9.19999000E-01   2.37594000E-01 
   1.45933000E+00   -3.03068000E-03   8.15854000E-01 
SP   1    1.000000
   4.83456000E-01    1.00000000E+00   1.00000000E+00 
SP   1    1.000000
   1.45585000E-01    1.00000000E+00   1.00000000E+00 
SP   1    1.000000
   4.38000000E-02    1.00000000E+00   1.00000000E+00 
D    1    1.000000
   6.26000000E-01    1.00000000E+00 

5    0
S    6    1.000000
   4.56324000E+03    1.96665000E-03 
   6.82024000E+02    1.52306000E-02 
   1.54973000E+02    7.61269000E-02 
   4.44553000E+01    2.60801000E-01 
   1.30290000E+01    6.16462000E-01 
   1.82773000E+00    2.21006000E-01 
SP   3    1.000000
   2.09642000E+01    1.14660000E-01   4.02487000E-02 
   4.80331000E+00    9.19999000E-01   2.37594000E-01 
   1.45933000E+00   -3.03068000E-03   8.15854000E-01 
SP   1    1.000000
   4.83456000E-01    1.00000000E+00   1.00000000E+00 
SP   1    1.000000
   1.45585000E-01    1.00000000E+00   1.00000000E+00 
SP   1    1.000000
   4.38000000E-02    1.00000000E+00   1.00000000E+00 
D    1    1.000000
   6.26000000E-01    1.00000000E+00 

6    0
S    3    1.000000
   3.38650000E+01    2.54938000E-02 
   5.09479000E+00    1.90373000E-01 
   1.15879000E+00    8.52161000E-01 
S    1    1.000000
   3.25840000E-01    1.00000000E+00 
S    1    1.000000
   1.02741000E-01    1.00000000E+00 

7    0
S    3    1.000000
   3.38650000E+01    2.54938000E-02 
   5.09479000E+00    1.90373000E-01 
   1.15879000E+00    8.52161000E-01 
S    1    1.000000
   3.25840000E-01    1.00000000E+00 
S    1    1.000000
   1.02741000E-01    1.00000000E+00 

8    0
S    3    1.000000
   3.38650000E+01    2.54938000E-02 
   5.09479000E+00    1.90373000E-01 
   1.15879000E+00    8.52161000E-01 
S    1    1.000000
   3.25840000E-01    1.00000000E+00 
S    1    1.000000
   1.02741000E-01    1.00000000E+00 

9    0
S    3    1.000000
   3.38650000E+01    2.54938000E-02 
   5.09479000E+00    1.90373000E-01 
   1.15879000E+00    8.52161000E-01 
S    1    1.000000
   3.25840000E-01    1.00000000E+00 
S    1    1.000000
   1.02741000E-01    1.00000000E+00 

10    0
S    6    1.000000
   6.29348000E+03    1.96979000E-03 
   9.49044000E+02    1.49613000E-02 
   2.18776000E+02    7.35006000E-02 
   6.36916000E+01    2.48937000E-01 
   1.88282000E+01    6.02460000E-01 
   2.72023000E+00    2.56202000E-01 
SP   3    1.000000
   3.06331000E+01    1.11906000E-01   3.83119000E-02 
   7.02614000E+00    9.21666000E-01   2.37403000E-01 
   2.11205000E+00   -2.56919000E-03   8.17592000E-01 
SP   1    1.000000
   6.84009000E-01    1.00000000E+00   1.00000000E+00 
SP   1    1.000000
   2.00878000E-01    1.00000000E+00   1.00000000E+00 
SP   1    1.000000
   6.39000000E-02    1.00000000E+00   1.00000000E+00 
D    1    1.000000
   9.13000000E-01    1.00000000E+00 

11    0
S    6    1.000000
   8.58850000E+03    1.89515000E-03 
   1.29723000E+03    1.43859000E-02 
   2.99296000E+02    7.07320000E-02 
   8.73771000E+01    2.40001000E-01 
   2.56789000E+01    5.94797000E-01 
   3.74004000E+00    2.80802000E-01 
SP   3    1.000000
   4.21175000E+01    1.13889000E-01   3.65114000E-02 
   9.62837000E+00    9.20811000E-01   2.37153000E-01 
   2.85332000E+00   -3.27447000E-03   8.19702000E-01 
SP   1    1.000000
   9.05661000E-01    1.00000000E+00   1.00000000E+00 
SP   1    1.000000
   2.55611000E-01    1.00000000E+00   1.00000000E+00 
SP   1    1.000000
   8.45000000E-02    1.00000000E+00   1.00000000E+00 
D    1    1.000000
   1.29200000E+00    1.00000000E+00 

12    0
S    6    1.000000
   8.58850000E+03    1.89515000E-03 
   1.29723000E+03    1.43859000E-02 
   2.99296000E+02    7.07320000E-02 
   8.73771000E+01    2.40001000E-01 
   2.56789000E+01    5.94797000E-01 
   3.74004000E+00    2.80802000E-01 
SP   3    1.000000
   4.21175000E+01    1.13889000E-01   3.65114000E-02 
   9.62837000E+00    9.20811000E-01   2.37153000E-01 
   2.85332000E+00   -3.27447000E-03   8.19702000E-01 
SP   1    1.000000
   9.05661000E-01    1.00000000E+00   1.00000000E+00 
SP   1    1.000000
   2.55611000E-01    1.00000000E+00   1.00000000E+00 
SP   1    1.000000
   8.45000000E-02    1.00000000E+00   1.00000000E+00 
D    1    1.000000
   1.29200000E+00    1.00000000E+00 

13    0
S    6    1.000000
   4.56324000E+03    1.96665000E-03 
   6.82024000E+02    1.52306000E-02 
   1.54973000E+02    7.61269000E-02 
   4.44553000E+01    2.60801000E-01 
   1.30290000E+01    6.16462000E-01 
   1.82773000E+00    2.21006000E-01 
SP   3    1.000000
   2.09642000E+01    1.14660000E-01   4.02487000E-02 
   4.80331000E+00    9.19999000E-01   2.37594000E-01 
   1.45933000E+00   -3.03068000E-03   8.15854000E-01 
SP   1    1.000000
   4.83456000E-01    1.00000000E+00   1.00000000E+00 
SP   1    1.000000
   1.45585000E-01    1.00000000E+00   1.00000000E+00 
SP   1    1.000000
   4.38000000E-02    1.00000000E+00   1.00000000E+00 
D    1    1.000000
   6.26000000E-01    1.00000000E+00 

14    0
S    6    1.000000
   4.39700000E+05    8.13000000E-04 
   6.60300000E+04    6.28500000E-03 
   1.51400000E+04    3.19200000E-02 
   4.31700000E+03    1.28800000E-01 
   1.41400000E+03    3.94600000E-01 
   5.23900000E+02    5.41300000E-01 
S    3    1.000000
   5.23900000E+02    1.83100000E-01 
   2.07700000E+02    6.17600000E-01 
   8.65400000E+01    2.53800000E-01 
S    1    1.000000
   3.05200000E+01    1.00000000E+00 
S    1    1.000000
   1.29800000E+01    1.00000000E+00 
S    1    1.000000
   4.41200000E+00    1.00000000E+00 
S    1    1.000000
   1.86200000E+00    1.00000000E+00 
S    1    1.000000
   3.93200000E-01    1.00000000E+00 
S    1    1.000000
   1.40000000E-01    1.00000000E+00 
P    3    1.000000
   2.95700000E+03    2.22600000E-02 
   7.00300000E+02    1.80200000E-01 
   2.24600000E+02    8.62400000E-01 
P    3    1.000000
   8.25900000E+01    3.44000000E-01 
   3.31900000E+01    5.07100000E-01 
   1.42000000E+01    2.59000000E-01 
P    3    1.000000
   1.42000000E+01    7.96500000E-02 
   7.43800000E+00    3.73400000E-01 
   3.52600000E+00    6.04900000E-01 
P    1    1.000000
   1.59500000E+00    1.00000000E+00 
P    1    1.000000
   8.46200000E-01    1.00000000E+00 
P    1    1.000000
   3.18600000E-01    1.00000000E+00 
P    1    1.000000
   1.09600000E-01    1.00000000E+00 
D    4    1.000000
   1.34800000E+02    1.83100000E-02 
   3.63900000E+01    1.35000000E-01 
   1.21600000E+01    4.26100000E-01 
   4.34100000E+00    6.04300000E-01 
D    1    1.000000
   1.53500000E+00    1.00000000E+00 
SP   1    1.000000
   3.90000000E-02    1.00000000E+00   1.00000000E+00 
D    1    1.000000
   4.15000000E-01    1.00000000E+00 

[MO]
Sym=X
Ene= -0.132505
Spin=Alpha
Occup=1
     1    5.730247675530e-03
     2    8.969417666179e-03
     3   -1.725384921287e-02
     4    2.958788176706e-03
     5   -2.981965853233e-04
     6   -2.300106928089e-02
     7   -2.357271057804e-02
     8    5.189105691013e-03
     9   -4.428972880970e-04
    10   -8.812132198495e-02
    11   -6.800430229133e-02
    12   -1.333835978598e-02
    13   -7.670307269325e-04
    14   -5.710792761444e-01
    15   -5.194448144701e-01
    16   -2.324908746595e-01
    17   -4.129160637048e-03
    18    2.643422593125e-04
    19   -1.070646415267e-05
    20    1.588967016040e-05
    21   -9.664710977314e-05
    22    8.329576932600e-04
    23   -7.157114112148e-03
    24   -1.177900955838e-02
    25    2.863634762641e-02
    26    8.005672333422e-03
    27    2.259133565669e-04
    28    3.529346878852e-02
    29    4.955360584253e-02
    30    1.456657671214e-02
    31    4.007460379639e-04
    32    5.823601597326e-02
    33   -6.707370723657e-02
    34    4.629834983595e-02
    35   -1.135386078241e-03
    36    2.303996528441e-01
    37   -6.639623669919e-01
    38    3.074510948234e-01
    39   -9.387530843632e-03
    40   -8.634267976862e-05
    41   -4.469376105152e-05
    42   -5.210248211407e-05
    43   -5.499569222289e-03
    44   -4.519724731541e-04
    45   -1.566770041868e-03
    46   -2.711220668336e-03
    47    2.106957316506e-02
    48    2.472245949050e-02
    49    1.606841969994e-04
    50    8.762030385645e-03
    51    3.574990090242e-02
    52    4.298321701863e-02
    53    2.585925401999e-04
    54    5.268026543057e-02
    55    3.600903918040e-02
    56    7.604378833728e-02
    57    2.396321792748e-05
    58   -1.025807168868e-01
    59   -2.426662163493e-02
    60    6.033954881921e-01
    61   -4.260356380887e-03
    62   -4.009490472152e-04
    63    6.065269995192e-05
    64   -2.931102503425e-05
    65    3.859273157874e-03
    66   -1.809192165060e-03
    67    8.565865694449e-03
    68    1.382495336548e-02
    69   -4.158603866338e-02
    70   -2.407441970761e-03
    71   -3.192694422541e-04
    72   -3.890883698648e-02
    73   -6.655908058128e-02
    74   -1.914402243121e-04
    75   -5.439942612009e-04
    76   -7.766038171156e-02
    77    4.151381610833e-02
    78    2.803328872164e-02
    79    4.797694251796e-04
    80   -2.874109331864e-01
    81    7.589080825144e-01
    82    3.621497398714e-01
    83    6.037697405017e-03
    84    5.774665420126e-04
    85    8.906477733882e-05
    86    6.401339205690e-05
    87    8.140225748969e-03
    88   -5.163804614170e-04
    89    7.738173796003e-04
    90    1.251866121244e-03
    91    2.544060495570e-03
    92    5.566620728286e-03
    93   -6.841281079222e-05
    94   -3.290347426335e-03
    95    4.195669455241e-03
    96    1.093765429189e-02
    97   -1.239972316628e-04
    98    1.120164853772e-02
    99    9.884199497917e-04
   100   -2.544797723160e-02
   101    1.027030647153e-04
   102    2.907649844680e-01
   103    2.668502353402e-02
   104   -4.997451966520e-01
   105    3.607957025123e-03
   106    5.508962642849e-04
   107    1.950580956425e-05
   108   -2.091032742356e-05
   109    1.519189318613e-03
   110   -2.349269861790e-03
   111    3.441175715858e-03
   112    8.318926675363e-03
   113    3.617620595815e-03
   114    1.704765582789e-02
   115    1.933413216349e-02
   116   -1.748942939018e-02
   117   -1.880905056618e-02
   118   -2.192294828293e-02
   119    1.800391598075e-02
   120   -1.349868379040e-03
   121   -9.185160874384e-04
   122   -1.098028732557e-03
   123   -1.645894850651e-03
   124   -2.685540743238e-03
   125   -1.317416541650e-02
   126    1.545336332149e-02
   127   -2.644816471813e-04
   128    8.207801764610e-03
   129   -2.102928535279e-02
   130    2.973475099154e-02
   131   -4.567381619300e-04
   132    1.149981694719e-02
   133    1.086929151994e-02
   134   -9.317356206348e-02
   135    7.386092696389e-04
   136    4.222778521950e-02
   137    3.858609467557e-02
   138    1.318016396629e-01
   139   -5.086416785106e-04
   140    1.114232230486e-03
   141   -1.738451690077e-04
   142    3.759258209342e-04
   143    1.167156541294e-02
   144    3.882588900501e-02
   145   -1.675355866223e-03
   146   -2.681531663539e-03
   147    1.971394813070e-01
   148   -1.504653034774e-01
   149    2.579988862255e-03
   150    9.529826665096e-03
   151    2.926917129957e-01
   152   -2.211189598893e-01
   153    3.815775265982e-03
   154    5.161175807822e-02
   155    2.643373029148e-01
   156   -2.164225193346e-01
   157    3.514240384934e-03
   158   -1.346639070534e-01
   159    2.659253708574e-02
   160    2.666955720516e-02
   161    1.853650490339e-06
   162    3.298156058221e-04
   163   -1.031911275598e-04
   164   -1.220986692981e-04
   165   -1.494409156781e-02
   166   -5.724480492224e-03
   167    2.480456164693e-03
   168    3.969158496843e-03
   169   -1.255262508907e-01
   170   -1.347260716815e-01
   171    8.899504893933e-05
   172   -1.434030813329e-02
   173   -1.878085023076e-01
   174   -1.975123182401e-01
   175    9.813770286191e-05
   176   -6.525982209367e-02
   177   -1.662931391679e-01
   178   -1.992440687619e-01
   179    3.108939250286e-04
   180    8.173913064338e-02
   181   -2.157795512328e-02
   182    1.699367566644e-02
   183   -2.343560764676e-04
   184    3.679670081231e-04
   185    1.246824559409e-04
   186    8.536277897750e-05
   187    1.212519073152e-02
   188   -3.316971259341e-03
   189   -3.603533316859e-03
   190   -5.679555102494e-03
   191    3.575465030198e-02
   192    1.127437924075e-02
   193    3.410669535324e-04
   194    1.571179514049e-02
   195    5.126537888871e-02
   196    2.091027144252e-02
   197    4.668923449426e-04
   198    6.225824800048e-02
   199    9.473809467115e-02
   200   -4.341781791781e-03
   201    1.071629236186e-03
   202    4.451655396233e-01
   203    6.002339524348e-01
   204   -3.740724915813e-01
   205    9.002324558349e-03
   206    7.367279534921e-04
   207    3.875202922645e-05
   208   -9.829716888599e-06
   209    1.396485972963e-03
   210   -2.441871490463e-03
   211   -2.627091720953e-04
   212   -8.474071608125e-04
   213    2.261830954482e-03
   214    2.978030174938e-03
   215   -6.178741519223e-03
   216   -6.330255416715e-03
   217    1.209957044159e-02
   218    1.790509988621e-02
   219   -6.574510795055e-04
   220   -1.457861925171e-03
   221   -1.976064217830e-06
   222   -5.426903936184e-03
   223   -1.202642588567e-02
   224   -1.637258721143e-05
   225    1.410840932586e-02
   226    3.123597683250e-02
   227    4.329318481271e-05
   228    5.122987476499e-03
   229    1.197121173720e-02
   230    1.189101084778e-05
   231   -1.087354589349e-02
   232   -2.547658214275e-02
   233   -2.799027787856e-05
   234   -2.876906992139e-02
   235   -5.979938633991e-02
   236   -1.086356074694e-04
   237   -1.337538023091e-02
   238   -1.514610337733e-02
   239   -1.570832752415e-04
   240   -1.985586624542e-03
   241   -7.038681292391e-06
   242   -2.428938874360e-05
   243   -2.879709739737e-03
   244    1.829985881921e-03
   245   -1.067548818940e-04
   246   -6.445267769668e-07
   247   -4.111583471569e-07
   248   -1.118606301059e-04
   249    1.983587457791e-04
   250   -2.418496344729e-03
   251    6.554495550996e-04
   252   -1.780709972778e-03
   253    1.705455696413e-05
   254    2.996107922084e-03
   255    1.355010169965e-05
   256    1.571593469087e-05
   257    3.661946278544e-03
   258   -4.032706470097e-03
Sym=X
Ene= -0.163704
Spin=Alpha
Occup=1
     1   -1.916990150460e-05
     2   -3.016972626628e-05
     3    1.414924490397e-03
     4   -1.042433463458e-03
     5   -1.244963691174e-01
     6    9.118402906278e-05
     7    2.312518778001e-03
     8   -1.666627678541e-03
     9   -2.032178590448e-01
    10    8.087306218116e-05
    11    2.003324092053e-03
    12   -1.455624424862e-03
    13   -1.758465093151e-01
    14    2.212946062235e-04
    15    2.036551692008e-04
    16   -8.377145116908e-05
    17   -1.630779032921e-02
    18    2.172402094391e-05
    19    7.711448033507e-03
    20    1.102429774964e-02
    21   -1.317714181882e-04
    22   -3.586522504453e-05
    23   -9.018944354287e-06
    24   -1.374651747991e-05
    25   -7.342316554063e-05
    26    5.214528681158e-05
    27   -1.719775026983e-03
    28    3.236610186016e-05
    29   -1.133924046861e-04
    30    7.294301279019e-05
    31   -2.088873370696e-03
    32   -8.230652501306e-05
    33    1.050689103952e-04
    34    5.783078792681e-05
    35   -1.167747707447e-02
    36    3.262587272072e-04
    37    1.920058345533e-04
    38   -1.498086173663e-04
    39   -2.724635843936e-03
    40    5.513044746658e-04
    41    2.109512306482e-02
    42   -1.305752022318e-02
    43   -1.486096220417e-04
    44    3.245748457819e-04
    45   -5.434740297580e-06
    46   -8.596691286851e-06
    47   -1.625862210973e-03
    48    7.317687830486e-04
    49    1.384368214432e-01
    50    2.440650275482e-05
    51   -2.664571582236e-03
    52    1.236470529232e-03
    53    2.276536002528e-01
    54   -1.396399028883e-04
    55   -2.379186120674e-03
    56    1.341491545601e-03
    57    2.034531558777e-01
    58   -2.967077189369e-04
    59   -1.463321232526e-04
    60    5.889440866434e-05
    61    2.716923574061e-02
    62    1.420748281698e-04
    63   -1.205908978484e-03
    64   -1.418056621078e-02
    65    1.021980374106e-04
    66    1.589146763210e-04
    67   -1.782952833931e-05
    68   -2.825893019875e-05
    69   -1.297831123659e-03
    70    9.725048859877e-04
    71    1.229583363802e-01
    72    8.216304844535e-05
    73   -2.128470823563e-03
    74    1.553169148689e-03
    75    2.006618435040e-01
    76    2.002811943612e-04
    77   -1.810311788425e-03
    78    1.356921076139e-03
    79    1.685836663802e-01
    80   -3.954476360795e-04
    81   -3.388415483367e-04
    82   -2.852788689747e-05
    83    1.152945738795e-02
    84    1.419147201191e-05
    85    8.397411037450e-03
    86    1.251837511641e-02
    87   -1.814054125558e-04
    88   -3.319426142016e-05
    89    3.520773660960e-05
    90    5.576711778658e-05
    91    1.352688131483e-03
    92   -5.897845326294e-04
    93   -1.262467752474e-01
    94   -1.586876004376e-04
    95    2.224397346694e-03
    96   -1.017221345297e-03
    97   -2.059267630290e-01
    98   -2.024789611563e-04
    99    1.926869426633e-03
   100   -9.724939992351e-04
   101   -1.817288032183e-01
   102    1.786548214459e-04
   103    1.074399410519e-04
   104   -2.522561665504e-04
   105   -1.300686079755e-02
   106    1.569679947120e-05
   107   -6.181683666637e-03
   108   -1.169300233053e-02
   109    1.402584349396e-04
   110    1.252807894371e-04
   111   -1.804479851979e-04
   112   -2.491370252763e-04
   113   -6.610096026472e-05
   114    4.530387964292e-05
   115    7.120943044209e-05
   116    3.432982234248e-05
   117   -9.355117601160e-05
   118   -1.459862998091e-04
   119   -4.331808260554e-05
   120   -1.530691427168e-05
   121   -1.454219599397e-05
   122   -1.958118607213e-06
   123   -1.625380920747e-05
   124   -2.600398696343e-05
   125    1.048310964794e-04
   126   -3.646804038900e-05
   127   -5.794167100077e-04
   128    8.173413062330e-05
   129    1.612653174992e-04
   130   -5.426923731254e-05
   131   -3.062288212917e-04
   132    9.713601271597e-05
   133    9.483383310380e-05
   134   -9.768854117083e-05
   135   -5.658804850111e-03
   136    6.078039226308e-05
   137    3.427051918611e-04
   138   -4.497810912663e-04
   139   -3.951489485564e-02
   140   -2.513493047653e-04
   141   -1.782765518379e-02
   142   -7.841881156297e-03
   143    2.290874307599e-04
   144   -5.366519397316e-05
   145    1.299625582195e-05
   146    2.124958102401e-05
   147    6.004726256685e-04
   148   -4.397388051886e-04
   149   -7.335502647882e-02
   150   -6.421890291223e-05
   151    8.898180787068e-04
   152   -6.512829924766e-04
   153   -1.086613612605e-01
   154   -6.408544558399e-05
   155    8.657839465975e-04
   156   -6.180505346168e-04
   157   -1.053424160898e-01
   158    1.595774096307e-04
   159   -1.232382556584e-05
   160   -4.086980348192e-05
   161   -2.219080341854e-03
   162   -1.655369654568e-05
   163    2.418092580940e-03
   164    4.972061163174e-03
   165   -5.451467826257e-05
   166   -3.032593673562e-05
   167    1.412870104761e-05
   168    2.326344415986e-05
   169    2.108416190248e-04
   170    6.737449656435e-05
   171   -1.387555639123e-02
   172   -6.453975585213e-05
   173    3.182193159998e-04
   174    9.488984021255e-05
   175   -2.084934603866e-02
   176   -1.261882851472e-04
   177    3.415287958647e-04
   178    2.951534206540e-05
   179   -2.070864441405e-02
   180   -1.815091749486e-04
   181   -7.037157918895e-05
   182    3.524925962062e-05
   183    9.248699357864e-03
   184   -2.186881833503e-06
   185   -6.452420164230e-04
   186   -1.232507220253e-03
   187    5.146226985585e-07
   188    7.432046383303e-06
   189    1.006970015175e-05
   190    1.582362675143e-05
   191   -2.088502737836e-05
   192   -3.053162040778e-04
   193   -1.517931962488e-03
   194   -5.174027529402e-05
   195   -5.010166260275e-05
   196   -4.804354645297e-04
   197   -1.839925627447e-03
   198    1.101530087166e-04
   199   -1.359507202193e-04
   200   -3.431447984298e-04
   201   -3.613382404518e-03
   202   -3.184256098929e-04
   203    3.234539577019e-04
   204    1.069652307762e-04
   205   -4.011924816972e-03
   206    5.705403568427e-04
   207    2.136531488212e-02
   208   -1.459836182561e-02
   209   -1.324518383529e-04
   210    3.729394000905e-04
   211    8.172668434651e-06
   212    2.643836988989e-05
   213   -7.126955583326e-05
   214   -8.895660606501e-05
   215    1.784184771577e-04
   216    2.138070909090e-04
   217   -3.989152480085e-04
   218   -3.567250699850e-04
   219   -1.479266794997e-05
   220    3.180126370816e-05
   221    1.065848696982e-03
   222   -1.221627568570e-04
   223    2.623921274411e-04
   224    8.798336023408e-03
   225    3.200872473028e-04
   226   -6.829597563252e-04
   227   -2.297497259390e-02
   228    1.170618375815e-04
   229   -2.609073163353e-04
   230   -8.586040431988e-03
   231   -2.625600060602e-04
   232    5.660453024868e-04
   233    1.890923023460e-02
   234   -6.350281322783e-04
   235    1.307640118546e-03
   236    4.476599887609e-02
   237   -5.129188053673e-04
   238    6.450300580107e-04
   239    2.862474361665e-02
   240   -8.669151489342e-06
   241   -8.744552318087e-04
   242    6.624405196006e-04
   243    2.425715264849e-05
   244   -4.463154769405e-05
   245   -5.444786760312e-06
   246   -1.626202816212e-04
   247    1.183766783156e-04
   248    1.887698049730e-06
   249   -3.002590101790e-06
   250    1.394462982860e-04
   251   -1.699863823959e-05
   252    6.901208013092e-05
   253    1.645130499681e-03
   254    4.137833039020e-05
   255    3.321710666904e-03
   256   -9.515603892099e-04
   257   -6.413723349241e-05
   258    8.517366144478e-05
Sym=X
Ene= -0.413535
Spin=Alpha
Occup=1
     1   -8.418961812718e-06
     2   -1.354261616985e-05
     3    1.254270634474e-03
     4   -7.456514935670e-04
     5   -1.146588006653e-01
     6    4.135633433190e-05
     7    2.045052322979e-03
     8   -1.216457797733e-03
     9   -1.875321531292e-01
    10   -5.075910044625e-05
    11    1.518829473561e-03
    12   -8.996221268422e-04
    13   -1.409155902350e-01
    14   -2.804353145105e-04
    15   -3.535389439489e-05
    16   -5.466683657247e-07
    17   -4.311189122935e-03
    18   -3.031640517023e-04
    19   -1.221477692469e-02
    20    6.187225780428e-03
    21    9.163366972382e-05
    22   -1.561350470994e-04
    23    1.221725372529e-06
    24    1.899143679901e-06
    25    1.484412296798e-03
    26   -9.293083822958e-04
    27   -1.363617448568e-01
    28   -8.209207883482e-06
    29    2.431863480972e-03
    30   -1.520347116098e-03
    31   -2.233381248912e-01
    32    1.007574372432e-04
    33    1.770998916719e-03
    34   -1.181798534585e-03
    35   -1.657897414961e-01
    36   -1.549537609647e-04
    37   -4.880091012727e-05
    38    3.543293265639e-06
    39   -6.687339418730e-03
    40    2.085820878284e-05
    41    7.613849124312e-03
    42    1.042275748537e-02
    43   -1.486452697820e-04
    44   -7.074365857738e-05
    45   -1.346374004258e-06
    46   -2.224348363218e-06
    47    1.115418153130e-03
    48   -6.809917800226e-04
    49   -1.022689244438e-01
    50    9.397777320627e-06
    51    1.828670082521e-03
    52   -1.113244334676e-03
    53   -1.675614362407e-01
    54   -5.304555994994e-05
    55    1.513327949967e-03
    56   -9.168749864550e-04
    57   -1.315711097185e-01
    58   -1.109370250140e-04
    59    8.336710694743e-05
    60    2.182699423600e-04
    61   -1.099094426960e-02
    62    3.067727377917e-04
    63    9.734259451382e-03
    64   -1.036082404178e-02
    65   -3.700931323498e-05
    66    1.788918976829e-04
    67   -3.967447522032e-06
    68   -6.240502322014e-06
    69    4.388772801012e-04
    70   -2.636306143065e-04
    71   -4.032035219517e-02
    72    1.452785557834e-05
    73    7.231399757723e-04
    74   -4.376228371275e-04
    75   -6.656493680724e-02
    76    1.076061626677e-04
    77    1.081983585995e-04
    78   -7.053448816923e-05
    79   -1.614547275038e-02
    80    2.855356324318e-04
    81    2.864086554391e-04
    82    1.386804524883e-04
    83   -6.958773545195e-03
    84    1.039883678183e-04
    85   -5.840224556367e-04
    86   -1.010235324270e-02
    87    7.451083448466e-05
    88    1.132339569815e-04
    89    1.276265453570e-05
    90    2.029123512460e-05
    91    6.532583364221e-04
    92   -3.921356421254e-04
    93   -6.099874194686e-02
    94   -5.863422950660e-05
    95    1.081293913082e-03
    96   -6.469649847484e-04
    97   -1.002408579739e-01
    98   -2.807757044630e-05
    99    5.760137973251e-04
   100   -3.057441031151e-04
   101   -5.194406056730e-02
   102    5.482584646824e-04
   103    1.772636756391e-04
   104   -1.987399359992e-04
   105   -1.015981713184e-02
   106   -9.027183759003e-05
   107   -9.025553291355e-03
   108   -7.122999849175e-03
   109    1.410465296105e-04
   110    2.105221424105e-05
   111    1.983921932070e-05
   112    1.989449271749e-05
   113    7.551123665144e-06
   114   -2.506416689914e-05
   115   -2.409901104425e-05
   116    2.125103181012e-05
   117   -7.017423036419e-06
   118   -1.153246249316e-06
   119    6.457725629366e-06
   120   -4.704851396068e-06
   121    1.175334234524e-07
   122   -2.918646358597e-06
   123   -4.407929893574e-06
   124   -7.133415650420e-06
   125   -2.984143805107e-04
   126    1.921362665756e-04
   127    2.906517458619e-02
   128    2.420090514177e-05
   129   -4.592683512228e-04
   130    2.943267114428e-04
   131    4.482280304596e-02
   132    8.302553949183e-06
   133   -4.209463081406e-04
   134    2.946044153079e-04
   135    4.100643773122e-02
   136   -5.883528583500e-05
   137   -3.178347640552e-04
   138    1.905208513389e-04
   139    3.122768089153e-02
   140    2.441836685901e-04
   141    1.331690002146e-02
   142    7.665835008139e-04
   143   -1.514231190072e-04
   144    7.972352702772e-05
   145    4.113053441305e-06
   146    6.714736696734e-06
   147   -5.162220788673e-04
   148    3.200400974714e-04
   149    4.721703150509e-02
   150   -2.037698991000e-05
   151   -7.728317406099e-04
   152    4.799078418455e-04
   153    7.077855927997e-02
   154   -3.393797966769e-05
   155   -6.714262321658e-04
   156    4.254870204899e-04
   157    6.140198137211e-02
   158    1.908882489526e-05
   159    5.499792653346e-05
   160   -3.625868107621e-05
   161   -5.158797893941e-03
   162    1.763594539373e-05
   163   -1.963365546253e-03
   164   -4.633973721942e-03
   165    5.217125878449e-05
   166    3.725821383969e-05
   167    6.020591599428e-06
   168    9.859354355412e-06
   169   -3.684623647342e-04
   170    2.584172220137e-04
   171    3.389336905593e-02
   172   -2.932316385302e-05
   173   -5.520727127796e-04
   174    3.863988323033e-04
   175    5.081423130357e-02
   176   -3.135845934764e-05
   177   -4.618670362440e-04
   178    3.173525461617e-04
   179    4.252320889043e-02
   180   -4.982649756968e-06
   181    7.099531342966e-05
   182   -4.626012820080e-05
   183   -6.531237923293e-03
   184   -7.695477892738e-05
   185   -1.619815721026e-03
   186    3.824469482399e-03
   187   -1.079088826220e-05
   188   -5.379623981408e-05
   189   -9.976322890680e-06
   190   -1.645818812615e-05
   191    4.480754213410e-04
   192   -3.217533741769e-04
   193   -4.168963414729e-02
   194    5.077136322023e-05
   195    7.246481337538e-04
   196   -5.234353813070e-04
   197   -6.755817116395e-02
   198   -2.366228724267e-05
   199    3.263208801074e-04
   200   -2.972590549848e-04
   201   -3.813189713571e-02
   202   -2.643310121614e-04
   203   -1.981958420876e-04
   204   -1.215477018366e-05
   205    3.079141055236e-02
   206    4.252456736846e-05
   207    2.036606942258e-03
   208   -5.985682164420e-04
   209   -1.364950232978e-05
   210    3.178118893780e-05
   211    1.905003545955e-06
   212    6.162940723008e-06
   213   -1.661570497339e-05
   214   -2.070090115514e-05
   215    4.142605393111e-05
   216    5.004559538529e-05
   217   -9.376753832186e-05
   218   -8.682576390019e-05
   219    5.499592364119e-05
   220   -3.087483110881e-05
   221   -5.323034787740e-03
   222    4.540293943052e-04
   223   -2.549388281666e-04
   224   -4.394526255996e-02
   225   -1.185144582782e-03
   226    6.659711569090e-04
   227    1.147229958595e-01
   228   -4.340784696816e-04
   229    2.407859025614e-04
   230    4.211660833416e-02
   231    9.482436747538e-04
   232   -5.280051428712e-04
   233   -9.216517059577e-02
   234    2.327784963744e-03
   235   -1.317846856298e-03
   236   -2.249692557950e-01
   237    1.294665943986e-03
   238   -7.612368443702e-04
   239   -1.280585248145e-01
   240   -1.143720370978e-06
   241    1.776305960531e-03
   242    3.277503570764e-03
   243   -3.716465127896e-05
   244   -2.992916119319e-05
   245   -8.301100499708e-07
   246    2.759958475508e-04
   247    5.323820771495e-04
   248   -6.538325831170e-06
   249   -4.949111212702e-06
   250   -1.541121892947e-05
   251    1.499064473684e-04
   252   -9.114907275538e-05
   253   -1.377335245364e-02
   254    6.491602307919e-06
   255   -4.254092070010e-03
   256   -8.058105401557e-03
   257    9.300890577156e-05
   258    6.773599407641e-05
Sym=X
Ene= -0.473742
Spin=Alpha
Occup=1
     1   -5.288535665586e-06
     2   -8.421577055145e-06
     3    6.550298102981e-05
     4   -7.215975633656e-05
     5   -7.540383445635e-03
     6    2.102604172931e-05
     7    1.126715542729e-04
     8   -1.176752775917e-04
     9   -1.278003525420e-02
    10    1.123790509881e-04
    11    2.995097300678e-04
    12   -2.506186300593e-04
    13   -2.601450565410e-02
    14    1.790973759302e-04
    15   -3.571420444679e-04
    16   -1.733831693280e-04
    17    1.910857453442e-03
    18   -1.050961122863e-04
    19   -1.228781866523e-02
    20   -1.119333731392e-02
    21    2.080680179028e-04
    22    4.193471340588e-05
    23    2.480720315356e-06
    24    3.804570589414e-06
    25    6.859014523858e-04
    26   -4.138687869750e-04
    27   -6.142322650127e-02
    28   -8.066700147167e-06
    29    1.123327456532e-03
    30   -6.790401829122e-04
    31   -1.006703519612e-01
    32   -7.433405929931e-05
    33    1.209245983737e-03
    34   -6.939160470676e-04
    35   -1.076643362583e-01
    36   -8.646227346939e-04
    37   -1.054861913110e-04
    38    1.332439849964e-04
    39   -2.580117203974e-02
    40    1.236625206839e-05
    41   -8.928403606481e-05
    42   -1.292019559130e-03
    43    1.243468217103e-05
    44    1.367615006257e-05
    45    9.337935823799e-06
    46    1.502863932385e-05
    47   -1.646821395447e-05
    48    5.173792343700e-05
    49    3.216807298939e-03
    50   -4.220309480762e-05
    51   -1.988824628772e-05
    52    6.958656676929e-05
    53    4.191591157730e-03
    54   -5.386395391630e-05
    55    1.213559566048e-04
    56    8.661365245219e-06
    57   -8.808727757206e-03
    58    4.460883333847e-05
    59   -3.857752726685e-04
    60    1.144059234414e-03
    61    2.645319945758e-02
    62    1.020441288775e-04
    63   -6.232565565943e-03
    64   -1.930975760334e-02
    65    2.015058542726e-04
    66    1.741146549944e-04
    67   -1.740211165794e-05
    68   -2.786732118054e-05
    69   -1.380504699519e-03
    70    7.686472526191e-04
    71    1.207148555732e-01
    72    8.032441417641e-05
    73   -2.236930387692e-03
    74    1.248900896540e-03
    75    1.971666995272e-01
    76    2.175062221597e-04
    77   -1.890022065007e-03
    78    1.071930769132e-03
    79    1.642670054322e-01
    80   -5.108428674058e-04
    81    9.983651497731e-04
    82    2.850750697852e-04
    83   -1.451492938806e-02
    84   -3.573144677495e-04
    85   -1.726667221500e-02
    86    2.483843004799e-03
    87    1.742497926161e-04
    88   -1.518565978582e-04
    89    1.214324709418e-05
    90    1.927946731333e-05
    91   -1.110246584065e-03
    92    7.222267700444e-04
    93    1.025793256214e-01
    94   -4.929091284204e-05
    95   -1.800533757832e-03
    96    1.170160269933e-03
    97    1.669429510855e-01
    98   -2.872244155362e-04
    99   -1.572319726628e-03
   100    9.993796645810e-04
   101    1.385185289154e-01
   102    7.326694195836e-04
   103    4.106485802227e-05
   104   -6.837779001283e-04
   105   -3.639375518207e-03
   106    3.454066901764e-04
   107    8.974626325685e-03
   108   -1.528710210908e-02
   109    2.145503793707e-06
   110    2.294751809996e-04
   111   -4.780890748086e-06
   112   -1.395364282319e-06
   113    2.037340285247e-05
   114   -8.943216969760e-07
   115   -5.791813397969e-06
   116    2.794852182684e-06
   117    2.371624101660e-05
   118    1.877420479923e-05
   119    1.809385301033e-05
   120   -1.149093202129e-05
   121   -5.692225818023e-06
   122   -3.011331783262e-05
   123   -8.180837815262e-07
   124   -1.432267748345e-06
   125    1.465138143921e-04
   126   -1.070679661351e-04
   127   -1.515419361435e-02
   128    4.843667861648e-06
   129    2.276349859952e-04
   130   -1.668550907281e-04
   131   -2.354631394892e-02
   132    5.351565033890e-06
   133    1.929579925761e-04
   134   -1.286090941548e-04
   135   -1.989351246030e-02
   136   -1.532299850532e-05
   137    1.971231797640e-04
   138   -2.637497107593e-04
   139   -1.648717836994e-02
   140   -4.597976109942e-05
   141   -4.213241066990e-05
   142    3.840270432075e-03
   143   -2.610081740515e-05
   144   -5.354506377332e-05
   145   -2.446532458449e-07
   146   -3.588235725438e-07
   147   -2.222810177931e-04
   148    1.621266374183e-04
   149    1.776570795066e-02
   150   -8.264755360672e-07
   151   -3.296973062068e-04
   152    2.402303473536e-04
   153    2.632542260541e-02
   154   -2.455996468980e-07
   155   -3.462469757974e-04
   156    2.409328196899e-04
   157    2.820035113292e-02
   158    8.516106261695e-05
   159   -1.186147264776e-04
   160    6.633864082472e-05
   161    9.822911861874e-03
   162    4.254459308462e-06
   163   -2.629825943010e-05
   164   -3.735825388184e-04
   165    7.050030189681e-06
   166    4.626678695913e-06
   167   -3.302569093076e-06
   168   -5.386294726934e-06
   169    2.930735893694e-04
   170   -1.423423469782e-04
   171   -2.385226395264e-02
   172    1.664106158968e-05
   173    4.399965968490e-04
   174   -2.144539656594e-04
   175   -3.584979121503e-02
   176    2.523769593623e-05
   177    3.775641861221e-04
   178   -1.753371607259e-04
   179   -3.051805084462e-02
   180   -7.080079077596e-05
   181   -2.729329326512e-05
   182    2.395186335822e-05
   183    2.987480389956e-03
   184    4.876179144618e-05
   185    1.112155517105e-03
   186   -2.314164106945e-03
   187    1.966135258311e-06
   188    3.394388233608e-05
   189    3.122219180858e-06
   190    4.970775272410e-06
   191   -1.619663964780e-03
   192    1.009029911364e-03
   193    1.522766653071e-01
   194   -1.659978842597e-05
   195   -2.617125426359e-03
   196    1.629727325734e-03
   197    2.462595619480e-01
   198    1.895305078525e-05
   199   -2.230271125876e-03
   200    1.424169513874e-03
   201    1.958486499406e-01
   202    4.265443435523e-04
   203    6.140624353168e-04
   204   -3.182201873579e-04
   205    2.622617840875e-02
   206    4.254044810722e-05
   207    1.304170358926e-02
   208    1.765723952674e-02
   209   -2.323494589530e-04
   210   -9.572975704293e-05
   211    1.284505429628e-07
   212    4.183576395957e-07
   213   -1.156056549378e-06
   214   -1.266777135625e-06
   215    2.327149190757e-06
   216    4.475624805331e-06
   217   -1.130708646792e-05
   218    5.139361256974e-06
   219    6.566416603067e-05
   220   -4.233630536948e-05
   221   -7.565929498276e-03
   222    5.421787103106e-04
   223   -3.495699106157e-04
   224   -6.246507836473e-02
   225   -1.419296832177e-03
   226    9.150546843836e-04
   227    1.634182369488e-01
   228   -5.336404302016e-04
   229    3.436626167755e-04
   230    6.160589971953e-02
   231    1.196935613732e-03
   232   -7.707194105875e-04
   233   -1.376797197144e-01
   234    2.805322417729e-03
   235   -1.807860252199e-03
   236   -3.212057541659e-01
   237    2.081224872170e-03
   238   -1.319818429277e-03
   239   -2.308196674634e-01
   240    1.322720135181e-06
   241   -5.713102601151e-03
   242   -9.305718290097e-03
   243    1.280720681485e-04
   244    6.598666912855e-05
   245   -6.187947335440e-07
   246   -6.625630979500e-04
   247   -9.813569499316e-04
   248    1.381861902813e-05
   249    5.930422488401e-06
   250    8.941626881971e-07
   251    8.992661713805e-05
   252   -5.978860545033e-05
   253   -1.072610352212e-02
   254    8.409393918193e-07
   255    8.599663015991e-03
   256    1.351894859083e-02
   257   -1.942395652406e-04
   258   -9.609768267412e-05
Sym=X
Ene= -0.733094
Spin=Alpha
Occup=1
     1   -5.296080571869e-06
     2   -8.420510097738e-06
     3   -5.895547634693e-04
     4    3.275076175426e-04
     5    5.316896542172e-02
     6    2.113638670538e-05
     7   -9.515172027203e-04
     8    5.353271584997e-04
     9    8.615631518586e-02
    10    3.195662024921e-05
    11   -7.534349307000e-04
    12    4.288720758797e-04
    13    7.042483295568e-02
    14    6.206878735390e-04
    15   -4.160076629442e-04
    16    2.776671684205e-05
    17    2.764192425774e-02
    18    1.941177519942e-04
    19    1.175479632346e-02
    20    2.477052576435e-03
    21   -1.401386580134e-04
    22    5.505412680671e-05
    23    1.586902457229e-06
    24    2.713746783588e-06
    25   -1.019545127896e-03
    26    6.148177959829e-04
    27    9.260545904407e-02
    28   -6.501631940267e-06
    29   -1.662620482397e-03
    30    1.001487220728e-03
    31    1.511520145776e-01
    32   -7.613438103198e-05
    33   -1.320755309925e-03
    34    8.159353676895e-04
    35    1.207182467000e-01
    36    1.893713116792e-06
    37    2.020207000653e-04
    38   -7.965378183262e-05
    39   -1.926966130850e-02
    40    4.000178524716e-05
    41   -2.050061893654e-03
    42   -6.599158487304e-03
    43    6.462634120409e-05
    44    6.346821270318e-05
    45    7.155574497214e-06
    46    1.161637399626e-05
    47   -7.688496096827e-04
    48    4.606079524713e-04
    49    6.853334257840e-02
    50   -3.203125332612e-05
    51   -1.250363410640e-03
    52    7.463939555548e-04
    53    1.113645126818e-01
    54   -1.674826135372e-04
    55   -1.076509437289e-03
    56    7.607461078111e-04
    57    9.794433581696e-02
    58   -1.920244805598e-04
    59   -5.236428787152e-04
    60    3.159000729019e-04
    61    4.725947146781e-02
    62   -1.787061037382e-04
    63   -2.235547521373e-03
    64    1.187274739122e-02
    65   -5.334886152768e-05
    66   -1.445763920109e-04
    67   -1.283762551311e-05
    68   -2.037344233455e-05
    69    2.060663220989e-04
    70   -1.441256952875e-04
    71   -2.111443721431e-02
    72    5.096413235250e-05
    73    3.466480887964e-04
    74   -2.449865719393e-04
    75   -3.515082486280e-02
    76    3.263556624184e-04
    77    1.640714702336e-04
    78   -3.637275418325e-05
    79   -1.975764404524e-02
    80   -5.981447336785e-04
    81    7.252381390577e-04
    82   -1.190155511568e-04
    83   -4.058613136463e-02
    84    1.757983946977e-04
    85    1.398007364885e-02
    86    7.732101758114e-03
    87   -2.026081945210e-04
    88    9.610656949299e-06
    89    1.157236287927e-05
    90    1.849501114408e-05
    91    2.876678382145e-04
    92   -1.290635633094e-04
    93   -2.702587980236e-02
    94   -5.391546783778e-05
    95    4.858066474395e-04
    96   -2.304393230291e-04
    97   -4.489104364038e-02
    98   -8.104803560135e-05
    99    2.644573158469e-04
   100   -7.861996082279e-05
   101   -2.354929105359e-02
   102    4.695962744597e-05
   103    3.586201049938e-04
   104   -5.911552587448e-04
   105   -3.750154082656e-02
   106   -1.801893870355e-04
   107   -3.700072515255e-04
   108    1.502087233691e-02
   109   -9.519904920445e-05
   110   -1.623325591892e-04
   111   -1.361894109127e-05
   112   -1.615569596613e-05
   113   -1.411227896667e-05
   114    1.642746732667e-06
   115    6.800627383899e-06
   116   -7.388476581789e-07
   117    3.843265505933e-07
   118    2.388980307214e-06
   119    2.060289021063e-05
   120   -3.765785094834e-06
   121    5.848660559815e-06
   122    4.832904660254e-06
   123   -8.424248849991e-07
   124   -1.349257504844e-06
   125    7.723658377287e-05
   126   -4.686653179112e-05
   127   -6.493497567327e-03
   128    4.064749408693e-06
   129    1.176745744210e-04
   130   -6.813881628115e-05
   131   -9.713811028712e-03
   132    7.728067547032e-06
   133    9.996602831644e-05
   134   -1.048380910568e-04
   135   -1.107460991602e-02
   136    9.210013399775e-06
   137    3.324064598940e-04
   138   -1.545199927279e-04
   139   -3.266325371892e-02
   140   -1.809329159806e-04
   141   -8.729410191102e-03
   142    1.190470558054e-03
   143    7.892213779025e-05
   144   -7.725454736847e-05
   145    1.139749052516e-07
   146    2.019860669492e-07
   147    1.807594534351e-04
   148   -1.229335924296e-04
   149   -2.102957528920e-02
   150   -9.368650511079e-07
   151    2.698407136245e-04
   152   -1.841940201988e-04
   153   -3.142487838288e-02
   154    1.695055054082e-05
   155    2.523448102258e-04
   156   -1.756957492644e-04
   157   -2.912113796833e-02
   158   -4.179289322261e-05
   159   -6.850793187275e-05
   160    4.797155051309e-05
   161    6.398306450567e-03
   162   -1.346725017567e-05
   163    4.457237202199e-04
   164    1.816925815941e-03
   165   -1.462771821994e-05
   166   -1.483660767659e-05
   167   -9.261570860543e-08
   168   -1.677718650674e-07
   169    2.585449022118e-04
   170   -1.555197735476e-04
   171   -2.459277506865e-02
   172    2.049447388606e-06
   173    3.843717420155e-04
   174   -2.306621523640e-04
   175   -3.641899590664e-02
   176   -1.184561348731e-05
   177    3.665060539106e-04
   178   -2.231904412799e-04
   179   -3.449702533603e-02
   180    5.278909489084e-05
   181   -7.902812418057e-05
   182    5.916839157725e-05
   183    6.792667135069e-03
   184    4.027648141460e-05
   185    8.601108245262e-04
   186   -2.055750951398e-03
   187    4.021598302682e-06
   188    2.765746750715e-05
   189   -8.776686598478e-07
   190   -1.704329191965e-06
   191    1.149985166606e-03
   192   -7.188309174504e-04
   193   -1.024366589542e-01
   194    1.249229198600e-05
   195    1.874494135754e-03
   196   -1.170451214118e-03
   197   -1.671810899205e-01
   198   -8.029580873285e-05
   199    1.549362895540e-03
   200   -1.057393453665e-03
   201   -1.523519981520e-01
   202    1.803142468790e-04
   203   -6.978050237156e-05
   204   -2.744699891171e-05
   205    3.962659184538e-02
   206    4.371175637810e-06
   207    7.442951905489e-03
   208    1.164629442770e-02
   209   -1.434544906409e-04
   210   -6.207364261275e-05
   211   -1.486227946821e-07
   212   -4.834005751634e-07
   213    1.327329688578e-06
   214    1.467675952451e-06
   215   -2.699444340491e-06
   216   -4.555550587241e-06
   217    1.110158677351e-05
   218   -3.764891975565e-05
   219    1.017897062936e-04
   220   -6.337159089459e-05
   221   -1.033353704892e-02
   222    8.402711504950e-04
   223   -5.231769899627e-04
   224   -8.530162513748e-02
   225   -2.192304827600e-03
   226    1.365339781875e-03
   227    2.225653188050e-01
   228   -8.050551503482e-04
   229    4.978960331611e-04
   230    8.203458261139e-02
   231    1.752917157450e-03
   232   -1.084815992886e-03
   233   -1.788892862100e-01
   234    4.284358237197e-03
   235   -2.679272694156e-03
   236   -4.341020150179e-01
   237    2.317154640234e-03
   238   -1.452988576157e-03
   239   -2.397897526952e-01
   240   -4.490795623472e-06
   241    6.241310805416e-03
   242    1.048110161393e-02
   243   -1.370476544292e-04
   244   -7.122145995576e-05
   245   -5.149116521463e-07
   246    9.505843834855e-04
   247    1.594322951100e-03
   248   -2.161879147615e-05
   249   -1.145313907436e-05
   250   -5.211439593807e-05
   251    8.906036282063e-05
   252   -6.487458638592e-05
   253   -9.304321749095e-03
   254    1.880395114839e-05
   255   -1.433762448129e-02
   256   -2.489096955314e-02
   257    3.190025859650e-04
   258    1.712012506148e-04
Sym=X
Ene= 0.733094
Spin=Alpha
Occup=0
     1   -1.374025583587e-06
     2   -2.966237584277e-06
     3    6.495839886961e-04
     4   -3.876676951011e-04
     5   -6.103471636287e-02
     6    1.468959968048e-05
     7    8.723642291210e-04
     8   -5.422515895109e-04
     9   -8.379435165925e-02
    10    2.313962982857e-04
    11    2.047509841552e-03
    12   -1.214643668242e-03
    13   -1.869505743095e-01
    14    8.151768487278e-03
    15   -3.967283108788e-04
    16   -3.195590614415e-03
    17   -1.296549960388e-01
    18   -5.976246907186e-05
    19    9.429199787837e-04
    20    7.501166321361e-03
    21   -4.733087450513e-05
    22   -6.328506413535e-05
    23   -7.084021709058e-07
    24   -1.260097144182e-06
    25   -9.098270236658e-05
    26    6.405955974610e-05
    27    7.708996696178e-03
    28    1.803457402519e-06
    29   -2.430327713658e-04
    30    1.579779948458e-04
    31    2.014286745845e-02
    32    7.673224993575e-05
    33   -6.216277607132e-05
    34    1.483718000770e-04
    35    2.178331367816e-02
    36   -1.137769254633e-02
    37   -5.812350703271e-03
    38    3.861692319193e-03
    39    2.974349193211e-01
    40    1.115352140359e-04
    41    7.989695434429e-03
    42    3.998598321966e-03
    43   -1.166109005947e-04
    44    6.177766636813e-06
    45    6.817194769746e-06
    46    1.148201006830e-05
    47    2.283782891702e-04
    48   -1.677096413696e-04
    49   -2.396780070623e-02
    50   -3.449920425006e-05
    51    2.390293024355e-04
    52   -1.958957507151e-04
    53   -2.785596374844e-02
    54    1.127691553804e-04
    55    8.591357616333e-04
    56   -7.687503565706e-04
    57   -8.520308559219e-02
    58   -4.364169975317e-03
    59    5.526777468323e-03
    60    9.945163181536e-03
    61   -3.052529779161e-01
    62   -7.572343095748e-05
    63    7.807229843602e-04
    64    8.302937633505e-03
    65   -4.819367417933e-05
    66   -8.457045318015e-05
    67    5.265750331782e-06
    68    9.510139784103e-06
    69    4.009205269285e-04
    70   -2.257389257605e-04
    71   -4.041156422432e-02
    72   -3.052810027899e-05
    73    5.249189978412e-04
    74   -2.449002596013e-04
    75   -5.364244285862e-02
    76   -1.113129356078e-04
    77    1.221737560867e-03
    78   -1.159403914837e-03
    79   -1.403414760348e-01
    80    4.100436758996e-02
    81   -1.141995284553e-02
    82    5.114905938590e-03
    83    6.869285894726e-01
    84    1.218698585403e-04
    85    9.038066317497e-04
    86   -8.900499328590e-03
    87    4.284926282687e-05
    88    1.040007889713e-04
    89    1.619509691999e-06
    90    6.131025462375e-07
    91    3.572368742337e-04
    92   -2.300445410697e-04
    93   -3.733861131044e-02
    94    5.065001586913e-05
    95    3.520591668946e-04
    96   -2.373366115394e-04
    97   -4.149880629274e-02
    98   -8.200953960840e-04
    99    1.268779019789e-03
   100   -7.348417665087e-04
   101   -1.529300427486e-01
   102   -1.302383573246e-02
   103   -1.053645945220e-02
   104    4.738761377391e-03
   105    9.478272446966e-01
   106   -1.918152645116e-04
   107   -1.440783154895e-02
   108   -6.056708797288e-03
   109    1.896442275013e-04
   110   -2.758103279381e-05
   111   -3.083917012212e-05
   112   -2.731596702767e-05
   113   -7.394706656326e-04
   114   -1.149654892887e-05
   115   -3.133608588797e-05
   116   -3.104841290749e-04
   117    1.182356878962e-05
   118    1.012990933666e-04
   119   -2.798027562638e-04
   120   -1.945561871794e-05
   121   -2.439309726002e-05
   122   -7.183089950168e-04
   123   -1.294144632837e-05
   124   -2.121663281180e-05
   125    1.257625703524e-04
   126   -8.678336578940e-05
   127   -1.181543012829e-02
   128    6.287890995721e-05
   129    2.123982641273e-04
   130   -1.467146692474e-04
   131   -2.032375317751e-02
   132    2.257946941947e-04
   133    1.645557622421e-04
   134   -5.219160332224e-05
   135   -9.231185598751e-03
   136    1.551679280790e-03
   137   -6.015470079178e-04
   138   -3.048722570668e-03
   139    3.804213480080e-02
   140    2.160409260949e-05
   141    1.059197956786e-03
   142    1.049046806313e-03
   143   -1.790945093372e-05
   144   -5.296397772625e-06
   145    8.798231991413e-06
   146    1.464121176645e-05
   147   -1.310033615309e-05
   148    3.163598579189e-05
   149    1.621760170396e-03
   150   -4.836286726233e-05
   151   -1.706643747435e-05
   152    4.861199375914e-05
   153    2.464239788145e-03
   154   -1.425587211383e-04
   155   -8.191543371763e-06
   156    7.165732216127e-05
   157    1.093360146882e-03
   158    1.168779054510e-03
   159   -4.157745745168e-05
   160   -2.098679939629e-04
   161   -2.847625943400e-03
   162   -7.382687665834e-06
   163   -3.998389714524e-05
   164    6.960460459743e-04
   165   -4.024881246098e-06
   166   -7.440306622476e-06
   167    1.131341314140e-05
   168    1.920617200028e-05
   169    7.177988127816e-06
   170   -5.682638496711e-06
   171    3.186149477893e-04
   172   -7.234714959227e-05
   173    6.058475198486e-06
   174   -8.512801735831e-06
   175    8.360340392836e-04
   176   -4.060165587033e-05
   177    5.579145393543e-05
   178   -4.471035190597e-05
   179   -2.107362390496e-03
   180   -2.446016066277e-03
   181    5.261410934114e-04
   182   -6.157582026769e-04
   183   -1.844508010047e-02
   184    1.599101360380e-05
   185    1.150733558836e-04
   186   -1.156291558989e-03
   187    4.677359238804e-06
   188    1.306782065990e-05
   189   -1.119681414324e-06
   190   -1.298642648999e-06
   191    2.517910264882e-04
   192   -1.424095381050e-04
   193   -2.278286499130e-02
   194   -1.913431292155e-05
   195    4.461309605607e-04
   196   -2.509576487870e-04
   197   -4.191546486285e-02
   198    3.186988805815e-04
   199   -6.300044197006e-05
   200    4.398974560413e-04
   201   -1.254459109945e-02
   202   -1.301467762209e-02
   203   -5.415979218741e-03
   204   -1.325537314058e-03
   205   -5.876628930052e-01
   206    5.962921003972e-06
   207   -3.293967136699e-04
   208   -9.036006695086e-04
   209    3.477217344385e-05
   210    1.620319114286e-05
   211    1.218312785521e-06
   212    4.004166403137e-06
   213   -1.141719914462e-05
   214   -1.083078544592e-05
   215    1.829072299786e-05
   216    5.466678219417e-05
   217   -1.960162937065e-04
   218    3.918086998455e-04
   219    2.724539840611e-05
   220   -1.542912158061e-05
   221   -2.737093002575e-03
   222    2.239984971180e-04
   223   -1.267999072535e-04
   224   -2.250583450837e-02
   225   -5.835283421288e-04
   226    3.297094813562e-04
   227    5.863482297471e-02
   228   -3.110891236923e-04
   229    1.808759427502e-04
   230    3.109366667816e-02
   231    7.203822038221e-04
   232   -4.173849933791e-04
   233   -7.184176665722e-02
   234    8.577248493436e-04
   235   -4.544537291590e-04
   236   -8.839183909931e-02
   237    3.353182067947e-03
   238   -1.866476778331e-03
   239   -3.079047183125e-01
   240    3.857876290215e-05
   241    9.113525439392e-04
   242   -1.063370555132e-03
   243    2.267696626811e-05
   244    3.601830477054e-05
   245    4.733870868778e-06
   246    5.172325968023e-04
   247    4.234383515715e-04
   248   -6.263393975696e-06
   249   -1.630150111470e-06
   250   -5.503402972511e-03
   251   -6.932985182491e-03
   252    7.041271481546e-04
   253    6.808563454779e-01
   254   -9.399274727654e-05
   255   -4.576725763880e-03
   256   -1.088944052427e-03
   257   -5.784126282578e-06
   258   -5.708000399281e-05
Sym=X
Ene= 0.473742
Spin=Alpha
Occup=0
     1   -9.926837622030e-06
     2   -1.779317467155e-05
     3    2.703907848706e-04
     4   -1.742950399148e-04
     5   -2.490791216326e-02
     6    7.102647953643e-05
     7    3.420183972255e-04
     8   -2.097083219227e-04
     9   -3.398965512288e-02
    10   -5.050683553377e-04
    11    1.594487614283e-03
    12   -1.123141261718e-03
    13   -1.272971478317e-01
    14    7.684017022143e-03
    15    2.789707785289e-02
    16   -7.892352530914e-03
    17   -1.697440530808e+00
    18    2.297350246416e-04
    19    1.356080039322e-02
    20    2.242489714991e-03
    21   -1.934658465345e-04
    22    5.470427370797e-05
    23    2.271129359931e-05
    24    3.619603797364e-05
    25   -5.376794473135e-04
    26    2.949647264371e-04
    27    4.977685025658e-02
    28   -7.227300772221e-05
    29   -9.579115259474e-04
    30    4.889337194113e-04
    31    8.922836608215e-02
    32   -1.032657901335e-03
    33   -2.650845175595e-03
    34    1.636888622718e-03
    35    2.053090557878e-01
    36    4.685834571087e-02
    37    2.339185850346e-03
    38    3.326062526501e-03
    39    1.678581262336e+00
    40   -4.032468449122e-04
    41   -4.029779592564e-03
    42    2.786778748880e-02
    43   -1.495415088532e-04
    44   -3.360118799338e-04
    45    1.201919609074e-06
    46    1.080857651930e-06
    47    1.736748182369e-03
    48   -1.019631106267e-03
    49   -1.583577123482e-01
    50    2.234188131899e-05
    51    2.689260620585e-03
    52   -1.561267948520e-03
    53   -2.459193459078e-01
    54   -6.694428604164e-04
    55    6.096057680811e-03
    56   -3.101360592261e-03
    57   -5.537778133149e-01
    58    3.926393800114e-02
    59   -9.064403214311e-03
    60   -7.480013058205e-02
    61   -9.316826244761e-01
    62    1.512001346287e-04
    63    4.021515470496e-03
    64   -4.201377427695e-03
    65   -1.543884795246e-05
    66    6.719335000150e-05
    67    3.003323243935e-05
    68    5.037779240175e-05
    69   -9.088442625915e-04
    70    5.575087730210e-04
    71    8.798546401827e-02
    72   -1.863469718113e-04
    73   -1.396200970826e-03
    74    8.127480700654e-04
    75    1.331200057642e-01
    76   -4.310337354645e-04
    77   -3.478622014486e-03
    78    3.128273272477e-03
    79    3.957914611032e-01
    80   -1.305387155853e-01
    81   -3.943358899823e-03
    82   -1.419184969022e-02
    83    1.955328496658e-02
    84    3.018090098640e-04
    85    2.089807026891e-04
    86   -2.253466358411e-02
    87    1.562764263056e-04
    88    2.668857626603e-04
    89    3.145348275462e-05
    90    5.104427126304e-05
    91    2.677927979260e-04
    92   -9.656077780975e-05
    93   -2.170563671633e-02
    94   -1.117640041198e-04
    95    2.192361989858e-04
    96   -3.283706408182e-05
    97   -1.397761491931e-02
    98   -9.853107095860e-04
    99    6.955900325942e-04
   100    5.962762483554e-06
   101   -4.688408453496e-02
   102    4.716006194697e-02
   103   -1.204463903197e-02
   104    4.984075345603e-03
   105    1.333546929911e+00
   106   -2.152651124887e-04
   107   -1.270807579347e-02
   108    1.160746911126e-03
   109    1.207717637732e-04
   110   -7.290680693072e-05
   111    2.517802078827e-05
   112   -9.424346049376e-06
   113    1.439263717396e-03
   114    4.056237455943e-05
   115    1.934752032072e-04
   116    2.916669367018e-04
   117   -2.961698722068e-05
   118   -5.289745655990e-05
   119   -4.026984420655e-04
   120    4.392119542825e-06
   121    2.773069463764e-04
   122   -8.717413161669e-04
   123   -2.265331531853e-06
   124   -4.396960957532e-06
   125   -1.261925696084e-03
   126    7.824029857102e-04
   127    1.160003026745e-01
   128    2.411570064980e-05
   129   -1.924940451640e-03
   130    1.212540441726e-03
   131    1.771040851055e-01
   132    2.205050430644e-05
   133   -2.800529505130e-03
   134    1.523130346791e-03
   135    2.509327350810e-01
   136    5.456992845188e-03
   137   -1.962886291009e-03
   138    1.829027586938e-02
   139    4.053859969026e-01
   140    1.485343029134e-04
   141    6.332786118896e-03
   142   -2.033541492951e-03
   143   -5.262508974426e-05
   144    6.217142748774e-05
   145   -1.244919126388e-05
   146   -2.069632215001e-05
   147    8.325562551884e-04
   148   -4.947644091282e-04
   149   -7.505891792123e-02
   150    6.531432471807e-05
   151    1.197812463962e-03
   152   -7.279423402496e-04
   153   -1.104584971075e-01
   154    3.319936150470e-04
   155    1.624395073907e-03
   156   -9.620897731708e-04
   157   -1.365334087811e-01
   158   -8.392494951037e-03
   159    2.171947001626e-03
   160    6.034544437588e-04
   161   -1.721515390197e-01
   162    2.089881858492e-06
   163   -1.839522704247e-03
   164   -3.317018565905e-03
   165    4.125714874020e-05
   166    2.280987735907e-05
   167    9.435367426060e-06
   168    1.529465511882e-05
   169    7.094168424720e-04
   170   -4.175356093037e-04
   171   -6.273758946284e-02
   172   -4.000658365027e-05
   173    1.036350373869e-03
   174   -6.070038644880e-04
   175   -9.051125158549e-02
   176   -3.247825810025e-04
   177    1.347780962229e-03
   178   -8.278958918205e-04
   179   -1.225849200134e-01
   180    6.521173247599e-03
   181    4.810392082900e-04
   182    6.650847045077e-05
   183   -1.068409938713e-01
   184   -9.018691348132e-05
   185   -1.450273471543e-03
   186    5.361481298731e-03
   187   -2.308876065476e-05
   188   -6.806144890887e-05
   189   -2.857207753214e-05
   190   -4.671383570979e-05
   191    5.707804768350e-04
   192   -5.664171323234e-04
   193   -5.911241314561e-02
   194    1.073291813539e-04
   195    7.621351962693e-04
   196   -7.848873706488e-04
   197   -8.089362139994e-02
   198    7.849081489273e-04
   199    3.133184734971e-03
   200   -2.633717252964e-03
   201   -2.912979625734e-01
   202    1.452557631165e-02
   203    3.591387932774e-04
   204   -1.867187497713e-02
   205    5.517246153640e-01
   206    2.692258737085e-04
   207    9.696362782325e-03
   208   -4.767903989671e-03
   209   -8.877505136634e-05
   210    1.092100349977e-04
   211    1.170227826216e-06
   212    3.698833244226e-06
   213   -9.126419389079e-06
   214   -1.662207825983e-05
   215    3.883804569198e-05
   216    4.574562365433e-06
   217    1.097197008903e-04
   218   -8.730063578577e-04
   219   -2.325440727451e-05
   220    3.843694438187e-06
   221    1.861858721562e-03
   222   -1.900246526709e-04
   223    3.054199177105e-05
   224    1.519413412462e-02
   225    4.880546076758e-04
   226   -7.357707459705e-05
   227   -3.894182341092e-02
   228    3.897172530675e-04
   229   -1.419003877964e-04
   230   -3.312499157700e-02
   231   -9.271236338375e-04
   232    3.419718449818e-04
   233    7.925836163905e-02
   234   -2.679741076444e-04
   235   -2.465192882664e-04
   236    1.602863557985e-02
   237   -4.300003168731e-03
   238    8.673863330199e-04
   239    3.165488274575e-01
   240    1.217355058484e-04
   241    7.089991543087e-04
   242   -6.517598390743e-03
   243    7.604101416598e-05
   244    2.369044797564e-05
   245    1.055575876325e-05
   246   -2.820289840975e-04
   247   -1.514211005858e-03
   248    1.599579534142e-05
   249    1.511016458589e-05
   250   -2.562629642126e-02
   251    8.318066624044e-03
   252   -1.565752633115e-02
   253   -1.225296223058e+00
   254   -2.887759125588e-04
   255    1.075772115822e-03
   256    2.278434030952e-02
   257   -2.458964170759e-04
   258   -1.687124239742e-04
Sym=X
Ene= 0.413535
Spin=Alpha
Occup=0
     1    3.618889074269e-05
     2    6.021285047510e-05
     3    1.241460707461e-03
     4   -6.905244669119e-04
     5   -1.083175510016e-01
     6   -2.078732440031e-04
     7    1.904785277378e-03
     8   -1.053777459581e-03
     9   -1.662343117382e-01
    10   -7.997034274814e-04
    11    4.340973769210e-03
    12   -2.577129717217e-03
    13   -3.498754430604e-01
    14   -1.078266323999e-02
    15    2.270382041911e-02
    16   -5.555077930098e-03
    17   -1.519678049539e+00
    18    1.747773666505e-04
    19   -4.346150766873e-03
    20   -2.424490180250e-02
    21    1.568659388680e-04
    22    1.930293600921e-04
    23    3.386329660707e-05
    24    5.584947954840e-05
    25   -2.325106909596e-04
    26    1.126873832512e-04
    27    2.141276875901e-02
    28   -1.627614297369e-04
    29   -3.862076788899e-04
    30    1.708525755369e-04
    31    3.760110473045e-02
    32   -1.334777502176e-03
    33   -1.346786040116e-03
    34    9.834123293008e-04
    35    9.277322505983e-02
    36    2.286946091033e-02
    37    9.431938371920e-04
    38    4.161077965931e-03
    39    9.394800259529e-01
    40    5.375882996172e-04
    41    2.275122595338e-02
    42   -1.058032587841e-02
    43   -1.928301666600e-04
    44    2.786171384479e-04
    45    2.879524965748e-05
    46    4.819655331739e-05
    47   -7.491718718357e-04
    48    5.728930867857e-04
    49    6.996159880728e-02
    50   -1.774283704980e-04
    51   -1.168018566996e-03
    52    9.096298238678e-04
    53    1.118073222658e-01
    54   -1.254897853622e-04
    55   -2.015121619212e-03
    56    1.336541070806e-03
    57    1.239560228638e-01
    58    4.222135849786e-02
    59   -1.167489568531e-02
    60   -4.595919665285e-02
    61   -3.780503657321e-01
    62   -4.135525354554e-04
    63   -1.975603182625e-02
    64    1.364783915834e-03
    65    2.519611076716e-04
    66   -1.321363678324e-04
    67    1.455467654760e-05
    68    2.511399855404e-05
    69   -1.093863574703e-04
    70    5.405811894143e-05
    71    4.751633679838e-03
    72   -1.007146997425e-04
    73   -1.926384914164e-04
    74    8.416833616574e-05
    75    7.383526922241e-03
    76   -5.517161479630e-04
    77   -5.182004844704e-04
    78    6.281091533479e-04
    79    7.799491990523e-02
    80   -9.169412378626e-02
    81   -1.357943719990e-03
    82   -1.124778592515e-02
    83   -9.329157278508e-02
    84    2.526813881135e-04
    85    2.119919113164e-02
    86    1.496518590043e-02
    87   -3.533723723830e-04
    88   -1.124551857097e-04
    89    2.202774026284e-05
    90    3.882291764736e-05
    91   -1.315888377476e-03
    92    8.384715317880e-04
    93    1.312857528969e-01
    94   -1.586856085992e-04
    95   -2.021533331549e-03
    96    1.314880325464e-03
    97    2.072041382659e-01
    98   -4.868685666493e-04
    99   -4.195249423676e-03
   100    2.960825634310e-03
   101    4.192026872089e-01
   102    4.624399352459e-02
   103   -9.491463235380e-03
   104    7.962366914686e-03
   105    1.248430614293e+00
   106   -3.254830150832e-04
   107   -1.996221180848e-02
   108   -3.652121136895e-03
   109    3.258072206322e-04
   110   -1.111711226922e-04
   111    1.002537071567e-04
   112    2.662057351303e-04
   113    1.948443574956e-03
   114    6.832330999808e-05
   115    2.193064434993e-04
   116    7.843356184298e-04
   117    7.286312267683e-05
   118    2.102203574797e-04
   119    2.843101807275e-04
   120    8.287989697189e-05
   121    4.480063170107e-04
   122   -4.030701022843e-04
   123   -1.450918239943e-05
   124   -2.358998940499e-05
   125    1.544067739036e-03
   126   -1.005435622417e-03
   127   -1.472577783729e-01
   128    7.072516212961e-05
   129    2.376261870805e-03
   130   -1.531566933789e-03
   131   -2.251844311329e-01
   132    2.976951296845e-04
   133    2.805762123914e-03
   134   -1.907996728766e-03
   135   -2.855672574188e-01
   136    3.343487247571e-03
   137    1.038984108216e-03
   138    1.145568210246e-02
   139    7.104295288074e-02
   140    1.245366961813e-04
   141    6.136650095341e-03
   142   -7.268200135799e-04
   143   -5.909565941092e-05
   144    3.669123556241e-05
   145   -7.801356703019e-06
   146   -1.276885015708e-05
   147   -8.157832522141e-04
   148    5.550205306923e-04
   149    7.845477150497e-02
   150    3.587035877121e-05
   151   -1.198869217550e-03
   152    8.101978437763e-04
   153    1.139016419868e-01
   154    2.182393294850e-04
   155   -1.418734672930e-03
   156    9.733408792511e-04
   157    1.445289269663e-01
   158   -6.005416012789e-03
   159   -1.784349453021e-04
   160    1.557246224126e-03
   161    4.137807070210e-02
   162   -3.600777572689e-05
   163    1.434008749956e-03
   164    5.072591756121e-03
   165   -4.989891189415e-05
   166   -4.635929701434e-05
   167    6.855504075987e-07
   168    8.736412646405e-07
   169   -9.427195426543e-04
   170    6.308730748804e-04
   171    8.874016787647e-02
   172    3.159714379074e-06
   173   -1.367187171368e-03
   174    9.158557283715e-04
   175    1.299420918212e-01
   176   -9.188538056256e-05
   177   -1.766192966530e-03
   178    1.195154211336e-03
   179    1.594820563890e-01
   180    5.269119930391e-03
   181   -1.368300575032e-03
   182    1.117621945850e-03
   183    7.042109111033e-02
   184    7.688595857157e-05
   185    1.581473394795e-03
   186   -4.010728894022e-03
   187    9.668503882110e-06
   188    5.571553585354e-05
   189    1.322716197065e-04
   190    2.199475938408e-04
   191    1.388897123738e-03
   192   -3.439524475202e-04
   193   -1.069217989888e-01
   194   -7.028169929024e-04
   195    2.204357096121e-03
   196   -4.773279210000e-04
   197   -1.654425986634e-01
   198   -1.473022583255e-03
   199    4.772173656187e-03
   200   -1.750662809698e-03
   201   -3.847301904825e-01
   202   -2.604326883850e-04
   203    5.294210827835e-03
   204   -1.396882571495e-02
   205    5.515698069701e-02
   206   -4.970278046975e-04
   207   -1.352296705580e-02
   208    2.102209752841e-02
   209   -2.252224150894e-05
   210   -2.574933936244e-04
   211   -1.006262152699e-05
   212   -3.257346518854e-05
   213    8.808619201683e-05
   214    1.104150412541e-04
   215   -2.241383191970e-04
   216   -2.809961856313e-04
   217    5.878102151190e-04
   218    6.347039237009e-04
   219   -7.118482701791e-06
   220    2.721672118357e-05
   221    1.612686421050e-03
   222   -5.702586266926e-05
   223    2.241974066975e-04
   224    1.317999968574e-02
   225    1.394534701913e-04
   226   -5.861756548480e-04
   227   -3.383924409915e-02
   228    2.183186691887e-04
   229   -2.906596924267e-04
   230   -2.648947026018e-02
   231   -5.195246972767e-04
   232    6.845869874937e-04
   233    6.279579083350e-02
   234    3.182102974308e-04
   235    9.445010440778e-04
   236    1.971560432184e-02
   237   -2.185581215455e-03
   238    2.483509382837e-03
   239    2.389883846710e-01
   240    8.638135832974e-05
   241    1.110515424889e-02
   242    4.335589043442e-03
   243   -2.030324248137e-04
   244    1.416843507033e-04
   245    2.809994463333e-05
   246    1.614407732258e-03
   247   -2.111489746987e-04
   248   -1.761298928088e-05
   249    1.907782781580e-05
   250   -1.036787904474e-02
   251    4.414041675809e-03
   252   -5.868368947486e-03
   253   -5.710078157653e-01
   254   -3.180457677341e-04
   255   -2.678037605081e-02
   256   -4.159383684814e-03
   257    4.064646791908e-04
   258   -3.480671284848e-04
Sym=X
Ene= 0.163704
Spin=Alpha
Occup=0
     1    3.171513392874e-05
     2    5.061020570956e-05
     3   -6.203818861754e-04
     4    2.062189471488e-04
     5    4.189274824285e-02
     6   -1.073454499773e-04
     7   -1.340987042202e-03
     8    5.278011089962e-04
     9    8.902687236848e-02
    10   -3.125736455570e-03
    11   -1.845032941595e-03
    12   -1.558395450401e-04
    13    1.117152972335e-01
    14   -1.675630197812e-01
    15    8.226848020065e-03
    16    4.224118643751e-02
    17    6.658171409945e-01
    18   -3.873070787825e-04
    19   -4.744393297452e-03
    20    1.949722843374e-02
    21   -1.373989484829e-05
    22   -4.023394714766e-04
    23   -3.800925978237e-05
    24   -6.138586727766e-05
    25    1.430253883819e-04
    26   -6.096519332280e-04
    27   -3.280160430425e-02
    28    2.386567084700e-04
    29    2.690668185051e-04
    30   -1.303061005411e-03
    31   -5.858708314900e-02
    32    8.676113648959e-04
    33   -1.373061312240e-03
    34   -1.239687234580e-03
    35   -1.110007937412e-01
    36    2.012340183994e-01
    37    4.272230895593e-02
    38   -4.252025883619e-02
    39   -1.189018310548e+00
    40   -1.454944074418e-04
    41   -7.454960987611e-03
    42   -1.287844205342e-02
    43   -5.001912740119e-05
    44    2.631519776116e-04
    45    5.812050491733e-05
    46    9.291398380073e-05
    47   -1.427072537271e-03
    48    2.762881528189e-04
    49    5.624624599489e-02
    50   -6.496844429421e-05
    51   -2.247495228093e-03
    52    4.376133458964e-04
    53    8.911454226797e-02
    54   -2.485528998412e-03
    55   -4.954026124607e-03
    56    1.996432728581e-03
    57    1.930563307354e-01
    58   -2.467936565859e-01
    59    3.369052620990e-03
    60   -8.306379640752e-02
    61    1.043685523783e+00
    62   -3.989807893590e-04
    63   -1.576851294826e-02
    64   -1.764759316705e-03
    65    4.742975055690e-04
    66   -2.436613018705e-04
    67    9.055789388811e-05
    68    1.546714601188e-04
    69   -7.652012166498e-05
    70   -3.461110351836e-05
    71    1.212654749287e-02
    72   -6.203843710992e-04
    73    2.511216659424e-04
    74   -2.956549730891e-04
    75   -1.177491909547e-02
    76   -2.749185252418e-04
    77   -5.089749315014e-04
    78    2.085343409561e-03
    79    9.769856567814e-02
    80   -1.341871538762e-01
    81    7.749965492069e-02
    82    3.287090029479e-02
    83   -1.513129933276e+00
    84   -3.775447284800e-04
    85   -9.736758430462e-03
    86    1.616432775506e-02
    87   -1.546302317848e-04
    88   -1.816264679896e-04
    89    9.431336612170e-05
    90    1.594891582363e-04
    91    1.140986707580e-03
    92   -7.310859719157e-04
    93   -1.233293472650e-01
    94   -5.637052126529e-04
    95    1.670776758835e-03
    96   -1.061725401030e-03
    97   -1.956528173348e-01
    98   -1.411487000280e-03
    99    5.575931122048e-03
   100   -2.987534587022e-03
   101   -4.429978804115e-01
   102    2.643953266673e-01
   103    3.187523495033e-02
   104    2.589051437065e-02
   105    9.373949259610e-01
   106   -4.917282522357e-05
   107   -3.298304681129e-03
   108    6.774081105352e-03
   109   -1.240405951877e-04
   110   -7.096227042065e-05
   111    1.871247269345e-04
   112    3.215763662767e-04
   113    5.690282990398e-03
   114    4.476462037801e-04
   115    1.644907110547e-03
   116    3.764846138817e-03
   117    5.832169148543e-05
   118    2.416641264840e-04
   119    1.885458318721e-03
   120   -2.017969848219e-04
   121   -2.225897494369e-04
   122   -2.137204930157e-03
   123   -2.871657250155e-04
   124   -4.770226143261e-04
   125    5.173836562460e-05
   126   -3.631765502828e-04
   127   -4.061957026063e-02
   128    1.551288940509e-03
   129    3.757489694312e-05
   130   -4.942220217076e-04
   131   -5.822675670961e-02
   132    5.492799583234e-03
   133    2.669638159708e-04
   134   -1.680885186269e-03
   135   -1.046139232850e-01
   136    2.714294457685e-02
   137   -1.148608512141e-03
   138    3.314529186944e-02
   139   -2.356176582804e-01
   140    1.939673638285e-04
   141    2.989745114318e-03
   142   -2.880879661099e-03
   143   -2.855226128213e-05
   144    1.115819085099e-04
   145    4.537944666727e-05
   146    7.926535785112e-05
   147   -4.681811289447e-04
   148    5.361711676255e-04
   149    5.159808917579e-02
   150   -3.410507405864e-04
   151   -6.898298728242e-04
   152    7.748243368943e-04
   153    7.442077811369e-02
   154    5.196157091664e-04
   155   -7.807411758416e-04
   156    1.205379318307e-03
   157    1.010850110513e-01
   158   -2.478461538565e-02
   159    3.127846568529e-03
   160    4.149207321177e-03
   161    2.509360393291e-02
   162   -8.066221093248e-06
   163    9.024691570970e-04
   164    1.026301099136e-03
   165   -2.588111334876e-05
   166    1.496759786558e-05
   167    1.060595503676e-04
   168    1.778446660142e-04
   169   -3.481745181253e-04
   170    8.066009836684e-05
   171    5.374049441036e-02
   172   -6.032776807053e-04
   173   -4.052536455346e-04
   174    1.000326842243e-04
   175    7.731656785991e-02
   176   -1.725296029662e-03
   177   -8.068454631445e-04
   178   -3.415195180011e-04
   179    1.052301221225e-01
   180    1.106888078432e-02
   181    1.113988928539e-03
   182    3.016872147765e-03
   183    5.168766502654e-02
   184   -1.251329349277e-06
   185    8.796248209944e-04
   186    1.130079854299e-03
   187   -1.328263402168e-05
   188   -3.112995639470e-05
   189   -7.065325465884e-05
   190   -1.049746726185e-04
   191   -8.993752280381e-04
   192   -2.356076175492e-04
   193    4.220983794928e-02
   194   -6.014918677884e-05
   195   -1.365980089909e-03
   196   -2.089884411928e-04
   197    6.750245992248e-02
   198    2.111758606518e-03
   199   -3.565537487794e-03
   200   -2.481393455223e-03
   201    1.609624236340e-01
   202    7.234436982591e-03
   203    6.808874261971e-02
   204   -3.353655465813e-02
   205    3.035121698563e-01
   206    5.331370338912e-04
   207    7.976893580264e-03
   208   -1.527547737742e-02
   209    9.833067625933e-05
   210    1.455300443959e-04
   211    5.025477861039e-06
   212    1.598850207017e-05
   213   -4.049818545807e-05
   214   -6.736178232527e-05
   215    1.538147300279e-04
   216    5.099062599441e-05
   217    4.234651784180e-04
   218   -4.436488284944e-03
   219   -2.332599222426e-05
   220   -4.221650932190e-05
   221    4.462136061092e-04
   222   -1.924609897255e-04
   223   -3.488157843630e-04
   224    3.655615005307e-03
   225    5.054680801616e-04
   226    9.221221884663e-04
   227   -9.419573838329e-03
   228    2.139532643854e-04
   229    3.728463063166e-04
   230   -5.708495946794e-03
   231   -4.825105424860e-04
   232   -8.883016379220e-04
   233    1.248453466488e-02
   234   -1.079469756197e-03
   235   -2.160248687285e-03
   236    1.182837940074e-02
   237   -3.144101109575e-03
   238   -3.590713256510e-03
   239    6.497706685459e-02
   240    1.735933344592e-04
   241    4.366076315563e-03
   242   -1.496115580989e-02
   243    1.371858766621e-04
   244    6.386883524496e-05
   245    1.722641842055e-05
   246    9.869048774881e-04
   247   -2.127530895348e-03
   248    4.247508801306e-06
   249    3.942971725722e-05
   250    5.110795800766e-02
   251    1.592336719662e-02
   252    2.841250321847e-02
   253   -3.497561123601e-01
   254   -3.718655665049e-04
   255   -1.450487483329e-02
   256    4.037094760843e-02
   257   -2.288477445393e-04
   258   -4.438419586879e-04
Sym=X
Ene= 0.132505
Spin=Alpha
Occup=0
     1   -1.445158490177e-02
     2   -2.427032665836e-02
     3   -6.305676371050e-03
     4    1.718507619877e-02
     5   -2.120425471191e-04
     6    7.500227907648e-02
     7   -2.500775440576e-02
     8    4.993955681810e-02
     9   -6.438774490258e-04
    10    5.982476639344e-01
    11    1.989650050965e-01
    12   -2.375923068736e-01
    13    3.575881589654e-03
    14    2.025700382043e+01
    15    3.822641825861e+00
    16   -3.568628474798e+00
    17    6.448243486601e-02
    18   -4.041641926480e-03
    19    1.813931311096e-04
    20   -1.866419983704e-04
    21   -1.899956748609e-03
    22   -1.236762248091e-02
    23   -7.804395464796e-04
    24   -1.418687067491e-03
    25    1.473645833772e-02
    26   -2.214195837401e-03
    27    4.030200765410e-04
    28    1.054658276053e-02
    29    1.610677004371e-02
    30   -8.547797303151e-04
    31    4.806467750170e-04
    32   -2.378696072558e-01
    33    2.905433197427e-01
    34    6.145316720866e-02
    35    3.698218221826e-03
    36   -1.222677035820e+01
    37    3.315000041366e+00
    38    3.355736465128e-01
    39    3.217269420898e-02
    40   -8.089727872912e-03
    41    1.593122736197e-04
    42   -1.807701135278e-05
    43    5.322011777269e-03
    44    4.478788169447e-03
    45    8.619359621280e-03
    46    1.449283898863e-02
    47   -2.059698315669e-02
    48    8.678047513577e-03
    49   -3.569570914154e-04
    50   -4.416616198864e-02
    51   -3.726726951757e-02
    52    9.837143335712e-03
    53   -6.000204159452e-04
    54   -3.299765542981e-02
    55   -1.785996958922e-01
    56    1.943406228127e-02
    57   -2.374091703396e-03
    58   -9.462559363654e+00
    59    3.800371233681e+00
    60    2.758751148829e+00
    61    2.313517531027e-02
    62   -1.370101348131e-02
    63    1.897602530795e-04
    64   -4.331719940077e-05
    65    1.187738910276e-03
    66    8.636532501163e-03
    67   -8.855634883248e-03
    68   -1.549014507677e-02
    69    2.845406162934e-02
    70    1.333101700036e-02
    71    2.755851393129e-04
    72    6.541305573527e-02
    73    5.347076679821e-02
    74    9.468172535951e-03
    75    5.942517410146e-04
    76   -7.368304058407e-02
    77    2.944819676329e-02
    78   -7.598603663668e-02
    79    1.131427902922e-03
    80    1.597806872630e+01
    81   -3.732933949716e+00
    82    3.650648031660e-01
    83   -4.329692894625e-02
    84    1.796154301363e-03
    85   -9.873494455948e-05
    86   -1.867262377234e-04
    87   -1.173272138157e-02
    88   -1.010680485789e-02
    89    1.455098377647e-02
    90    2.411519473857e-02
    91    2.162796660143e-02
    92   -6.406597563464e-03
    93    1.426665843740e-04
    94   -6.893640838775e-02
    95    6.425189750170e-02
    96   -5.517059293447e-03
    97    5.463625623479e-04
    98   -5.382894759895e-01
    99   -3.179402537659e-01
   100   -4.619966181419e-02
   101   -3.635481909372e-03
   102   -2.585151738590e+01
   103   -5.456574934122e+00
   104    2.502657468677e+00
   105   -7.292346366048e-02
   106    1.723212265918e-03
   107   -1.498673004043e-04
   108   -1.351321923377e-05
   109   -6.997205437142e-03
   110    1.612214482598e-03
   111    1.233427134572e-02
   112   -1.442430263551e-02
   113    3.692904245194e-01
   114    1.547455321057e-02
   115   -2.781961536040e-03
   116    1.207811078016e-01
   117    4.948173034357e-03
   118   -2.518683405424e-02
   119    5.356211467544e-02
   120   -2.577208537802e-03
   121    6.359067033243e-03
   122   -1.904110404074e-01
   123   -8.821905868088e-03
   124   -1.461190043314e-02
   125   -2.663658473620e-02
   126    2.807077056426e-02
   127   -4.118537901204e-04
   128    4.776567760028e-02
   129   -4.540748157118e-02
   130    3.794068781514e-02
   131   -6.492195301027e-04
   132    2.182790498073e-01
   133   -5.857314957934e-02
   134    8.467654104993e-02
   135   -1.032136607419e-03
   136    7.710854571189e-01
   137   -7.874653230461e-01
   138   -3.846321248564e-01
   139   -6.565466819722e-03
   140    1.036531174170e-03
   141   -7.065756492135e-05
   142   -5.970811515244e-05
   143   -6.751020100879e-03
   144   -1.464999130010e-04
   145    1.133593455485e-02
   146    1.934173325549e-02
   147    9.972274783640e-03
   148   -1.190178627271e-02
   149    2.923871578649e-04
   150   -7.386373450060e-02
   151    2.193110768597e-02
   152   -1.842957099484e-02
   153    5.059757530154e-04
   154   -3.690114337130e-02
   155   -8.211490732243e-03
   156    6.550274527924e-03
   157    8.882524536201e-05
   158   -6.997554258285e-01
   159    4.810399242742e-01
   160    7.962826569872e-02
   161    4.322850599984e-03
   162   -2.843759014141e-03
   163    3.725705761724e-05
   164   -3.868361707470e-05
   165   -1.287911122891e-03
   166    9.294705437780e-04
   167   -7.602749092687e-03
   168   -1.292025895488e-02
   169   -6.531271411801e-03
   170   -4.658885440001e-03
   171   -3.583799801946e-05
   172    4.846455954556e-02
   173   -1.371733015205e-02
   174   -6.639418904244e-03
   175   -1.060398206174e-04
   176    6.953020416230e-02
   177   -1.921296108321e-02
   178   -1.107418485268e-02
   179   -6.270666453030e-05
   180    8.696818398067e-02
   181   -8.682955020781e-03
   182    7.491754507084e-03
   183    7.006206768027e-05
   184    8.902182478372e-04
   185    3.983530830334e-05
   186    3.698515286863e-05
   187    4.333357773939e-03
   188   -1.587475327618e-03
   189    3.443430918603e-03
   190    5.415169762060e-03
   191   -1.266437203348e-02
   192    1.196494385274e-02
   193   -2.680452818625e-04
   194   -1.411666767046e-02
   195   -1.781015510918e-02
   196    8.334842369770e-03
   197   -3.281862329635e-04
   198    3.770620333270e-02
   199    4.082849268432e-02
   200    3.267955574686e-01
   201   -1.894698803889e-03
   202    6.708043195593e+00
   203   -2.669139916132e+00
   204    8.497555494310e+00
   205   -8.521702142645e-02
   206    4.123598375510e-03
   207   -1.903974385711e-04
   208    5.471083464488e-05
   209   -6.071078800836e-03
   210    6.384658785581e-03
   211    2.207089418003e-03
   212    7.175150272551e-03
   213   -1.970577374980e-02
   214   -2.297611860996e-02
   215    4.493510149369e-02
   216    7.224179194998e-02
   217   -2.039278181892e-01
   218    1.228670163271e-01
   219    1.370136234524e-03
   220    6.401092634766e-04
   221    1.109766263559e-05
   222    1.123311664028e-02
   223    5.241847074850e-03
   224    9.083744690604e-05
   225   -2.905979641291e-02
   226   -1.358028271006e-02
   227   -2.337642854147e-04
   228   -1.861225344749e-02
   229   -9.309282249431e-03
   230   -1.641000442501e-04
   231    4.343927358458e-02
   232    2.199844623414e-02
   233    3.826979130027e-04
   234    3.276183950768e-02
   235    1.896931666096e-02
   236    1.809267686956e-04
   237    2.773462946895e-01
   238    2.079374058549e-01
   239    1.778421254644e-03
   240   -2.667962308717e-03
   241   -2.255016308161e-05
   242   -3.619649196034e-06
   243   -1.878332995234e-03
   244    6.703038079731e-03
   245    2.523693083948e-04
   246    1.379645036383e-06
   247   -1.086716708136e-05
   248    9.405266939369e-05
   249   -9.011393906503e-04
   250    4.361067935665e+00
   251    5.860134631217e-01
   252    5.175036165357e-01
   253    1.015567122478e-03
   254    4.815404697436e-04
   255    5.559403510215e-05
   256    7.275810057589e-05
   257    2.135505876376e-03
   258   -3.373117991100e-03
[5D]
