   1    1   0.16490    4.29260    10.00 100.00      0.00000   1.25210  -0.00000 
   2    2   0.00000    4.70410    10.00 100.00     -0.00000  -0.00000   0.00000 
   3    3   0.04030    5.51290    10.00 100.00      0.00000   0.54640   0.00000 
   4    4   0.00150    5.85650    10.00 100.00     -0.00000   0.00000  -0.10260 
   5    5   0.00000    8.68600    10.00 100.00      0.00000  -0.00000  -0.00000 
   6    6   0.05700    8.69690    10.00 100.00      0.00000  -0.00000  -0.51700 
   7    7   0.22100    8.78610    10.00 100.00      0.00000  -1.01320   0.00000 
   8    8   0.15470    9.38550    10.00 100.00     -0.00000  -0.82030  -0.00000 
   9    9   0.04570    9.71890    10.00 100.00      0.00000  -0.00000   0.43810 
  10   10   0.23140   10.05590    10.00 100.00     -0.00000   0.96910  -0.00000 
  11   11   0.00000   10.05800    10.00 100.00      0.00000  -0.00000   0.00000 
  12   12   0.00530   10.32520    10.00 100.00     -0.14450   0.00000  -0.00000 
  13   13   0.03820   11.11840    10.00 100.00     -0.00000  -0.37460   0.00000 
  14   14   0.02300   11.31330    10.00 100.00     -0.00000  -0.00000  -0.28820 
  15   15   0.18260   12.81240    10.00 100.00     -0.00000   0.00000   0.76270 
  16   16   0.00700   13.38310    10.00 100.00     -0.00000   0.00000  -0.14580 
  17   17   0.01430   13.84100    10.00 100.00      0.00000  -0.20530  -0.00000 
  18   18   0.03890   14.13750    10.00 100.00     -0.33500  -0.00000  -0.00000 
  19   19   0.06730   14.20080    10.00 100.00      0.00000  -0.43980  -0.00000 
  20   20   0.03650   14.29940    10.00 100.00      0.00000  -0.00000   0.32260 
  21   21   0.01140   14.72050    10.00 100.00      0.00000   0.00000   0.17820 
  22   22   0.11320   14.73890    10.00 100.00      0.56000  -0.00000  -0.00000 
  23   23   0.01570   15.50230    10.00 100.00      0.20340   0.00000   0.00000 
  24   24   0.15350   15.54010    10.00 100.00     -0.00000   0.00000   0.63500 
  25   25   0.01390   15.65410    10.00 100.00     -0.00000  -0.19040   0.00000 
  26   26   0.00930   16.11360    10.00 100.00     -0.00000   0.00000  -0.15310 
  27   27   0.00390   17.84620    10.00 100.00      0.00000  -0.09470  -0.00000 
  28   28   0.01740   18.11900    10.00 100.00      0.00000   0.00000  -0.19790 
  29   29   0.00120   18.57190    10.00 100.00     -0.00000  -0.05190   0.00000 
  30   30   0.02470   18.67740    10.00 100.00     -0.23230   0.00000   0.00000 
state state   Osc.      E(eV)      dum   dum        TrDx      TrDy       TrDz 
