0.5	0.0
0.50475	0.0
0.5095	0.0
0.51425	0.0
0.519	0.0
0.52375	0.0
0.5285	0.0
0.53325	0.0
0.538	0.0
0.54275	0.0
0.5475	0.0
0.55225	0.0
0.5569999999999999	0.0
0.56175	0.0
0.5665	0.0
0.57125	0.0
0.576	0.0
0.58075	0.0
0.5855	0.0
0.5902499999999999	0.0
0.595	0.0
0.59975	0.0
0.6045	0.0
0.60925	0.0
0.614	0.0
0.61875	0.0
0.6234999999999999	0.0
0.62825	0.0
0.633	0.0
0.63775	0.0
0.6425	0.0
0.64725	0.0
0.652	0.0
0.65675	0.0
0.6615	0.0
0.66625	0.0
0.671	0.0
0.67575	0.0
0.6805	0.0
0.68525	0.0
0.69	0.0
0.69475	0.0
0.6995	0.0
0.70425	0.0
0.709	0.0
0.71375	0.0
0.7185	0.0
0.72325	0.0
0.728	0.0
0.73275	0.0
0.7375	0.0
0.74225	0.0
0.747	0.0
0.7517499999999999	0.0
0.7565	0.0
0.76125	0.0
0.766	0.0
0.77075	0.0
0.7755	0.0
0.78025	0.0
0.7849999999999999	0.0
0.78975	0.0
0.7945	0.0
0.79925	0.0
0.804	0.0
0.80875	0.0
0.8135	0.0
0.8182499999999999	0.0
0.823	0.0
0.82775	0.0
0.8325	0.0
0.83725	0.0
0.842	0.0
0.84675	0.0
0.8514999999999999	0.0
0.85625	0.0
0.861	0.0
0.86575	0.0
0.8705	0.0
0.87525	0.0
0.88	0.0
0.8847499999999999	0.0
0.8895	0.0
0.89425	0.0
0.899	0.0
0.90375	0.0
0.9085	0.0
0.91325	0.0
0.9179999999999999	0.0
0.92275	0.0
0.9275	0.0
0.93225	0.0
0.937	0.0
0.94175	0.0
0.9465	0.0
0.9512499999999999	0.0
0.956	0.0
0.96075	0.0
0.9655	0.0
0.9702500000000001	0.0
0.975	0.0
0.97975	0.0
0.9844999999999999	0.0
0.98925	0.0
0.994	0.0
0.99875	0.0
1.0034999999999998	0.0
1.0082499999999999	0.0
1.013	0.0
1.01775	0.0
1.0225	0.0
1.02725	0.0
1.032	0.0
1.03675	0.0
1.0415	0.0
1.0462500000000001	0.0
1.051	0.0
1.05575	0.0
1.0605	0.0
1.06525	0.0
1.0699999999999998	0.0
1.0747499999999999	0.0
1.0795	0.0
1.08425	0.0
1.089	0.0
1.09375	0.0
1.0985	0.0
1.10325	0.0
1.108	0.0
1.1127500000000001	0.0
1.1175	0.0
1.12225	0.0
1.127	0.0
1.13175	0.0
1.1364999999999998	0.0
1.1412499999999999	0.0
1.146	0.0
1.15075	0.0
1.1555	0.0
1.16025	0.0
1.165	0.0
1.16975	0.0
1.1745	0.0
1.1792500000000001	0.0
1.184	0.0
1.18875	0.0
1.1935	0.0
1.19825	0.0
1.2029999999999998	0.0
1.2077499999999999	0.0
1.2125	0.0
1.21725	0.0
1.222	0.0
1.22675	0.0
1.2315	0.0
1.23625	0.0
1.241	0.0
1.2457500000000001	0.0
1.2505	0.0
1.25525	0.0
1.26	0.0
1.2647499999999998	0.0
1.2694999999999999	0.0
1.2742499999999999	0.0
1.279	0.0
1.28375	0.0
1.2885	0.0
1.29325	0.0
1.298	0.0
1.30275	0.0
1.3075	0.0
1.3122500000000001	0.0
1.317	0.0
1.32175	0.0
1.3265	0.0
1.3312499999999998	0.0
1.3359999999999999	0.0
1.3407499999999999	0.0
1.3455	0.0
1.35025	0.0
1.355	0.0
1.35975	0.0
1.3645	0.0
1.36925	0.0
1.374	0.0
1.3787500000000001	0.0
1.3835	0.0
1.38825	0.0
1.393	0.0
1.3977499999999998	0.0
1.4024999999999999	0.0
1.40725	0.0
1.412	0.0
1.41675	0.0
1.4215	0.0
1.42625	0.0
1.431	0.0
1.43575	0.0
1.4405000000000001	0.0
1.44525	0.0
1.45	0.0
1.45475	0.0
1.4595	0.0
1.4642499999999998	0.0
1.4689999999999999	0.0
1.47375	0.0
1.4785	0.0
1.48325	0.0
1.488	0.0
1.49275	0.0
1.4975	0.0
1.50225	0.0
1.507	0.0
1.51175	0.0
1.5165	0.0
1.52125	0.0
1.526	0.0
1.53075	0.0
1.5354999999999999	0.0
1.54025	0.0
1.545	0.0
1.54975	0.0
1.5545	0.0
1.55925	0.0
1.564	0.0
1.5687499999999999	0.0
1.5735	0.0
1.57825	0.0
1.583	0.0
1.58775	0.0
1.5925	0.0
1.59725	0.0
1.6019999999999999	0.0
1.60675	0.0
1.6115	0.0
1.61625	0.0
1.621	0.0
1.62575	0.0
1.6305	0.0
1.6352499999999999	0.0
1.64	0.0
1.64475	0.0
1.6495	0.0
1.65425	0.0
1.659	0.0
1.66375	0.0
1.6684999999999999	0.0
1.67325	0.0
1.678	0.0
1.68275	0.0
1.6875	0.0
1.69225	0.0
1.697	0.0
1.7017499999999999	0.0
1.7065	0.0
1.71125	0.0
1.716	0.0
1.72075	0.0
1.7255	0.0
1.73025	0.0
1.7349999999999999	0.0
1.73975	0.0
1.7445	0.0
1.74925	0.0
1.754	0.0
1.75875	0.0
1.7635	0.0
1.7682499999999999	0.0
1.773	0.0
1.77775	0.0
1.7825	0.0
1.78725	0.0
1.792	0.0
1.79675	0.0
1.8014999999999999	0.0
1.80625	0.0
1.811	0.0
1.81575	0.0
1.8205	0.0
1.82525	0.0
1.83	0.0
1.8347499999999999	0.0
1.8395	0.0
1.84425	0.0
1.849	0.0
1.85375	0.0
1.8585	0.0
1.86325	0.0
1.8679999999999999	0.0
1.87275	0.0
1.8775	0.0
1.88225	0.0
1.887	0.0
1.89175	0.0
1.8965	0.0
1.9012499999999999	0.0
1.906	0.0
1.91075	0.0
1.9155	0.0
1.92025	0.0
1.925	0.0
1.9297499999999999	0.0
1.9344999999999999	0.0
1.93925	0.0
1.944	0.0
1.94875	0.0
1.9535	0.0
1.95825	0.0
1.9629999999999999	0.0
1.9677499999999999	0.0
1.9725	0.0
1.97725	0.0
1.982	0.0
1.98675	0.0
1.9915	0.0
1.9962499999999999	0.0
2.001	0.0
2.00575	0.0
2.0105	0.0
2.01525	0.0
2.02	0.0
2.02475	0.0
2.0294999999999996	0.0
2.03425	0.0
2.0389999999999997	0.0
2.04375	0.0
2.0484999999999998	0.0
2.0532500000000002	0.0
2.058	0.0
2.06275	0.0
2.0675	0.0
2.07225	0.0
2.077	0.0
2.08175	0.0
2.0865	0.0
2.09125	0.0
2.096	0.0
2.1007499999999997	0.0
2.1055	0.0
2.1102499999999997	0.0
2.115	0.0
2.11975	0.0
2.1245000000000003	0.0
2.12925	0.0
2.134	0.0
2.13875	0.0
2.1435	0.0
2.14825	0.0
2.153	0.0
2.15775	0.0
2.1624999999999996	0.0
2.16725	0.0
2.1719999999999997	0.0
2.17675	0.0
2.1814999999999998	0.0
2.1862500000000002	0.0
2.191	0.0
2.19575	0.0
2.2005	0.0
2.20525	0.0
2.21	0.0
2.21475	0.0
2.2195	0.0
2.22425	0.0
2.229	0.0
2.2337499999999997	0.0
2.2385	0.0
2.2432499999999997	0.0
2.248	0.0
2.25275	0.0
2.2575000000000003	0.0
2.26225	0.0
2.267	0.0
2.27175	0.0
2.2765	0.0
2.28125	0.0
2.286	0.0
2.29075	0.0
2.2954999999999997	0.0
2.30025	0.0
2.3049999999999997	0.0
2.30975	0.0
2.3145	0.0
2.3192500000000003	0.0
2.324	0.0
2.32875	0.0
2.3335	0.0
2.33825	0.0
2.343	0.0
2.34775	0.0
2.3525	0.0
2.3572499999999996	0.0
2.362	0.0
2.3667499999999997	0.0
2.3715	0.0
2.3762499999999998	0.0
2.3810000000000002	0.0
2.38575	0.0
2.3905	0.0
2.39525	0.0
2.4	0.0
2.40475	0.0
2.4095	0.0
2.41425	0.0
2.419	0.0
2.42375	0.0
2.4284999999999997	0.0
2.43325	0.0
2.4379999999999997	0.0
2.44275	0.0
2.4475	0.0
2.4522500000000003	0.0
2.457	0.0
2.46175	0.0
2.4665	0.0
2.47125	0.0
2.476	0.0
2.48075	0.0
2.4855	0.0
2.4902499999999996	0.0
2.495	0.0
2.4997499999999997	0.0
2.5045	0.0
2.5092499999999998	0.0
2.514	0.0
2.51875	0.0
2.5235	0.0
2.52825	0.0
2.533	0.0
2.53775	0.0
2.5425	0.0
2.54725	0.0
2.552	0.0
2.55675	0.0
2.5615	0.0
2.56625	0.0
2.5709999999999997	0.0
2.5757499999999998	0.0
2.5805	0.0
2.58525	0.0
2.59	0.0
2.59475	0.0
2.5995	0.0
2.60425	0.0
2.609	0.0
2.61375	0.0
2.6185	0.0
2.62325	0.0
2.628	0.0
2.63275	0.0
2.6374999999999997	0.0
2.6422499999999998	0.0
2.647	0.0
2.65175	0.0
2.6565	0.0
2.66125	0.0
2.666	0.0
2.67075	0.0
2.6755	0.0
2.68025	0.0
2.685	0.0
2.68975	0.0
2.6945	0.0
2.69925	0.0
2.7039999999999997	0.0
2.7087499999999998	0.0
2.7135	0.0
2.71825	0.0
2.723	0.0
2.72775	0.0
2.7325	0.0
2.73725	0.0
2.742	0.0
2.74675	0.0
2.7515	0.0
2.75625	0.0
2.761	0.0
2.76575	0.0
2.7704999999999997	0.0
2.7752499999999998	0.0
2.78	0.0
2.78475	0.0
2.7895	0.0
2.79425	0.0
2.799	0.0
2.80375	0.0
2.8085	0.0
2.81325	0.0
2.818	0.0
2.82275	0.0
2.8275	0.0
2.83225	0.0
2.8369999999999997	0.0
2.8417499999999998	0.0
2.8465	0.0
2.85125	0.0
2.856	0.0
2.86075	0.0
2.8655	0.0
2.87025	0.0
2.875	0.0
2.87975	0.0
2.8845	0.0
2.88925	0.0
2.894	0.0
2.89875	0.0
2.9034999999999997	0.0
2.90825	0.0
2.913	0.0
2.91775	0.0
2.9225	0.0
2.92725	0.0
2.932	4.4e-323
2.93675	7.357e-321
2.9415	1.26006e-318
2.94625	2.119424e-316
2.951	3.501106813e-314
2.95575	5.68007231818e-312
2.9605	9.05030789552167e-310
2.9652499999999997	1.4162301250462765e-307
2.9699999999999998	2.176533152171147e-305
2.97475	3.2851691024942954e-303
2.9795	4.869800356963488e-301
2.98425	7.089662632211524e-299
2.989	1.0136802060936285e-296
2.99375	1.4234340409464418e-294
2.9985	1.96306515216844e-292
3.00325	2.6588452682403343e-290
3.008	3.536815453510556e-288
3.01275	4.620539840592494e-286
3.0175	5.928352565826411e-284
3.02225	7.470270237812463e-282
3.027	9.244843983410082e-280
3.0317499999999997	1.1236313417823999e-277
3.0364999999999998	1.3412480001748136e-275
3.04125	1.572372048309989e-273
3.046	1.8103499189320676e-271
3.05075	2.047060713492179e-269
3.0555	2.2733165034682363e-267
3.06025	2.479419831767274e-265
3.065	2.6558358016024436e-263
3.06975	2.793916072838108e-261
3.0745	2.886599125619716e-259
3.07925	2.929008149097252e-257
3.084	2.918876155858942e-255
3.08875	2.856746751969478e-253
3.0935	2.7459258171067526e-251
3.0982499999999997	2.592190072135009e-249
3.1029999999999998	2.4032882892411033e-247
3.10775	2.188295070742016e-245
3.1125	1.9568920934517117e-243
3.11725	1.7186556083530703e-241
3.122	1.482421910287665e-239
3.12675	1.255786400355171e-237
3.1315	1.0447700404175651e-235
3.13625	8.536633370715644e-234
3.141	6.850362189130835e-232
3.14575	5.398852004520043e-230
3.1505	4.178787585826154e-228
3.15525	3.1765826075873785e-226
3.16	2.3715429599082325e-224
3.1647499999999997	1.738852817076105e-222
3.1694999999999998	1.2521479157543e-220
3.17425	8.855425449088368e-219
3.179	6.150695287406372e-217
3.18375	4.195657006834022e-215
3.1885	2.8108438993584735e-213
3.19325	1.8494153688838578e-211
3.198	1.1950695521656725e-209
3.20275	7.584254283588241e-208
3.2075	4.7270867674603733e-206
3.21225	2.8935783551223705e-204
3.217	1.7395539597281896e-202
3.22175	1.02707355477816e-200
3.2265	5.955608951269464e-199
3.2312499999999997	3.3916559074677056e-197
3.2359999999999998	1.8969609098137826e-195
3.24075	1.0419957852256304e-193
3.2455	5.6212710591373326e-192
3.25025	2.978270072741675e-190
3.255	1.549724903340917e-188
3.25975	7.919652593996027e-187
3.2645	3.9748306939482e-185
3.26925	1.9592602303345483e-183
3.274	9.484765458889082e-182
3.27875	4.509434192841734e-180
3.2835	2.1056127207568122e-178
3.28825	9.655970324591654e-177
3.293	4.348849052856592e-175
3.2977499999999997	1.9235953990076043e-173
3.3024999999999998	8.356301672626891e-172
3.30725	3.565130858238756e-170
3.312	1.4938184704164814e-168
3.31675	6.1472540156637644e-167
3.3215	2.4844226401864916e-165
3.32625	9.861223041150512e-164
3.331	3.844121182129082e-162
3.33575	1.4717171225089286e-160
3.3405	5.533661635419434e-159
3.34525	2.043439772048593e-157
3.35	7.410919032935337e-156
3.35475	2.6396313616417163e-154
3.3594999999999997	9.233693940331176e-153
3.3642499999999997	3.172259127810959e-151
3.3689999999999998	1.0703426241417656e-149
3.37375	3.546810375037289e-148
3.3785	1.154287796891651e-146
3.38325	3.6893615991336924e-145
3.388	1.1581087060768341e-143
3.39275	3.5703304543011564e-142
3.3975	1.0810069520334797e-140
3.40225	3.214471237284497e-139
3.407	9.387535359694436e-138
3.41175	2.6924931818587226e-136
3.4165	7.584354483131024e-135
3.42125	2.0981842309874082e-133
3.4259999999999997	5.700718535738223e-132
3.4307499999999997	1.5211658383953513e-130
3.4354999999999998	3.9864334015079523e-129
3.44025	1.0260143785452539e-127
3.445	2.5934827611241324e-126
3.44975	6.438345356216498e-125
3.4545	1.569734330580693e-123
3.45925	3.7587118133097617e-122
3.464	8.839198480064688e-121
3.46875	2.0414922118909694e-119
3.4735	4.63066702631696e-118
3.47825	1.0315739450713215e-116
3.483	2.2569303659959196e-115
3.48775	4.849499733535372e-114
3.4924999999999997	1.0233794795287152e-112
3.4972499999999997	2.120984299015605e-111
3.502	4.317170366664632e-110
3.50675	8.630220774093223e-109
3.5115	1.6943596823691824e-107
3.51625	3.2670087403252155e-106
3.521	6.18665600252149e-105
3.52575	1.1505953786507917e-103
3.5305	2.1016010015950332e-102
3.53525	3.7699786675984645e-101
3.54	6.64184143764837e-100
3.54475	1.1492092118826156e-98
3.5495	1.9528580593826406e-97
3.55425	3.2591416983919964e-96
3.5589999999999997	5.3419127676138194e-95
3.5637499999999998	8.599066853999797e-94
3.5685	1.3594612832760608e-92
3.57325	2.1107818271287304e-91
3.578	3.2187024742758344e-90
3.58275	4.820358134440263e-89
3.5875	7.089878007073e-88
3.59225	1.0241397050979912e-86
3.597	1.452916412025021e-85
3.60175	2.0243380578005732e-84
3.6065	2.770042516751326e-83
3.61125	3.7226380720179085e-82
3.616	4.913332768339348e-81
3.62075	6.368872103597983e-80
3.6254999999999997	8.107927583908301e-79
3.6302499999999998	1.0137203833992117e-77
3.635	1.2447653249466698e-76
3.63975	1.501128149570679e-75
3.6445	1.777907004232678e-74
3.64925	2.0680512508500943e-73
3.654	2.362514802925222e-72
3.65875	2.650627894255717e-71
3.6635	2.920679983310089e-70
3.66825	3.16067738564551e-69
3.673	3.3592115012172075e-68
3.67775	3.506352001436301e-67
3.6825	3.594468328096451e-66
3.68725	3.618885100798952e-65
3.6919999999999997	3.578293111444965e-64
3.6967499999999998	3.474865625013111e-63
3.7015	3.3140656086024232e-62
3.70625	3.104167685400014e-61
3.711	2.855553030277762e-60
3.71575	2.5798607825662695e-59
3.7205	2.2890922560384524e-58
3.72525	1.994763009877128e-57
3.73	1.707183878448001e-56
3.73475	1.4349285618018194e-55
3.7395	1.1845168527655463e-54
3.74425	9.603138501284292e-54
3.749	7.646208310412675e-53
3.7537499999999997	5.979158184757694e-52
3.7584999999999997	4.59192668591777e-51
3.7632499999999998	3.4634652328861356e-50
3.768	2.5655926569931913e-49
3.77275	1.866489538156784e-48
3.7775	1.3335963577420075e-47
3.78225	9.358025536701434e-47
3.787	6.449187980005039e-46
3.79175	4.36502595447121e-45
3.7965	2.901546997928386e-44
3.80125	1.8942328902603403e-43
3.806	1.2145016843586806e-42
3.81075	7.64757692881014e-42
3.8155	4.729449274815231e-41
3.8202499999999997	2.8724883365370455e-40
3.8249999999999997	1.7134323438199207e-39
3.8297499999999998	1.0037755940222693e-38
3.8345	5.77520344498988e-38
3.83925	3.263314482705864e-37
3.844	1.810971240584326e-36
3.84875	9.870182053074728e-36
3.8535	5.283232917773594e-35
3.85825	2.777380208589606e-34
3.863	1.4339430386496788e-33
3.86775	7.270921369787706e-33
3.8725	3.6208287148527446e-32
3.87725	1.7708733330432853e-31
3.882	8.506051347197109e-31
3.8867499999999997	4.0126334256617195e-30
3.8914999999999997	1.8590537977683648e-29
3.8962499999999998	8.458929655999189e-29
3.901	3.780070099937644e-28
3.90575	1.658995769910815e-27
3.9105	7.150751538218421e-27
3.91525	3.0270464296594145e-26
3.92	1.258483312200864e-25
3.92475	5.138505484588648e-25
3.9295	2.0605690498383652e-24
3.93425	8.115186496803778e-24
3.939	3.1388518790652213e-23
3.94375	1.1923510096195803e-22
3.9485	4.44834446425174e-22
3.9532499999999997	1.6298726834550179e-21
3.9579999999999997	5.865025931291653e-21
3.9627499999999998	2.072751207273669e-20
3.9675	7.194247946855395e-20
3.97225	2.4523621856662036e-19
3.977	8.210031148847279e-19
3.98175	2.6993921673867874e-18
3.9865	8.716620665742159e-18
3.99125	2.7643389578760865e-17
3.996	8.60984685565803e-17
4.00075	2.633665069126105e-16
4.0055	7.912006679056967e-16
4.01025	2.3343917052091934e-15
4.015000000000001	6.764283515334615e-15
4.01975	1.9250005481636693e-14
4.0245	5.3802306903411053e-14
4.029249999999999	1.476834815585504e-13
4.034	3.981291083397967e-13
4.03875	1.0540881353627585e-12
4.0435	2.7408855634221585e-12
4.0482499999999995	6.999481441403896e-12
4.053	1.7555039619775408e-11
4.05775	4.3241300408114925e-11
4.0625	1.0460601622957376e-10
4.06725	2.4852813700515134e-10
4.072	5.799031266144053e-10
4.0767500000000005	1.3289122992583956e-09
4.0815	2.9908744042121246e-09
4.08625	6.610906515688784e-09
4.090999999999999	1.4351088421675498e-08
4.09575	3.059635204174747e-08
4.1005	6.406420525094779e-08
4.10525	1.3174138384601998e-07
4.109999999999999	2.660663696255346e-07
4.11475	5.27738442824464e-07
4.1195	1.0280363317191622e-06
4.12425	1.966795381943316e-06
4.129	3.695480211776887e-06
4.13375	6.819359200347792e-06
4.1385000000000005	1.2358826554271165e-05
4.14325	2.1997427364597144e-05
4.148	3.8452761293462085e-05
4.152749999999999	6.601523234788713e-05
4.1575	0.00011130681736340242
4.16225	0.00018431486326490206
4.167	0.00029975051396378933
4.171749999999999	0.0004787629111293515
4.1765	0.0007510036474532865
4.18125	0.001156976607263097
4.186	0.0017505241013176518
4.1907499999999995	0.0026011931134690435
4.1955	0.0037961038175322254
4.2002500000000005	0.005440822419876124
4.205	0.007658646182577898
4.20975	0.010587671196890108
4.214499999999999	0.014375066741584843
4.21925	0.01916815349091406
4.224	0.025102193419871046
4.22875	0.03228524225098997
4.233499999999999	0.040780956890241596
4.23825	0.05059082468755079
4.243	0.061637794505622505
4.24775	0.07375363112237628
4.2524999999999995	0.08667237708035605
4.25725	0.10003200947968655
4.2620000000000005	0.11338569416247794
4.26675	0.1262230057643302
4.2715	0.13800021312851535
4.27625	0.1481774036982915
4.281	0.15625905353556982
4.28575	0.1618338561371306
4.2905	0.16460937280854468
4.295249999999999	0.16443744586143574
4.3	0.16132730143751048
4.30475	0.1554447292556576
4.3095	0.147097440770309
4.3142499999999995	0.136708405372138
4.319	0.12478037969150818
4.32375	0.11185576507981891
4.3285	0.09847623298449719
4.33325	0.08514623836529343
4.338	0.07230369465337895
4.3427500000000006	0.06029988698779956
4.3475	0.04938937052910448
4.35225	0.03972935080673718
4.356999999999999	0.03138704504405526
4.36175	0.02435288272452554
4.3665	0.0185571512996113
4.37125	0.013887792676589095
4.3759999999999994	0.010207423294539263
4.38075	0.007368176322863144
4.3855	0.005223539459878981
4.39025	0.003636894759692979
4.395	0.0024868957092059126
4.39975	0.001670111230942751
4.4045000000000005	0.0011015246103241727
4.40925	0.000713516461798481
4.414	0.00045391525088103296
4.418749999999999	0.00028360020245922257
4.4235	0.0001740200475787898
4.42825	0.00010487042165180061
4.433	6.206799691686496e-05
4.437749999999999	3.607808107682019e-05
4.4425	2.059586872900787e-05
4.44725	1.1547229159162501e-05
4.452	6.3582329999130654e-06
4.4567499999999995	3.438397461229651e-06
4.4615	1.8261510646090662e-06
4.4662500000000005	9.525292236521044e-07
4.471	4.87956268217842e-07
4.47575	2.4549603282455817e-07
4.480499999999999	1.2130230127447922e-07
4.48525	5.886465275637392e-08
4.49	2.8054408559895222e-08
4.49475	1.3131327499798893e-08
4.499499999999999	6.036387805082085e-09
4.50425	2.7252516910278387e-09
4.509	1.2083620773771705e-09
4.51375	5.261972100454394e-10
4.5184999999999995	2.2504065314140109e-10
4.52325	9.452232656218365e-11
4.528	3.8991398343625e-11
4.53275	1.5796621159704476e-11
4.5375	6.28522138969225e-12
4.54225	2.4560541706911296e-12
4.547	9.425758047154491e-13
4.55175	3.552676132047437e-13
4.5565	1.3150913876228407e-13
4.56125	4.7809833758038436e-14
4.566	1.707023571592877e-14
4.57075	5.985808068353632e-15
4.5755	2.061422638158586e-15
4.5802499999999995	6.972239219214428e-16
4.585	2.3159997192486066e-16
4.5897499999999996	7.555543494197122e-17
4.5945	2.420772082116218e-17
4.59925	7.617335407398506e-18
4.604	2.354036759499304e-18
4.60875	7.144706390035814e-19
4.6135	2.1296906138769096e-19
4.61825	6.234614884252018e-20
4.623	1.7925188517726817e-20
4.62775	5.061495046827709e-21
4.6325	1.403637250257734e-21
4.63725	3.822891205613362e-22
4.6419999999999995	1.0225627706636138e-22
4.64675	2.686265903914906e-23
4.6514999999999995	6.930570842335254e-24
4.65625	1.756103057795813e-24
4.661	4.3701060451367395e-25
4.66575	1.0680582448577512e-25
4.6705	2.5636508822759215e-26
4.67525	6.043434410886844e-27
4.68	1.3991675623034308e-27
4.68475	3.1813879200390397e-28
4.6895	7.104352663539399e-29
4.69425	1.5580930153175627e-29
4.699	3.3560099062552554e-30
4.70375	7.099276187293127e-31
4.7085	1.4749112719893605e-31
4.7132499999999995	3.0093915828719113e-32
4.718	6.030488501933072e-33
4.72275	1.1868265964297908e-33
4.7275	2.293945159543363e-34
4.73225	4.3545148585572856e-35
4.737	8.118158139793835e-36
4.74175	1.4864017974924554e-36
4.7465	2.672858212354202e-37
4.75125	4.720376127052131e-38
4.756	8.18725418538193e-39
4.76075	1.394636178550127e-39
4.7655	2.3331602296567414e-40
4.77025	3.833444565394056e-41
4.7749999999999995	6.185784620039232e-42
4.77975	9.80305379948132e-43
4.7844999999999995	1.5257696165186773e-43
4.78925	2.3322630034088733e-44
4.794	3.5012818185366026e-45
4.79875	5.162232950898065e-46
4.8035	7.474964135238311e-47
4.80825	1.0630204331226236e-47
4.813	1.4846876512877596e-48
4.81775	2.0365241513741622e-49
4.8225	2.7435003368167423e-50
4.82725	3.6297896294568604e-51
4.832	4.716489563180891e-52
4.83675	6.018902172195399e-53
4.8415	7.543565681269191e-54
4.8462499999999995	9.285323777788108e-55
4.851	1.122479486075412e-55
4.85575	1.3326642823151527e-56
4.8605	1.553903653896935e-57
4.86525	1.7794607059957246e-58
4.87	2.001306940181683e-59
4.87475	2.2105481804561404e-60
4.8795	2.397989368847505e-61
4.88425	2.5547917659259217e-62
4.889	2.6731596732440453e-63
4.89375	2.7470792397536664e-64
4.8985	2.7830293533744035e-65
4.90325	3.84201795848234e-66
4.9079999999999995	1.126433651221096e-65
4.91275	1.0857475165244262e-64
4.9174999999999995	1.0523179793447217e-63
4.92225	1.0019047895123875e-62
4.927	9.368452761881747e-62
4.93175	8.603403343647255e-61
4.9365	7.759498995017039e-60
4.94125	6.873185466831648e-59
4.946	5.979204806536742e-58
4.95075	5.108457454452941e-57
4.9555	4.286443626467023e-56
4.96025	3.5323638920998106e-55
4.965	2.858872200720991e-54
4.9697499999999994	2.272401311070208e-53
4.9745	1.773929292915194e-52
4.9792499999999995	1.360030237105455e-51
4.984	1.0240515218648498e-50
4.98875	7.572792120526259e-50
4.9935	5.499855101330365e-49
4.99825	3.922901873098393e-48
5.003	2.7480499764908415e-47
5.00775	1.890613666605594e-46
5.0125	1.2774442148457922e-45
5.01725	8.476997974642893e-45
5.022	5.524630026921715e-44
5.02675	3.536106236964043e-43
5.0315	2.2228409739099257e-42
5.03625	1.3723107567235566e-41
5.0409999999999995	8.320655208267767e-41
5.04575	4.954770796665161e-40
5.0504999999999995	2.8976811588300604e-39
5.05525	1.6643268106471187e-38
5.06	9.388313994001488e-38
5.06475	5.2011285492926885e-37
5.0695	2.8298834802642248e-36
5.07425	1.5121696060231318e-35
5.079	7.935849810870544e-35
5.08375	4.090226517480143e-34
5.0885	2.070438164965529e-33
5.09325	1.0292909486119727e-32
5.098	5.025450822191313e-32
5.1027499999999995	2.4097549763889316e-31
5.1075	1.1348324056290797e-30
5.1122499999999995	5.248697653298529e-30
5.117	2.384143372336721e-29
5.12175	1.0635898037590849e-28
5.1265	4.659903751798521e-28
5.13125	2.0051215869888678e-27
5.136	8.473551301761702e-27
5.14075	3.5168285656349314e-26
5.1455	1.4335007289068214e-25
5.15025	5.738595619602784e-25
5.155	2.2561829423779095e-24
5.15975	8.711721535797484e-24
5.1645	3.3036546614186765e-23
5.16925	1.2303998967327936e-22
5.1739999999999995	4.500480801467523e-22
5.17875	1.616711491900117e-21
5.1834999999999996	5.703837208641934e-21
5.18825	1.9763447443083626e-20
5.193	6.72541779932142e-20
5.19775	2.247692100896423e-19
5.2025	7.377604237598468e-19
5.20725	2.3782355896535286e-18
5.212	7.529313461346374e-18
5.21675	2.341083299787992e-17
5.2215	7.148901945592484e-17
5.22625	2.1439902119477882e-16
5.231	6.314911098515037e-16
5.2357499999999995	1.826722878794552e-15
5.2405	5.18966207818196e-15
5.2452499999999995	1.4479930466099092e-14
5.25	3.9678464511500995e-14
5.25475	1.0678351758430653e-13
5.2595	2.8223740680850437e-13
5.26425	7.32632040621987e-13
5.269	1.8677477736905415e-12
5.27375	4.676398703461011e-12
5.2785	1.1499152142349818e-11
5.28325	2.7770333369195303e-11
5.288	6.586540264828708e-11
5.29275	1.5342445651190045e-10
5.2975	3.5098844612422344e-10
5.30225	7.885913920485783e-10
5.3069999999999995	1.7400920722571677e-09
5.31175	3.770972881481472e-09
5.3165	8.025933826481473e-09
5.32125	1.6776398154855416e-08
5.326	3.4439977522993014e-08
5.33075	6.943652507081014e-08
5.3355	1.374909403973786e-07
5.34025	2.673752298127478e-07
5.345	5.106569463644301e-07
5.34975	9.578517599607776e-07
5.3545	1.7645271449266282e-06
5.35925	3.1924152051663074e-06
5.364	5.672459216362831e-06
5.3687499999999995	9.898841676630718e-06
5.3735	1.69651755835447e-05
5.3782499999999995	2.855573375350687e-05
5.383	4.720513825185953e-05
5.38775	7.663836101534054e-05
5.3925	0.0001221980083025382
5.39725	0.00019135641723326262
5.402	0.0002942950242223046
5.40675	0.00044451230970040274
5.4115	0.0006593949999846973
5.41625	0.000960657309860585
5.421	0.0013745239719419146
5.42575	0.0019315107504275092
5.430499999999999	0.0026656487701630033
5.43525	0.0036130145126810156
5.4399999999999995	0.004809472779952202
5.44475	0.0062876190456765515
5.4495	0.008073018636862755
5.45425	0.010179974120744908
5.459	0.012607192304906496
5.46375	0.015333844879218145
5.4685	0.018316594806331635
5.47325	0.021488168233901275
5.478	0.024757970286531032
5.48275	0.028015066898089882
5.4875	0.031133595240050677
5.49225	0.033980351786867834
5.497	0.036423984371199015
5.5017499999999995	0.03834493587708321
5.5065	0.03964510435482727
5.5112499999999995	0.040256137187636126
5.516	0.040145384162028515
5.52075	0.039318787927530865
5.5255	0.03782035572609132
5.53025	0.03572827774536536
5.535	0.033148168590024424
5.53975	0.03020424474434993
5.5445	0.027029462342542852
5.54925	0.02375569922241395
5.554	0.020504973550794114
5.55875	0.01738247420372186
5.5634999999999994	0.014471880184777151
5.56825	0.011833121058720066
5.5729999999999995	0.009502429178809915
5.57775	0.007494298031673292
5.5825	0.005804813394324819
5.58725	0.004415771080396211
5.592	0.003299026645162492
5.59675	0.0024206170063032313
5.6015	0.0017443246644282264
5.60625	0.001234495604157746
5.611	0.0008580503218938493
5.61575	0.0005857293062664071
5.6205	0.000392683030683378
5.62525	0.00025855223700213683
5.63	0.00016719198433459343
5.6347499999999995	0.0001061802146231885
5.6395	6.622664652976103e-05
5.6442499999999995	4.056794813004501e-05
5.649	2.4405897033270378e-05
5.65375	1.4420131690624447e-05
5.6585	8.367795632952806e-06
5.66325	4.769111874835157e-06
5.668	2.670005112444459e-06
5.67275	1.4691596990775464e-06
5.6775	7.961028132565175e-07
5.68225	4.2790262547651226e-07
5.687	2.339800339266897e-07
5.69175	1.4072791498513642e-07
5.6964999999999995	1.0973338929911288e-07
5.70125	1.2521347883166654e-07
5.7059999999999995	1.8773799717387358e-07
5.71075	3.124360597435357e-07
5.7155	5.307088671893886e-07
5.72025	8.95051824971139e-07
5.725	1.4869625608799032e-06
5.72975	2.4280971675437465e-06
5.7345	3.894833283993565e-06
5.73925	6.136187673706198e-06
5.744	9.49459439922901e-06
5.74875	1.4428364034307916e-05
5.7535	2.1533730183128793e-05
5.75825	3.156331194344492e-05
5.763	4.543671138771004e-05
5.7677499999999995	6.423802919352079e-05
5.7725	8.919459004054085e-05
5.7772499999999996	0.00012163142766485702
5.782	0.000162897372696265
5.78675	0.00021426110478601592
5.7915	0.0002767792859908146
5.79625	0.00035114364581795103
5.801	0.0004375191109830844
5.80575	0.0005353899645586747
5.8105	0.000643434598018641
5.81525	0.0007594506835100828
5.82	0.0008803507319390263
5.82475	0.0010022426190248984
5.8294999999999995	0.0011206009547057906
5.83425	0.0012305240162218067
5.8389999999999995	0.001327058857415224
5.84375	0.001405566055475481
5.8485	0.001462087352402691
5.85325	0.0014936758691339277
5.858	0.001498650607317791
5.86275	0.0014767446555081086
5.8675	0.001429128914704815
5.87225	0.001358308408258694
5.877	0.0012679039552917241
5.88175	0.0011623456879361713
5.8865	0.0010465144891065403
5.891249999999999	0.0009253716004811324
5.896	0.0008036150709758694
5.9007499999999995	0.0006853950498190467
5.9055	0.0005741096391720952
5.91025	0.00047229103119706
5.915	0.00038157994649909796
5.91975	0.00030277664458234317
5.9245	0.0002359501106411992
5.92925	0.00018058388146633016
5.934	0.0001357371624955392
5.93875	0.00010020272532070271
5.9435	7.264760237698813e-05
5.94825	5.1727801680773864e-05
5.953	3.6173267786141684e-05
5.95775	2.4843481073716805e-05
5.9624999999999995	1.6757072150296445e-05
5.96725	1.1100558108399404e-05
5.9719999999999995	7.221916689186005e-06
5.97675	4.6144624721165524e-06
5.9815	2.8956812043415665e-06
5.98625	1.7846019391587272e-06
5.991	1.0801721073424419e-06
5.99575	6.421042451120264e-07
6.0005	3.7486863805157907e-07
6.00525	2.1493822603428365e-07
6.01	1.2103450449629214e-07
6.01475	6.69369188420703e-08
6.0195	3.635659674558768e-08
6.024249999999999	1.93937464481884e-08
6.029	1.0160174996555209e-08
6.0337499999999995	5.227591553939268e-09
6.0385	2.641575887291135e-09
6.04325	1.3109481657770813e-09
6.048	6.389530292690022e-10
6.05275	3.0585341311113493e-10
6.0575	1.4378669908175193e-10
6.06225	6.638731141369805e-11
6.067	3.010318394470465e-11
6.07175	1.3406047954940219e-11
6.0765	5.863407651396651e-12
6.08125	2.518606934886325e-12
6.086	1.0625067184616324e-12
6.09075	4.402141108126401e-13
6.0954999999999995	1.7912541877474983e-13
6.10025	7.158325830261416e-14
6.1049999999999995	2.8094848272591506e-14
6.10975	1.0829362814292234e-14
6.1145	4.099586947146287e-15
6.11925	1.5241871080458611e-15
6.124	5.565413674642019e-16
6.12875	1.9958026834797864e-16
6.1335	7.029084080213068e-17
6.13825	2.4313129255516744e-17
6.143	8.259313750422436e-18
6.14775	2.75554846602719e-18
6.1525	9.028864355530337e-19
6.1572499999999994	2.905488678682949e-19
6.162	9.182611938067775e-20
6.1667499999999995	2.8501929365005984e-20
6.1715	8.688469328091505e-21
6.17625	2.6011971516567085e-21
6.181	7.648288329266933e-22
6.18575	2.208595680786856e-22
6.1905	6.263674338723722e-23
6.19525	1.744629073952544e-23
6.2	4.772413066674738e-24
6.20475	1.2821355177474212e-24
6.2095	3.3829129368359387e-25
6.21425	8.766145911061198e-26
6.218999999999999	2.2309382724770488e-26
6.22375	5.576059476760058e-27
6.2284999999999995	1.3687629010532726e-27
6.23325	3.299818387803943e-28
6.2379999999999995	7.812910252106087e-29
6.24275	1.8167560596682308e-29
6.2475	4.148980406794864e-30
6.25225	9.305659020623412e-31
6.257	2.049811242212437e-31
6.26175	4.4344686708158424e-32
6.2665	9.421722221408631e-33
6.27125	1.9659840286826563e-33
6.276	4.028938698080337e-34
6.28075	8.1089069737206e-35
6.2855	1.602857676413601e-35
6.2902499999999995	3.1116345811493514e-36
6.295	5.932574516095952e-37
6.2997499999999995	1.1108586445181111e-37
6.3045	2.042844834044794e-38
6.30925	3.689546149947602e-39
6.314	6.544425043902066e-40
6.31875	1.140068728660546e-40
6.3235	1.950525145846463e-41
6.32825	3.2774272344744506e-42
6.333	5.408483978865387e-43
6.33775	8.765546974897956e-44
6.3425	1.3952225280454724e-44
6.34725	2.1810665796148255e-45
6.351999999999999	3.348538918114655e-46
6.35675	5.04896968573997e-47
6.3614999999999995	7.476720745414886e-48
6.36625	1.0873779989784206e-48
6.3709999999999996	1.5531410835180352e-49
6.37575	2.1787242058792845e-50
6.3805	3.001612282550092e-51
6.38525	4.0613265829621644e-52
6.39	5.396873248485128e-53
6.39475	7.043321414927616e-54
6.3995	9.027630625521182e-55
6.40425	1.1363995145304718e-55
6.409	1.4049125190031468e-56
6.41375	1.7058015708437682e-57
6.4185	2.0340832434670366e-58
6.4232499999999995	2.382154465421018e-59
6.428	2.739883520606035e-60
6.4327499999999995	3.094961608701537e-61
6.4375	3.4335186977867e-62
6.44225	3.740972811950746e-63
6.447	4.00304683831359e-64
6.45175	4.206857255254318e-65
6.4565	4.3419604674714636e-66
6.46125	4.401238857105201e-67
6.466	4.381522000474155e-68
6.47075	4.2838675970134166e-69
6.4755	4.1134674667948624e-70
6.48025	3.879190243413721e-71
6.484999999999999	3.592816821191423e-72
6.48975	3.2680602647419416e-73
6.4944999999999995	2.919483481352354e-74
6.49925	2.561432836511806e-75
6.504	2.20709439408204e-76
6.50875	1.8677546540532077e-77
6.5135	1.5523145615912919e-78
6.51825	1.2670700344943978e-79
6.523	1.0157398555156551e-80
6.52775	7.996967878416512e-82
6.5325	6.18342637617373e-83
6.53725	4.695631651283655e-84
6.542	3.5020297662725863e-85
6.54675	2.5651137551190083e-86
6.5515	1.8452465861796763e-87
6.5562499999999995	1.303656505272376e-88
6.561	9.045507255496104e-90
6.5657499999999995	6.164014634132335e-91
6.5705	4.125298515565386e-92
6.57525	2.711490483392824e-93
6.58	1.7503374021252205e-94
6.58475	1.1096766466491587e-95
6.5895	6.909269041985171e-97
6.59425	4.225019780369532e-98
6.599	2.5373850314441868e-99
6.60375	1.4965973957183432e-100
6.6085	8.669310968084607e-102
6.61325	4.932023783199713e-103
6.617999999999999	2.755666950237238e-104
6.62275	1.5121305150365963e-105
6.6274999999999995	8.149159389079622e-107
6.63225	4.313177504378502e-108
6.637	2.242037309044773e-109
6.64175	1.1445883565905121e-110
6.6465	5.738743273488027e-112
6.65125	2.825824943738683e-113
6.656	1.3665788548747852e-114
6.66075	6.490604154435021e-116
6.6655	3.0275863242902258e-117
6.67025	1.3869759511407538e-118
6.675	6.24025463482285e-120
6.679749999999999	2.7573803526308175e-121
6.6845	1.1966083432336415e-122
6.6892499999999995	5.099978685398193e-124
6.694	2.1347434027275367e-125
6.6987499999999995	8.77574476601166e-127
6.7035	3.543098874039406e-128
6.70825	1.4048939582159239e-129
6.713	5.470975907213715e-131
6.71775	2.0924112400384794e-132
6.7225	7.859415897053929e-134
6.72725	2.8993088567277477e-135
6.732	1.0504120085664317e-136
6.73675	3.737540079622959e-138
6.7415	1.3060897572077197e-139
6.74625	4.4825090313015794e-141
6.7509999999999994	1.5108811660191696e-142
6.75575	5.0015017646563347e-144
6.7604999999999995	1.626041141795517e-145
6.76525	5.191867708740008e-147
6.77	1.628083558698135e-148
6.77475	5.014074099929123e-150
6.7795	1.5165816248981325e-151
6.78425	4.505072829114119e-153
6.789	1.3143130717027055e-154
6.79375	3.765796287362229e-156
6.7985	1.059682599860883e-157
6.80325	2.928571071548707e-159
6.808	7.948711190861795e-161
6.812749999999999	2.1188423837833944e-162
6.8175	5.5470434835265584e-164
6.8222499999999995	1.426216556183939e-165
6.827	3.601391718151557e-167
6.8317499999999995	8.931332010899399e-169
6.8365	2.175319691013534e-170
6.84125	5.203444572645167e-172
6.846	1.2224180643517694e-173
6.85075	2.820392622467297e-175
6.8555	6.390875622147509e-177
6.86025	1.4222375659163548e-178
6.865	3.1084573309284786e-180
6.86975	6.672347546765012e-182
6.8745	1.4066090052847677e-183
6.87925	2.9122530716291113e-185
6.8839999999999995	5.92169200084202e-187
6.88875	1.1825608655774785e-188
6.8934999999999995	2.3193280219112107e-190
6.89825	4.467471926010346e-192
6.903	8.451279668572807e-194
6.90775	1.5701606876813722e-195
6.9125	2.8650137485558443e-197
6.91725	5.134170721131371e-199
6.922	9.035972190157875e-201
6.92675	1.5618540574517806e-202
6.9315	2.651349617326236e-204
6.93625	4.420328373154486e-206
6.941	7.237741222572724e-208
6.945749999999999	1.163891654769212e-209
6.9505	1.8381588595731553e-211
6.9552499999999995	2.8511135488311606e-213
6.96	4.3431714185220684e-215
6.9647499999999996	6.49771131058647e-217
6.9695	9.547174003354442e-219
6.97425	1.3776860105576145e-220
6.979	1.952480223368485e-222
6.98375	2.7175905480079327e-224
6.9885	3.714859455330672e-226
6.99325	4.9872568630694874e-228
6.998	6.575701193362853e-230
7.00275	8.514975218233668e-232
7.007499999999999	1.0828933608544952e-233
7.01225	1.3525364517025245e-235
7.0169999999999995	1.659102624777697e-237
7.02175	1.998750138986499e-239
7.0264999999999995	2.364856256705879e-241
7.03125	2.747969915936632e-243
7.036	3.136029824063602e-245
7.04075	3.5148709083444976e-247
7.0455	3.869007385638148e-249
7.05025	4.18264227748596e-251
7.055	4.4408169471279757e-253
7.05975	4.630586540125983e-255
7.0645	4.742093612520991e-257
7.06925	4.769416233912491e-259
7.074	4.711089042764304e-261
7.078749999999999	4.570233449122249e-263
7.0835	4.3542808844484856e-265
7.0882499999999995	4.074323246964508e-267
7.093	3.7441695542815006e-269
7.09775	3.379220394962219e-271
7.1025	2.9952874886706868e-273
7.10725	2.607483037214019e-275
7.112	2.2292842915758194e-277
7.11675	1.871847244311199e-279
7.1215	1.543605572052827e-281
7.12625	1.2501532533022952e-283
7.131	9.943771998768352e-286
7.13575	7.767835944850972e-288
7.140499999999999	5.959501266149474e-290
7.14525	4.490355988643907e-292
7.1499999999999995	3.3228643579192914e-294
7.15475	2.4149349607209606e-296
7.1594999999999995	1.723690344158965e-298
7.16425	1.2082979631562323e-300
7.169	8.318591971544087e-303
7.17375	5.624534517993459e-305
7.1785	3.7349460659186985e-307
7.18325	2.435808085931204e-309
7.188	1.5601371752905e-311
7.19275	9.813942015e-314
7.1975	6.0629666e-316
7.20225	3.678645e-318
7.207	2.192e-320
7.211749999999999	1.3e-322
7.2165	0.0
7.2212499999999995	0.0
7.226	0.0
7.23075	0.0
7.2355	0.0
7.24025	0.0
7.245	0.0
7.24975	0.0
7.2545	0.0
7.25925	0.0
7.264	0.0
7.26875	0.0
7.273499999999999	0.0
7.27825	0.0
7.2829999999999995	0.0
7.28775	0.0
7.2924999999999995	0.0
7.29725	0.0
7.302	0.0
7.30675	0.0
7.3115	0.0
7.31625	0.0
7.321	0.0
7.32575	0.0
7.3305	0.0
7.33525	5e-324
7.34	8.15e-322
7.3447499999999994	1.3995e-319
7.3495	2.3633176e-317
7.3542499999999995	3.91960656e-315
7.359	6.38445478583e-313
7.36375	1.0213301200161e-310
7.3685	1.6046098309038885e-308
7.37325	2.4759036612303835e-306
7.378	3.751967087222113e-304
7.38275	5.583998367208158e-302
7.3875	8.161923686337891e-300
7.39225	1.1716577286299071e-297
7.397	1.6518476050705442e-295
7.40175	2.28717912729646e-293
7.406499999999999	3.110221825328823e-291
7.41125	4.153780419873234e-289
7.4159999999999995	5.448245760989925e-287
7.42075	7.01828223451113e-285
7.4254999999999995	8.879038784599273e-283
7.43025	1.1032198353711235e-280
7.435	1.346229660616902e-278
7.43975	1.6133820940845867e-276
7.4445	1.8989620913842e-274
7.44925	2.195110272340669e-272
7.454	2.4920535694052005e-270
7.45875	2.778557508653577e-268
7.4635	3.042582694416628e-266
7.468249999999999	3.27209855589157e-264
7.473	3.4559810001779785e-262
7.4777499999999995	3.584902106648164e-260
7.4825	3.652113281626016e-258
7.4872499999999995	3.654030464885831e-256
7.492	3.5905507728023985e-254
7.49675	3.4650616453599516e-252
7.5015	3.284141365365648e-250
7.50625	3.056987797909008e-248
7.511	2.7946443834188604e-246
7.51575	2.509113941334437e-244
7.5205	2.2124588379541886e-242
7.52525	1.9159801271118097e-240
7.53	1.6295503558161805e-238
7.53475	1.361148645347117e-236
7.539499999999999	1.1166171908203792e-234
7.54425	8.996302471912915e-233
7.5489999999999995	7.118439075905427e-231
7.55375	5.531800136251229e-229
7.5584999999999996	4.221911968311709e-227
7.56325	3.164556478222008e-225
7.568	2.329579377318177e-223
7.57275	1.6842368286751726e-221
7.5775	1.1958860254593654e-219
7.58225	8.339449954977686e-218
7.587	5.711445109177849e-216
7.59175	3.841630514311508e-214
7.5965	2.53773437235042e-212
7.601249999999999	1.6464089424531303e-210
7.606	1.0490356689144817e-208
7.6107499999999995	6.564532134802488e-207
7.6155	4.034393790466045e-205
7.6202499999999995	2.4350830595326876e-203
7.625	1.4434782906960262e-201
7.62975	8.403645398004025e-200
7.6345	4.804920041870267e-198
7.63925	2.698146931415333e-196
7.644	1.4880105548485585e-194
7.64875	8.059487240602536e-193
7.6535	4.287161036034252e-191
7.65825	2.2397171033129212e-189
7.663	1.1491521145424757e-187
7.66775	5.790590576306104e-186
7.672499999999999	2.8656898306108496e-184
7.67725	1.3928247980461322e-182
7.6819999999999995	6.648516989998678e-181
7.68675	3.116836779457616e-179
7.6915	1.4350410409944394e-177
7.69625	6.488967037040771e-176
7.701	2.881693579684355e-174
7.70575	1.2568429529668588e-172
7.7105	5.383630123787044e-171
7.71525	2.2648028310725054e-169
7.72	9.35721414262304e-168
7.72475	3.796852468969529e-166
7.7295	1.5130798961804068e-164
7.734249999999999	5.921898836537535e-163
7.739	2.2762559383673038e-161
7.7437499999999995	8.592948008801649e-160
7.7485	3.185842202679376e-158
7.7532499999999995	1.1600249296021693e-156
7.758	4.148311578611916e-155
7.76275	1.45692232900488e-153
7.7675	5.025304876012165e-152
7.77225	1.7023521935243253e-150
7.777	5.663662937314909e-149
7.78175	1.8505736257044302e-147
7.7865	5.938494000642485e-146
7.79125	1.871575107858164e-144
7.795999999999999	5.792942040667517e-143
7.80075	1.760970541356381e-141
7.805499999999999	5.257339014787239e-140
7.81025	1.5414905254877685e-138
7.8149999999999995	4.438913898372802e-137
7.81975	1.2553752640275865e-135
7.8245	3.4868350072970333e-134
7.82925	9.511526292057238e-133
7.834	2.548179470528413e-131
7.83875	6.704567952740348e-130
7.8435	1.732497297316967e-128
7.84825	4.396785910437285e-127
7.853	1.0958700490471911e-125
7.85775	2.6825250133345106e-124
7.8625	6.448957095539777e-123
7.867249999999999	1.5226363011078214e-121
7.872	3.5307247028714845e-120
7.8767499999999995	8.040675162849481e-119
7.8815	1.798382894489965e-117
7.8862499999999995	3.950324692477101e-116
7.891	8.522056484773236e-115
7.89575	1.805581132767632e-113
7.9005	3.757081293320786e-112
7.90525	7.677947901976227e-111
7.91	1.540993171637533e-109
7.91475	3.037506754019158e-108
7.9195	5.880236247301004e-107
7.92425	1.1179780633721637e-105
7.928999999999999	2.087530232417446e-104
7.93375	3.8281879351004745e-103
7.9384999999999994	6.894689476876531e-102
7.94325	1.219543109579024e-100
7.9479999999999995	2.118559115827084e-99
7.95275	3.614473140067497e-98
7.9575	6.056342132118823e-97
7.96225	9.966364925943046e-96
7.967	1.6107352154063637e-94
7.97175	2.5566572340875575e-93
7.9765	3.985491110029247e-92
7.98125	6.101718490824806e-91
7.986	9.174522585572316e-90
7.99075	1.354801802383016e-88
7.9955	1.9648483746866538e-87
8.00025	2.7986159358360685e-86
8.004999999999999	3.9148808444949035e-85
8.00975	5.378420804660274e-84
8.0145	7.256914274019122e-83
8.01925	9.616348457184226e-82
8.024000000000001	1.2514957405109872e-80
8.028749999999999	1.5995931815454562e-79
8.0335	2.0079398423433837e-78
8.03825	2.4754424541431892e-77
8.043	2.997201609172542e-76
8.04775	3.5640194373889212e-75
8.0525	4.162221184715673e-74
8.05725	4.7738770687022345e-73
8.062	5.37747366248906e-72
8.066749999999999	5.949032441316151e-71
8.0715	6.463613317098981e-70
8.07625	6.897081874722541e-69
8.081	7.227970652338531e-68
8.08575	7.439236476513268e-67
8.090499999999999	7.519714158932716e-66
8.09525	7.465094078065403e-65
8.1	7.27830452721779e-64
8.10475	6.969251620432803e-63
8.1095	6.5539489065731345e-62
8.11425	6.053143122334931e-61
8.119	5.490600161028839e-60
8.123750000000001	4.891247950368269e-59
8.128499999999999	4.2793767614497315e-58
8.13325	3.677073861355309e-57
8.138	3.103024237792041e-56
8.14275	2.571751292294376e-55
8.1475	2.093310973972318e-54
8.152249999999999	1.673399050608786e-53
8.157	1.3137909651162694e-52
8.16175	1.0130106429198888e-51
8.1665	7.67118983329895e-51
8.17125	5.705220532413157e-50
8.176	4.167188323989313e-49
8.18075	2.989336488471785e-48
8.185500000000001	2.1060441124462626e-47
8.190249999999999	1.4572065288914768e-46
8.195	9.902292208763335e-46
8.19975	6.608628697620337e-45
8.2045	4.331596066122287e-44
8.20925	2.7883387477975e-43
8.213999999999999	1.7628043023237704e-42
8.21875	1.0945198802711172e-41
8.2235	6.674276451342776e-41
8.22825	3.99710643707044e-40
8.233	2.350976128214587e-39
8.23775	1.3580373366725803e-38
8.2425	7.704353222094199e-38
8.247250000000001	4.2926121037208725e-37
8.251999999999999	2.348919268515007e-36
8.25675	1.2623376043100342e-35
8.2615	6.662602964084746e-35
8.26625	3.4536103103613097e-34
8.271	1.758181537628122e-33
8.275749999999999	8.790530456981368e-33
8.2805	4.31645716313128e-32
8.28525	2.0816167421509383e-31
8.29	9.859050557819943e-31
8.29475	4.5859614513397785e-30
8.2995	2.0950128472203538e-29
8.30425	9.399482980416576e-29
8.309000000000001	4.141734215198976e-28
8.313749999999999	1.7923444288650306e-27
8.3185	7.617662009299594e-27
8.32325	3.179676323975104e-26
8.328	1.3034822194854168e-25
8.33275	5.247933151732424e-25
8.337499999999999	2.075068615217109e-24
8.34225	8.058192056194596e-24
8.347	3.073291471183976e-23
8.35175	1.1511472280529442e-22
8.3565	4.2346642058584806e-22
8.36125	1.5299176978979483e-21
8.366	5.428478769431083e-21
8.370750000000001	1.891686669344555e-20
8.375499999999999	6.474127495334792e-20
8.38025	2.176077090018129e-19
8.385	7.183370887125365e-19
8.38975	2.3288595000738834e-18
8.3945	7.415138567060613e-18
8.399249999999999	2.318762341517737e-17
8.404	7.121216516484099e-17
8.40875	2.147895395590293e-16
8.413499999999999	6.362576955828791e-16
8.41825	1.8510321161355957e-15
8.423	5.288784171957802e-15
8.42775	1.484084808210272e-14
8.432500000000001	4.089993135935544e-14
8.437249999999999	1.1069994968596761e-13
8.442	2.9426136993634076e-13
8.44675	7.682101946154027e-13
8.4515	1.9696445771290865e-12
8.45625	4.959714161677436e-12
8.460999999999999	1.2265532741001066e-11
8.46575	2.9790457252855374e-11
8.4705	7.10606061210952e-11
8.475249999999999	1.6647216637257256e-10
8.48	3.8301461023527365e-10
8.48475	8.654660496728227e-10
8.4895	1.9206388899623256e-09
8.494250000000001	4.1860304997052565e-09
8.498999999999999	8.960248349138985e-09
8.50375	1.8836434353916825e-08
8.5085	3.889003541862172e-08
8.51325	7.885676873920788e-08
8.518	1.570365035432005e-07
8.52275	3.0713072467739597e-07
8.5275	5.89938757259965e-07
8.53225	1.112888420575743e-06
8.536999999999999	2.0618514234123307e-06
8.54175	3.75166614725328e-06
8.5465	6.704279515362221e-06
8.55125	1.1766334813901309e-05
8.556	2.0281100841321632e-05
8.56075	3.4332322194359675e-05
8.5655	5.7078993707820454e-05
8.57025	9.319896876057957e-05
8.575	0.00014945410673947098
8.57975	0.0002353785781842866
8.5845	0.00036407335666240043
8.58925	0.0005530628744004644
8.594	0.0008251346680855707
8.598749999999999	0.0012090420018141708
8.6035	0.0017399079906489081
8.60825	0.0024591356385925277
8.613	0.003413611982244148
8.61775	0.004654008088049828
8.6225	0.006232031115969294
8.62725	0.008196587495070577
8.632	0.0105889679855269
8.63675	0.013437356717460715
8.6415	0.016751176390858682
8.64625	0.020515978834593
8.651	0.02468973430418185
8.65575	0.02920142250202784
8.660499999999999	0.03395274757663382
8.66525	0.03882356722682518
8.67	0.04368124364836812
8.67475	0.048393619215018766
8.679499999999999	0.0528447467891671
8.68425	0.056951938879378806
8.689	0.06068222817489074
8.69375	0.06406603922769381
8.6985	0.06720582686117815
8.70325	0.07027768385051053
8.708	0.07352446603826737
8.71275	0.0772397963345342
8.7175	0.08174332177151974
8.722249999999999	0.08734870958743568
8.727	0.09432695489269133
8.73175	0.10286849623124779
8.7365	0.11304825860316257
8.741249999999999	0.12479794437800226
8.746	0.13788958327366324
8.75075	0.15193349889329832
8.7555	0.16639248727680134
8.76025	0.18061224894060215
8.765	0.19386616460153155
8.76975	0.20541061126704205
8.7745	0.21454546102650898
8.77925	0.22067345102042643
8.783999999999999	0.22335195043624212
8.78875	0.22233135564379636
8.7935	0.2175758550736819
8.79825	0.20926442025999653
8.802999999999999	0.19777228924923207
8.80775	0.18363554920616265
8.8125	0.16750334436633335
8.81725	0.15008345835551576
8.822	0.13208739715180606
8.82675	0.11418062966249266
8.8315	0.09694246589831826
8.83625	0.08083841108767376
8.841	0.06620602167540163
8.84575	0.05325359270100925
8.8505	0.042069655073535626
8.85525	0.03264039565763345
8.86	0.024871772604994506
8.864749999999999	0.018613232784524744
8.8695	0.01368043263176626
8.87425	0.009875071334986468
8.879	0.00700071882322856
8.88375	0.004874237930311249
8.8885	0.003332976923318726
8.89325	0.002238304843630966
8.898	0.0014762754730269993
8.90275	0.0009562616571300585
8.9075	0.0006083411517680107
8.91225	0.0003800832462943747
8.917	0.00023322296309921323
8.92175	0.00014054808178201602
8.926499999999999	8.31839530343072e-05
8.93125	4.835208384003692e-05
8.936	2.7602717345569695e-05
8.94075	1.5475670612893108e-05
8.9455	8.52134424234543e-06
8.95025	4.608161949237564e-06
8.955	2.4474191051698176e-06
8.95975	1.2765856141860225e-06
8.9645	6.53962029652465e-07
8.96925	3.2901530914417453e-07
8.974	1.625700971040288e-07
8.97875	7.889077263863911e-08
8.9835	3.7598692191136637e-08
8.988249999999999	1.7598686442235535e-08
8.993	8.090004308356536e-09
8.99775	3.652399184320261e-09
9.0025	1.6194543339106182e-09
9.007249999999999	7.052127567875195e-10
9.012	3.016008756659939e-10
9.01675	1.266794068291518e-10
9.0215	5.225651327234488e-11
9.02625	2.1170729397474996e-11
9.031	8.423492586460952e-12
9.03575	3.2916189923795387e-12
9.0405	1.2632459243472836e-12
9.04525	4.761318539932186e-13
9.049999999999999	1.7624936556317004e-13
9.05475	6.407505026641357e-14
9.0595	2.287768888617856e-14
9.06425	8.02239961664526e-15
9.068999999999999	2.7633448334587756e-15
9.07375	9.364477388212999e-16
9.0785	3.169495737881117e-16
9.08325	1.2212832594288706e-16
9.088	9.766320557769105e-17
9.09275	2.1039324221395232e-16
9.0975	6.066054772125906e-16
9.10225	1.787503049683619e-15
9.107	5.19482957578138e-15
9.111749999999999	1.4833520323268534e-14
9.1165	4.160038620462294e-14
9.12125	1.1458122185659657e-13
9.126	3.099493445893214e-13
9.130749999999999	8.234343898492674e-13
9.1355	2.1484649160469863e-12
9.14025	5.5053954072864354e-12
9.145	1.3855102751984488e-11
9.14975	3.4244589948558164e-11
9.1545	8.312567294527185e-11
9.15925	1.9817066314654794e-10
9.164	4.6398563584910505e-10
9.16875	1.0669171434366901e-09
9.1735	2.409449541851786e-09
9.17825	5.343994011030261e-09
9.183	1.1640592179575518e-08
9.18775	2.4902627389212944e-08
9.192499999999999	5.232102592123964e-08
9.19725	1.0796135246587236e-07
9.202	2.1878692599561743e-07
9.20675	4.3544709834697445e-07
9.2115	8.51158459862377e-07
9.21625	1.6339788236987947e-06
9.221	3.0806574640548867e-06
9.22575	5.7042872233047825e-06
9.2305	1.0373381319643444e-05
9.23525	1.8526794518058592e-05
9.24	3.2496845937884725e-05
9.24475	5.5981318483009216e-05
9.2495	9.471222053257543e-05
9.254249999999999	0.00015737288240717098
9.259	0.0002568116756120177
9.26375	0.0004115860192561078
9.2685	0.0006478395363263233
9.273249999999999	0.001001463827930598
9.278	0.0015204217410332477
9.28275	0.002267012210216396
9.2875	0.0033197442856882447
9.29225	0.0047743734830163346
9.297	0.006743558531165341
9.30175	0.00935454907978213
9.3065	0.012744346449982501
9.31125	0.01705191915113474
9.315999999999999	0.0224073214875432
9.32075	0.02891795717169529
9.3255	0.03665272426812337
9.33025	0.045625316897582854
9.334999999999999	0.05577845911995866
9.33975	0.06697120544788233
9.3445	0.0789715576251312
9.34925	0.09145643672828181
9.354	0.10402047529281322
9.35875	0.11619418005508551
9.3635	0.12747085593641394
9.36825	0.1373404332241226
9.373	0.14532720081724315
9.377749999999999	0.1510276235617616
9.3825	0.15414408125413465
9.38725	0.15451060852596177
9.392	0.15210753800630955
9.396749999999999	0.14706324871054244
9.4015	0.1396428033489217
9.40625	0.13022487419590936
9.411	0.11926975275216983
9.41575	0.10728220125859497
9.4205	0.09477330318032881
9.42525	0.08222527672902459
9.43	0.07006250397581357
9.43475	0.0586309525460686
9.439499999999999	0.04818692687359829
9.44425	0.03889488525682252
9.449	0.030833068221120565
9.45375	0.024005014777418583
9.458499999999999	0.0183547382712112
9.46325	0.0137833695117655
9.468	0.010165379268824942
9.47275	0.007362965389398383
9.4775	0.005237727694723025
9.48225	0.0036592666552214726
9.487	0.0025107656986812182
9.49175	0.0016919179836160558
9.4965	0.001119730310271036
9.50125	0.0007277942662316949
9.506	0.00046458491514187107
9.51075	0.0002912618538113922
9.5155	0.00017933572445934676
9.520249999999999	0.00010844865671900355
9.525	6.441534019084405e-05
9.52975	3.759078543284681e-05
9.5345	2.157360837739203e-05
9.53925	1.2218057954595374e-05
9.544	6.909950368805469e-06
9.54875	4.056398644792299e-06
9.5535	2.742249521284698e-06
9.55825	2.5138229645999406e-06
9.563	3.260270598492979e-06
9.56775	5.1729382792934254e-06
9.5725	8.772549665126788e-06
9.57725	1.5002260281243849e-05
9.581999999999999	2.539125313767339e-05
9.58675	4.229806749111987e-05
9.5915	6.924455200130673e-05
9.59625	0.0001113492111356536
9.600999999999999	0.00017586156224560928
9.60575	0.000272785752639795
9.6105	0.00041556131577081195
9.61525	0.0006217417074860107
9.62	0.0009135787913878797
9.62475	0.0013183873844031012
9.6295	0.0018685342531322752
9.63425	0.002600878568630705
9.639	0.0035554950146851508
9.643749999999999	0.004773545393949088
9.6485	0.006294236024904222
9.65325	0.008150907721376536
9.658	0.01036644655756076
9.662749999999999	0.01294836205492297
9.6675	0.01588403152391541
9.67225	0.019136725653404178
9.677	0.022643080258477298
9.68175	0.026312636469018137
9.6865	0.030029922399725743
9.69125	0.03365929682091363
9.696	0.037052443385721355
9.70075	0.04005803581271377
9.705499999999999	0.042532747043342846
9.71025	0.044352509799574925
9.715	0.045422805281365095
9.71975	0.04568679460827102
9.724499999999999	0.04513031970481671
9.72925	0.04378316128429215
9.734	0.04171639837473398
9.73875	0.0390361952047273
9.7435	0.035874771255285515
9.74825	0.03237962276388551
9.753	0.02870221501183303
9.75775	0.024987340032377188
9.7625	0.021364150305298434
9.76725	0.01793957736135351
9.772	0.014794482362307482
9.77675	0.01198252451441147
9.7815	0.009531425606268434
9.786249999999999	0.0074460917535796416
9.791	0.00571294297416944
9.79575	0.0043047940542193215
9.8005	0.003185707177845735
9.80525	0.0023153695302988806
9.81	0.00165270659118044
9.81475	0.0011585964477399578
9.8195	0.0007976816904119778
9.82425	0.0005393716124356916
9.829	0.00035818525064751426
9.83375	0.00023360863709247394
9.8385	0.00014963501621260186
9.84325	9.413395882878506e-05
9.847999999999999	5.8163206003915246e-05
9.85275	3.530302028405903e-05
9.8575	2.1061912625396794e-05
9.86225	1.2377732000374157e-05
9.866999999999999	7.220287833006481e-06
9.87175	4.290673735944864e-06
9.8765	2.8073136171664263e-06
9.88125	2.368266899229304e-06
9.886	2.8824226945638987e-06
9.89075	4.56808279873154e-06
9.8955	8.025600951130576e-06
9.90025	1.4400965381348765e-05
9.905	2.566927901887832e-05
9.909749999999999	4.508056234134447e-05
9.9145	7.782414111603907e-05
9.91925	0.0001319800714555775
9.924	0.00021983325598418386
9.928749999999999	0.0003596232438437361
9.9335	0.0005777838774104513
9.93825	0.0009116847973519233
9.943	0.001412814587132987
9.94775	0.002150238640840007
9.9525	0.003214024272724356
9.95725	0.004718159636625389
9.962	0.0068023205758727815
9.96675	0.009631691071020177
9.971499999999999	0.01339395940686279
9.97625	0.01829264039531881
9.981	0.024536058590806837
9.98575	0.032321699466067076
9.990499999999999	0.04181619960284256
9.99525	0.0531319697939042
