 Ground state dipole moment in X,Y,Z:    0.000000    0.000000   -0.853133 a.u.

 Transition dipole moment between ground state (0) and excited states (a.u.)
     i     j         X             Y             Z        Diff.(eV)   Oscil.str
     0     1    -0.0000000    -0.0000000     0.0000000     4.32630     0.00000
     0     2     0.0000000     0.4974908    -0.0000000     6.74940     0.04093
     0     3    -0.0000000     0.3535843    -0.0000000     7.54410     0.02311
     0     4    -0.0000000    -0.0000000    -0.5278271     7.71220     0.05264
     0     5     0.0000000     0.0000000    -0.0000000     8.21370     0.00000
     0     6     0.0474577    -0.0000000    -0.0000000     9.85410     0.00054
     0     7     0.0000000     0.0000000     0.5615466    10.30010     0.07957
     0     8    -0.0000000     0.7737575    -0.0000000    10.32440     0.15144
     0     9    -0.0000000     0.0000000    -0.0000000    10.84390     0.00000
     0    10    -0.3921043    -0.0000000     0.0000000    11.04590     0.04161
     0    11     0.0000000    -0.0451170     0.0000000    11.23200     0.00056
     0    12     0.3428213    -0.0000000    -0.0000000    11.91500     0.03431
     0    13    -0.0000000    -0.0000000     0.0000000    11.96960     0.00000
     0    14    -0.0000000     0.0000000    -0.4375552    12.06410     0.05659
     0    15     0.0000000    -0.0000000    -0.0000000    12.18610     0.00000
     0    16     0.0000000    -0.0000000     0.2223507    12.64790     0.01532
     0    17    -0.0000000     0.0000000    -0.8213648    12.66170     0.20928
     0    18    -0.0000000     0.0000000    -0.8015653    12.79430     0.20140
     0    19    -0.0000000     0.0000000     0.6179061    12.98420     0.12146
     0    20     0.0000000    -0.3738828    -0.0000000    13.09100     0.04483
     0    21    -0.0000000    -0.5495422     0.0000000    13.28170     0.09827
     0    22    -0.2552402    -0.0000000    -0.0000000    13.63210     0.02176
     0    23    -0.0000000    -0.3485537     0.0000000    13.65710     0.04065
     0    24     0.1060055    -0.0000000     0.0000000    14.17000     0.00390
     0    25    -0.0000000     0.2588831     0.0000000    14.18730     0.02330
     0    26    -0.0000000     0.0000000    -0.0820156    14.50370     0.00239
     0    27     0.0000000    -0.0000000     0.0000000    14.74650     0.00000
     0    28    -0.4704393     0.0000000     0.0000000    15.25570     0.08272
     0    29     0.0000000    -0.0000000     0.1639217    15.39350     0.01013
     0    30    -0.0000000    -0.2625607    -0.0000000    15.40680     0.02602
 
 Note: In below output the case of i=j corresponds to electronic contribution to dipole moment of excited state i
 Transition dipole moment between excited states (a.u.):
     i     j         X             Y             Z        Diff.(eV)   Oscil.str
     1     1     0.0000000     0.0000000     0.7072488     0.00000     0.00000
     1     2    -0.7800436     0.0000000    -0.0000000     2.42310     0.03612
     1     3     0.0228156     0.0000000    -0.0000000     3.21780     0.00004
     1     4     0.0000000     0.0000000    -0.0000000     3.38590     0.00000
     1     5     0.0000000     0.0000000     0.4810324     3.88740     0.02204
     1     6     0.0000000    -0.0488368    -0.0000000     5.52780     0.00032
     1     7    -0.0000000     0.0000000     0.0000000     5.97380     0.00000
     1     8     0.6163416    -0.0000000    -0.0000000     5.99810     0.05582
     1     9    -0.0000000     0.0000000     1.2424383     6.51760     0.24649
     1    10     0.0000000    -0.0166396     0.0000000     6.71960     0.00005
     1    11     0.4917811    -0.0000000     0.0000000     6.90570     0.04092
     1    12     0.0000000    -0.0423893    -0.0000000     7.58870     0.00033
     1    13    -0.0000000    -0.0000000    -0.0499273     7.64330     0.00047
     1    14    -0.0000000     0.0000000    -0.0000000     7.73780     0.00000
     1    15    -0.0000000     0.0000000    -0.2761706     7.85980     0.01469
     1    16     0.0000000    -0.0000000     0.0000000     8.32160     0.00000
     1    17    -0.0000000     0.0000000    -0.0000000     8.33540     0.00000
     1    18    -0.0000000    -0.0000000     0.0000000     8.46800     0.00000
     1    19    -0.0000000     0.0000000    -0.0000000     8.65790     0.00000
     1    20    -0.0073037     0.0000000     0.0000000     8.76470     0.00001
     1    21    -0.0457968     0.0000000     0.0000000     8.95540     0.00046
     1    22     0.0000000     0.0696442     0.0000000     9.30580     0.00111
     1    23     0.2479585    -0.0000000     0.0000000     9.33080     0.01406
     1    24    -0.0000000    -0.2725832    -0.0000000     9.84370     0.01792
     1    25     0.0279721     0.0000000    -0.0000000     9.86100     0.00019
     1    26    -0.0000000     0.0000000    -0.0000000    10.17740     0.00000
     1    27     0.0000000     0.0000000     0.0294383    10.42020     0.00022
     1    28     0.0000000    -0.6290165    -0.0000000    10.92940     0.10594
     1    29     0.0000000     0.0000000     0.0000000    11.06720     0.00000
     1    30     0.0222478    -0.0000000     0.0000000    11.08050     0.00013
     2     2     0.0000000     0.0000000     2.6186405     0.00000     0.00000
     2     3    -0.0000000    -0.0000000     2.4106798     0.79470     0.11315
     2     4     0.0000000    -2.9152013    -0.0000000     0.96280     0.20046
     2     5    -2.8182816    -0.0000000    -0.0000000     1.46430     0.28494
     2     6     0.0000000     0.0000000     0.0000000     3.10470     0.00000
     2     7     0.0000000    -0.0676734     0.0000000     3.55070     0.00040
     2     8     0.0000000    -0.0000000    -0.2963245     3.57500     0.00769
     2     9     0.0404623     0.0000000     0.0000000     4.09450     0.00016
     2    10     0.0000000     0.0000000     0.0000000     4.29650     0.00000
     2    11     0.0000000     0.0000000    -0.0882471     4.48260     0.00086
     2    12     0.0000000    -0.0000000     0.0000000     5.16560     0.00000
     2    13     0.0235701     0.0000000     0.0000000     5.22020     0.00007
     2    14     0.0000000    -0.1053466     0.0000000     5.31470     0.00145
     2    15     0.5076594     0.0000000     0.0000000     5.43670     0.03433
     2    16    -0.0000000     0.4386656    -0.0000000     5.89850     0.02781
     2    17     0.0000000    -0.0436948     0.0000000     5.91230     0.00028
     2    18    -0.0000000     0.1875032     0.0000000     6.04490     0.00521
     2    19     0.0000000    -0.1498892     0.0000000     6.23480     0.00343
     2    20    -0.0000000    -0.0000000     0.0691526     6.34160     0.00074
     2    21     0.0000000    -0.0000000     1.2463156     6.53230     0.24859
     2    22     0.0000000    -0.0000000     0.0000000     6.88270     0.00000
     2    23    -0.0000000     0.0000000     0.4962659     6.90770     0.04168
     2    24     0.0000000    -0.0000000    -0.0000000     7.42060     0.00000
     2    25    -0.0000000     0.0000000    -0.0696954     7.43790     0.00089
     2    26    -0.0000000     0.1251758     0.0000000     7.75430     0.00298
     2    27    -0.0230175    -0.0000000    -0.0000000     7.99710     0.00010
     2    28     0.0000000     0.0000000     0.0000000     8.50630     0.00000
     2    29    -0.0000000     0.0942297    -0.0000000     8.64410     0.00188
     2    30     0.0000000    -0.0000000    -0.7141117     8.65740     0.10816
     3     3     0.0000000     0.0000000     0.4805694     0.00000     0.00000
     3     4    -0.0000000     1.1139305     0.0000000     0.16810     0.00511
     3     5     0.9969677     0.0000000    -0.0000000     0.66960     0.01631
     3     6     0.0000000    -0.0000000     0.0000000     2.31000     0.00000
     3     7     0.0000000    -0.8116432    -0.0000000     2.75600     0.04448
     3     8     0.0000000     0.0000000    -1.0532945     2.78030     0.07557
     3     9     0.1256025     0.0000000     0.0000000     3.29980     0.00128
     3    10     0.0000000     0.0000000     0.0000000     3.50180     0.00000
     3    11    -0.0000000    -0.0000000     2.0841215     3.68790     0.39245
     3    12     0.0000000     0.0000000     0.0000000     4.37090     0.00000
     3    13     0.0828529     0.0000000     0.0000000     4.42550     0.00074
     3    14     0.0000000    -0.9960815    -0.0000000     4.52000     0.10987
     3    15     1.6318022     0.0000000     0.0000000     4.64200     0.30283
     3    16    -0.0000000     1.2096780     0.0000000     5.10380     0.18297
     3    17    -0.0000000    -0.8444349    -0.0000000     5.11760     0.08940
     3    18    -0.0000000    -0.1835238    -0.0000000     5.25020     0.00433
     3    19     0.0000000    -0.2736859    -0.0000000     5.44010     0.00998
     3    20    -0.0000000     0.0000000    -0.0028887     5.54690     0.00000
     3    21     0.0000000    -0.0000000     0.0933813     5.73760     0.00123
     3    22    -0.0000000     0.0000000    -0.0000000     6.08800     0.00000
     3    23    -0.0000000    -0.0000000     0.3306946     6.11300     0.01638
     3    24     0.0000000    -0.0000000    -0.0000000     6.62590     0.00000
     3    25    -0.0000000    -0.0000000     1.3211436     6.64320     0.28408
     3    26     0.0000000     0.0700598     0.0000000     6.95960     0.00084
     3    27    -0.0118149    -0.0000000    -0.0000000     7.20240     0.00002
     3    28     0.0000000    -0.0000000     0.0000000     7.71160     0.00000
     3    29     0.0000000     0.0798737    -0.0000000     7.84940     0.00123
     3    30    -0.0000000     0.0000000    -0.1533565     7.86270     0.00453
     4     4    -0.0000000    -0.0000000     1.2702010     0.00000     0.00000
     4     5    -0.0000000    -0.0000000     0.0000000     0.50150     0.00000
     4     6    -0.0051947     0.0000000    -0.0000000     2.14190     0.00000
     4     7    -0.0000000    -0.0000000     0.7309665     2.58790     0.03388
     4     8    -0.0000000    -0.2544113     0.0000000     2.61220     0.00414
     4     9    -0.0000000     0.0000000    -0.0000000     3.13170     0.00000
     4    10    -0.0461152    -0.0000000     0.0000000     3.33370     0.00017
     4    11    -0.0000000     0.0516485    -0.0000000     3.51980     0.00023
     4    12     0.0200757     0.0000000    -0.0000000     4.20280     0.00004
     4    13    -0.0000000     0.0000000     0.0000000     4.25740     0.00000
     4    14    -0.0000000    -0.0000000     0.7758804     4.35190     0.06418
     4    15    -0.0000000     0.0000000    -0.0000000     4.47390     0.00000
     4    16    -0.0000000     0.0000000    -1.3084852     4.93570     0.20704
     4    17    -0.0000000    -0.0000000     0.6387800     4.94950     0.04948
     4    18     0.0000000    -0.0000000    -0.2175110     5.08210     0.00589
     4    19    -0.0000000    -0.0000000     0.3580420     5.27200     0.01656
     4    20     0.0000000    -0.0473993     0.0000000     5.37880     0.00030
     4    21     0.0000000    -0.0757786    -0.0000000     5.56950     0.00078
     4    22    -0.0359129    -0.0000000     0.0000000     5.91990     0.00019
     4    23    -0.0000000     1.2754378    -0.0000000     5.94490     0.23693
     4    24     0.0356021    -0.0000000     0.0000000     6.45780     0.00020
     4    25    -0.0000000     0.0720830    -0.0000000     6.47510     0.00082
     4    26     0.0000000    -0.0000000     1.2249630     6.79150     0.24967
     4    27     0.0000000    -0.0000000     0.0000000     7.03430     0.00000
     4    28     0.0001936     0.0000000    -0.0000000     7.54350     0.00000
     4    29     0.0000000     0.0000000     0.0198486     7.68130     0.00007
     4    30    -0.0000000     0.6450870    -0.0000000     7.69460     0.07845
     5     5     0.0000000     0.0000000     1.1824803     0.00000     0.00000
     5     6     0.0000000    -0.0002984    -0.0000000     1.64040     0.00000
     5     7    -0.0000000    -0.0000000    -0.0000000     2.08640     0.00000
     5     8     1.8309103    -0.0000000    -0.0000000     2.11070     0.17335
     5     9     0.0000000     0.0000000    -0.1313764     2.63020     0.00111
     5    10    -0.0000000     0.0036092    -0.0000000     2.83220     0.00000
     5    11     0.5244716    -0.0000000    -0.0000000     3.01830     0.02034
     5    12    -0.0000000     0.0091034     0.0000000     3.70130     0.00001
     5    13     0.0000000     0.0000000    -0.0860151     3.75590     0.00068
     5    14    -0.0000000    -0.0000000    -0.0000000     3.85040     0.00000
     5    15     0.0000000    -0.0000000    -1.7037259     3.97240     0.28249
     5    16     0.0000000    -0.0000000     0.0000000     4.43420     0.00000
     5    17    -0.0000000    -0.0000000     0.0000000     4.44800     0.00000
     5    18    -0.0000000    -0.0000000     0.0000000     4.58060     0.00000
     5    19    -0.0000000     0.0000000    -0.0000000     4.77050     0.00000
     5    20     0.0073551     0.0000000     0.0000000     4.87730     0.00001
     5    21    -0.1264656     0.0000000    -0.0000000     5.06800     0.00199
     5    22     0.0000000    -0.0379099    -0.0000000     5.41840     0.00019
     5    23     1.1882442     0.0000000     0.0000000     5.44340     0.18830
     5    24     0.0000000     0.0026170    -0.0000000     5.95630     0.00000
     5    25     0.0696888     0.0000000     0.0000000     5.97360     0.00071
     5    26    -0.0000000    -0.0000000    -0.0000000     6.29000     0.00000
     5    27    -0.0000000     0.0000000     1.3243694     6.53280     0.28072
     5    28    -0.0000000    -0.0799922     0.0000000     7.04200     0.00110
     5    29     0.0000000     0.0000000    -0.0000000     7.17980     0.00000
     5    30     0.2502484     0.0000000     0.0000000     7.19310     0.01104
     6     6     0.0000000     0.0000000     1.4960372     0.00000     0.00000
     6     7     0.1588029     0.0000000    -0.0000000     0.44600     0.00028
     6     8     0.0000000    -0.0000000    -0.0000000     0.47030     0.00000
     6     9    -0.0000000     0.3808002    -0.0000000     0.98980     0.00352
     6    10     0.0000000    -0.0000000     0.0447979     1.19180     0.00006
     6    11     0.0000000    -0.0000000    -0.0000000     1.37790     0.00000
     6    12    -0.0000000     0.0000000    -0.1037407     2.06090     0.00054
     6    13     0.0000000    -0.0078459    -0.0000000     2.11550     0.00000
     6    14    -0.6324857     0.0000000    -0.0000000     2.21000     0.02166
     6    15    -0.0000000    -0.0278010    -0.0000000     2.33200     0.00004
     6    16    -0.1850892     0.0000000    -0.0000000     2.79380     0.00234
     6    17     0.4454336    -0.0000000     0.0000000     2.80760     0.01365
     6    18     0.0813844    -0.0000000     0.0000000     2.94020     0.00048
     6    19     0.1236955     0.0000000     0.0000000     3.13010     0.00117
     6    20    -0.0000000     0.0000000    -0.0000000     3.23690     0.00000
     6    21     0.0000000    -0.0000000     0.0000000     3.42760     0.00000
     6    22     0.0000000     0.0000000     0.6017073     3.77800     0.03351
     6    23    -0.0000000     0.0000000     0.0000000     3.80300     0.00000
     6    24     0.0000000    -0.0000000    -0.4036037     4.31590     0.01722
     6    25    -0.0000000     0.0000000    -0.0000000     4.33320     0.00000
     6    26    -0.0995134     0.0000000     0.0000000     4.64960     0.00113
     6    27     0.0000000     0.0108527     0.0000000     4.89240     0.00001
     6    28     0.0000000    -0.0000000    -0.8240195     5.40160     0.08986
     6    29     0.6493857    -0.0000000    -0.0000000     5.53940     0.05723
     6    30     0.0000000    -0.0000000    -0.0000000     5.55270     0.00000
     7     7     0.0000000    -0.0000000     1.3036525     0.00000     0.00000
     7     8    -0.0000000    -0.5872858     0.0000000     0.02430     0.00021
     7     9    -0.0000000    -0.0000000    -0.0000000     0.54380     0.00000
     7    10    -1.0911969    -0.0000000    -0.0000000     0.74580     0.02176
     7    11    -0.0000000    -0.0779236     0.0000000     0.93190     0.00014
     7    12     0.0949895    -0.0000000    -0.0000000     1.61490     0.00036
     7    13    -0.0000000     0.0000000    -0.0000000     1.66950     0.00000
     7    14    -0.0000000    -0.0000000    -0.1754045     1.76400     0.00133
     7    15     0.0000000     0.0000000     0.0000000     1.88600     0.00000
     7    16    -0.0000000     0.0000000     0.3354631     2.34780     0.00647
     7    17    -0.0000000    -0.0000000    -0.0905807     2.36160     0.00047
     7    18     0.0000000    -0.0000000     0.6539212     2.49420     0.02613
     7    19     0.0000000     0.0000000    -0.2313181     2.68410     0.00352
     7    20    -0.0000000     0.0226938     0.0000000     2.79090     0.00004
     7    21     0.0000000    -0.1482816     0.0000000     2.98160     0.00161
     7    22     0.0503778    -0.0000000     0.0000000     3.33200     0.00021
     7    23    -0.0000000    -0.1043834    -0.0000000     3.35700     0.00090
     7    24     0.9024625     0.0000000    -0.0000000     3.86990     0.07722
     7    25    -0.0000000    -0.0386899    -0.0000000     3.88720     0.00014
     7    26     0.0000000    -0.0000000     0.0557546     4.20360     0.00032
     7    27    -0.0000000    -0.0000000    -0.0000000     4.44640     0.00000
     7    28     0.1624770     0.0000000    -0.0000000     4.95560     0.00321
     7    29    -0.0000000    -0.0000000    -0.0219817     5.09340     0.00006
     7    30    -0.0000000     0.0479056     0.0000000     5.10670     0.00029
     8     8    -0.0000000    -0.0000000     2.7471716     0.00000     0.00000
     8     9    -0.0185075    -0.0000000     0.0000000     0.51950     0.00000
     8    10     0.0000000     0.0000000    -0.0000000     0.72150     0.00000
     8    11    -0.0000000     0.0000000     0.1928600     0.90760     0.00083
     8    12     0.0000000    -0.0000000     0.0000000     1.59060     0.00000
     8    13    -0.0191888    -0.0000000    -0.0000000     1.64520     0.00001
     8    14    -0.0000000    -0.7518691     0.0000000     1.73970     0.02409
     8    15    -0.4264347    -0.0000000    -0.0000000     1.86170     0.00829
     8    16     0.0000000    -0.4514019    -0.0000000     2.32350     0.01160
     8    17    -0.0000000    -1.2316606     0.0000000     2.33730     0.08687
     8    18     0.0000000    -0.8712087     0.0000000     2.46990     0.04593
     8    19    -0.0000000     0.1647292    -0.0000000     2.65980     0.00177
     8    20     0.0000000    -0.0000000    -0.0336625     2.76660     0.00008
     8    21     0.0000000    -0.0000000    -0.0013733     2.95730     0.00000
     8    22     0.0000000    -0.0000000     0.0000000     3.30770     0.00000
     8    23     0.0000000     0.0000000    -0.3730030     3.33270     0.01136
     8    24     0.0000000     0.0000000     0.0000000     3.84560     0.00000
     8    25    -0.0000000     0.0000000     0.0944643     3.86290     0.00084
     8    26     0.0000000    -0.0551499     0.0000000     4.17930     0.00031
     8    27     0.0050102     0.0000000    -0.0000000     4.42210     0.00000
     8    28     0.0000000    -0.0000000    -0.0000000     4.93130     0.00000
     8    29     0.0000000     0.0532013     0.0000000     5.06910     0.00035
     8    30    -0.0000000     0.0000000     0.5130047     5.08240     0.03277
     9     9     0.0000000     0.0000000    -0.0990501     0.00000     0.00000
     9    10     0.0000000    -0.0800361     0.0000000     0.20200     0.00003
     9    11    -0.0147049    -0.0000000     0.0000000     0.38810     0.00000
     9    12    -0.0000000     0.0289256    -0.0000000     1.07110     0.00002
     9    13    -0.0000000    -0.0000000     0.0868891     1.12570     0.00021
     9    14     0.0000000    -0.0000000     0.0000000     1.22020     0.00000
     9    15    -0.0000000     0.0000000    -0.0582339     1.34220     0.00011
     9    16    -0.0000000    -0.0000000    -0.0000000     1.80400     0.00000
     9    17     0.0000000    -0.0000000     0.0000000     1.81780     0.00000
     9    18     0.0000000    -0.0000000     0.0000000     1.95040     0.00000
     9    19    -0.0000000     0.0000000    -0.0000000     2.14030     0.00000
     9    20    -0.0184878     0.0000000     0.0000000     2.24710     0.00002
     9    21    -0.7301146     0.0000000    -0.0000000     2.43780     0.03184
     9    22     0.0000000    -0.0594381    -0.0000000     2.78820     0.00024
     9    23    -0.1336258    -0.0000000     0.0000000     2.81320     0.00123
     9    24    -0.0000000     0.2260717     0.0000000     3.32610     0.00416
     9    25     0.1126340     0.0000000     0.0000000     3.34340     0.00104
     9    26     0.0000000     0.0000000    -0.0000000     3.65980     0.00000
     9    27    -0.0000000     0.0000000     0.5160239     3.90260     0.02546
     9    28    -0.0000000     0.6009166    -0.0000000     4.41180     0.03903
     9    29     0.0000000    -0.0000000    -0.0000000     4.54960     0.00000
     9    30    -0.1120081    -0.0000000    -0.0000000     4.56290     0.00140
    10    10     0.0000000    -0.0000000     3.0045346     0.00000     0.00000
    10    11    -0.0000000     0.0000000    -0.0000000     0.18610     0.00000
    10    12    -0.0000000    -0.0000000     2.3873503     0.86910     0.12136
    10    13     0.0000000    -2.9146440    -0.0000000     0.92370     0.19225
    10    14     0.7615999     0.0000000     0.0000000     1.01820     0.01447
    10    15    -0.0000000     0.1550920     0.0000000     1.14020     0.00067
    10    16     0.5554661     0.0000000    -0.0000000     1.60200     0.01211
    10    17     1.4051786     0.0000000     0.0000000     1.61580     0.07816
    10    18    -2.0145269    -0.0000000     0.0000000     1.74840     0.17384
    10    19     0.2228795     0.0000000     0.0000000     1.93830     0.00236
    10    20    -0.0000000    -0.0000000    -0.0000000     2.04510     0.00000
    10    21    -0.0000000     0.0000000    -0.0000000     2.23580     0.00000
    10    22    -0.0000000     0.0000000     0.0240546     2.58620     0.00004
    10    23    -0.0000000     0.0000000    -0.0000000     2.61120     0.00000
    10    24     0.0000000     0.0000000    -0.4403879     3.12410     0.01484
    10    25    -0.0000000     0.0000000     0.0000000     3.14140     0.00000
    10    26    -0.3489778    -0.0000000    -0.0000000     3.45780     0.01032
    10    27    -0.0000000     0.0187728    -0.0000000     3.70060     0.00003
    10    28    -0.0000000     0.0000000    -0.0957981     4.20980     0.00095
    10    29    -0.0883166    -0.0000000    -0.0000000     4.34760     0.00083
    10    30    -0.0000000    -0.0000000     0.0000000     4.36090     0.00000
    11    11     0.0000000    -0.0000000    -2.4738014     0.00000     0.00000
    11    12    -0.0000000    -0.0000000     0.0000000     0.68300     0.00000
    11    13    -0.0091827    -0.0000000    -0.0000000     0.73760     0.00000
    11    14    -0.0000000    -0.0211073     0.0000000     0.83210     0.00001
    11    15    -0.2215542    -0.0000000    -0.0000000     0.95410     0.00115
    11    16     0.0000000    -0.2147153     0.0000000     1.41590     0.00160
    11    17    -0.0000000    -0.0875957     0.0000000     1.42970     0.00027
    11    18     0.0000000    -0.0766882     0.0000000     1.56230     0.00023
    11    19    -0.0000000     0.0364991    -0.0000000     1.75220     0.00006
    11    20     0.0000000    -0.0000000     0.0211685     1.85900     0.00002
    11    21     0.0000000     0.0000000    -0.0030425     2.04970     0.00000
    11    22     0.0000000    -0.0000000     0.0000000     2.40010     0.00000
    11    23    -0.0000000    -0.0000000    -0.2048869     2.42510     0.00249
    11    24     0.0000000     0.0000000     0.0000000     2.93800     0.00000
    11    25    -0.0000000    -0.0000000     0.0069539     2.95530     0.00000
    11    26    -0.0000000    -0.0019148    -0.0000000     3.27170     0.00000
    11    27    -0.0170899     0.0000000     0.0000000     3.51450     0.00003
    11    28     0.0000000     0.0000000     0.0000000     4.02370     0.00000
    11    29     0.0000000    -0.0153435    -0.0000000     4.16150     0.00002
    11    30     0.0000000    -0.0000000     0.4835793     4.17480     0.02392
    12    12     0.0000000     0.0000000     0.8118959     0.00000     0.00000
    12    13    -0.0000000     1.0309224    -0.0000000     0.05460     0.00142
    12    14    -0.0302516     0.0000000     0.0000000     0.14910     0.00000
    12    15     0.0000000    -0.0594784    -0.0000000     0.27110     0.00002
    12    16    -0.3674411    -0.0000000    -0.0000000     0.73290     0.00242
    12    17    -0.3880050     0.0000000     0.0000000     0.74670     0.00275
    12    18     0.9268027     0.0000000    -0.0000000     0.87930     0.01850
    12    19     0.2030888     0.0000000    -0.0000000     1.06920     0.00108
    12    20    -0.0000000     0.0000000    -0.0000000     1.17600     0.00000
    12    21    -0.0000000     0.0000000    -0.0000000     1.36670     0.00000
    12    22     0.0000000    -0.0000000     0.0305425     1.71710     0.00004
    12    23     0.0000000    -0.0000000     0.0000000     1.74210     0.00000
    12    24     0.0000000    -0.0000000    -0.9778553     2.25500     0.05283
    12    25     0.0000000    -0.0000000    -0.0000000     2.27230     0.00000
    12    26     0.1382717    -0.0000000     0.0000000     2.58870     0.00121
    12    27     0.0000000     0.0453202     0.0000000     2.83150     0.00014
    12    28    -0.0000000    -0.0000000     1.5237586     3.34070     0.19003
    12    29    -0.0402887    -0.0000000     0.0000000     3.47850     0.00014
    12    30    -0.0000000     0.0000000    -0.0000000     3.49180     0.00000
    13    13    -0.0000000    -0.0000000     1.7685518     0.00000     0.00000
    13    14     0.0000000     0.0000000    -0.0000000     0.09450     0.00000
    13    15    -0.0000000     0.0000000    -0.1292211     0.21650     0.00009
    13    16     0.0000000    -0.0000000     0.0000000     0.67830     0.00000
    13    17     0.0000000     0.0000000    -0.0000000     0.69210     0.00000
    13    18    -0.0000000    -0.0000000     0.0000000     0.82470     0.00000
    13    19     0.0000000     0.0000000    -0.0000000     1.01460     0.00000
    13    20     0.2484724     0.0000000    -0.0000000     1.12140     0.00170
    13    21     0.0089714     0.0000000     0.0000000     1.31210     0.00000
    13    22     0.0000000     0.0217452    -0.0000000     1.66250     0.00002
    13    23    -0.0588483    -0.0000000    -0.0000000     1.68750     0.00014
    13    24    -0.0000000    -0.2152653     0.0000000     2.20040     0.00250
    13    25    -0.0005245    -0.0000000    -0.0000000     2.21770     0.00000
    13    26    -0.0000000    -0.0000000    -0.0000000     2.53410     0.00000
    13    27     0.0000000     0.0000000    -0.0686459     2.77690     0.00032
    13    28     0.0000000     0.0829192    -0.0000000     3.28610     0.00055
    13    29    -0.0000000    -0.0000000     0.0000000     3.42390     0.00000
    13    30    -0.0448273    -0.0000000    -0.0000000     3.43720     0.00017
    14    14     0.0000000     0.0000000     2.6675141     0.00000     0.00000
    14    15     0.0000000     0.0000000     0.0000000     0.12200     0.00000
    14    16    -0.0000000    -0.0000000     1.4549448     0.58380     0.03028
    14    17     0.0000000    -0.0000000    -0.8324549     0.59760     0.01015
    14    18    -0.0000000    -0.0000000     0.0742357     0.73020     0.00010
    14    19    -0.0000000    -0.0000000     1.6550258     0.92010     0.06175
    14    20     0.0000000    -2.3309870    -0.0000000     1.02690     0.13670
    14    21    -0.0000000     0.4829610    -0.0000000     1.21760     0.00696
    14    22    -2.2078209    -0.0000000    -0.0000000     1.56800     0.18725
    14    23    -0.0000000    -0.1662874    -0.0000000     1.59300     0.00108
    14    24    -0.5193729    -0.0000000    -0.0000000     2.10590     0.01392
    14    25    -0.0000000     0.0111313     0.0000000     2.12320     0.00001
    14    26     0.0000000    -0.0000000     0.0953534     2.43960     0.00054
    14    27     0.0000000     0.0000000     0.0000000     2.68240     0.00000
    14    28    -0.1232078    -0.0000000     0.0000000     3.19160     0.00119
    14    29     0.0000000     0.0000000    -0.2641452     3.32940     0.00569
    14    30    -0.0000000    -0.0086738     0.0000000     3.34270     0.00001
    15    15    -0.0000000     0.0000000    -0.7369435     0.00000     0.00000
    15    16    -0.0000000    -0.0000000     0.0000000     0.46180     0.00000
    15    17     0.0000000    -0.0000000     0.0000000     0.47560     0.00000
    15    18     0.0000000    -0.0000000     0.0000000     0.60820     0.00000
    15    19     0.0000000     0.0000000    -0.0000000     0.79810     0.00000
    15    20    -0.0061041     0.0000000     0.0000000     0.90490     0.00000
    15    21     0.0711308     0.0000000     0.0000000     1.09560     0.00014
    15    22     0.0000000     0.0259797     0.0000000     1.44600     0.00002
    15    23    -1.1050944    -0.0000000    -0.0000000     1.47100     0.04401
    15    24     0.0000000    -0.0046967    -0.0000000     1.98390     0.00000
    15    25     0.0094572    -0.0000000    -0.0000000     2.00120     0.00000
    15    26    -0.0000000    -0.0000000    -0.0000000     2.31760     0.00000
    15    27     0.0000000    -0.0000000    -0.0601756     2.56040     0.00023
    15    28    -0.0000000    -0.0190563     0.0000000     3.06960     0.00003
    15    29    -0.0000000     0.0000000    -0.0000000     3.20740     0.00000
    15    30    -1.1086208    -0.0000000    -0.0000000     3.22070     0.09698
    16    16     0.0000000    -0.0000000    -0.1635694     0.00000     0.00000
    16    17     0.0000000     0.0000000    -0.4377190     0.01380     0.00006
    16    18    -0.0000000     0.0000000    -0.1928697     0.14640     0.00013
    16    19     0.0000000     0.0000000     0.7559954     0.33630     0.00471
    16    20     0.0000000    -0.5248297     0.0000000     0.44310     0.00299
    16    21    -0.0000000     0.0935287    -0.0000000     0.63380     0.00014
    16    22    -0.5682209    -0.0000000    -0.0000000     0.98420     0.00779
    16    23     0.0000000    -1.1064987     0.0000000     1.00920     0.03027
    16    24    -0.2806691     0.0000000     0.0000000     1.52210     0.00294
    16    25     0.0000000     0.0005405    -0.0000000     1.53940     0.00000
    16    26     0.0000000    -0.0000000     0.0992516     1.85580     0.00045
    16    27    -0.0000000     0.0000000     0.0000000     2.09860     0.00000
    16    28     0.0792650    -0.0000000    -0.0000000     2.60780     0.00040
    16    29     0.0000000    -0.0000000    -0.2771020     2.74560     0.00517
    16    30     0.0000000    -1.1229440    -0.0000000     2.75890     0.08523
    17    17    -0.0000000    -0.0000000     2.6459277     0.00000     0.00000
    17    18    -0.0000000    -0.0000000    -0.1189931     0.13260     0.00005
    17    19    -0.0000000    -0.0000000    -1.0205867     0.32250     0.00823
    17    20    -0.0000000     1.5460724    -0.0000000     0.42930     0.02514
    17    21     0.0000000    -0.3754608    -0.0000000     0.62000     0.00214
    17    22     1.4212795     0.0000000     0.0000000     0.97040     0.04803
    17    23     0.0000000    -0.7890199    -0.0000000     0.99540     0.01518
    17    24    -0.9643165    -0.0000000     0.0000000     1.50830     0.03436
    17    25    -0.0000000     0.1159535    -0.0000000     1.52560     0.00050
    17    26     0.0000000     0.0000000    -0.3111646     1.84200     0.00437
    17    27    -0.0000000     0.0000000     0.0000000     2.08480     0.00000
    17    28     0.1482780    -0.0000000    -0.0000000     2.59400     0.00140
    17    29    -0.0000000     0.0000000     0.2251134     2.73180     0.00339
    17    30     0.0000000    -0.3526951     0.0000000     2.74510     0.00837
    18    18     0.0000000    -0.0000000     1.0342109     0.00000     0.00000
    18    19     0.0000000    -0.0000000    -0.2072429     0.18990     0.00020
    18    20    -0.0000000     0.4320352    -0.0000000     0.29670     0.00136
    18    21    -0.0000000     0.3940943    -0.0000000     0.48740     0.00185
    18    22     0.6261411     0.0000000    -0.0000000     0.83780     0.00805
    18    23     0.0000000    -0.8348973    -0.0000000     0.86280     0.01473
    18    24     1.2498985    -0.0000000    -0.0000000     1.37570     0.05265
    18    25     0.0000000    -0.0557708     0.0000000     1.39300     0.00011
    18    26    -0.0000000     0.0000000    -0.0634012     1.70940     0.00017
    18    27     0.0000000     0.0000000    -0.0000000     1.95220     0.00000
    18    28    -0.2294257     0.0000000    -0.0000000     2.46140     0.00317
    18    29     0.0000000     0.0000000    -0.0347086     2.59920     0.00008
    18    30     0.0000000    -0.5731829     0.0000000     2.61250     0.02103
    19    19     0.0000000     0.0000000     0.9992682     0.00000     0.00000
    19    20    -0.0000000     1.2189287    -0.0000000     0.10680     0.00389
    19    21     0.0000000    -0.0891248     0.0000000     0.29750     0.00006
    19    22     1.2259789     0.0000000    -0.0000000     0.64790     0.02386
    19    23    -0.0000000     0.2277562    -0.0000000     0.67290     0.00086
    19    24    -0.1064874    -0.0000000     0.0000000     1.18580     0.00033
    19    25    -0.0000000     0.3984115     0.0000000     1.20310     0.00468
    19    26    -0.0000000     0.0000000     0.0831530     1.51950     0.00026
    19    27    -0.0000000    -0.0000000     0.0000000     1.76230     0.00000
    19    28     0.0248616    -0.0000000    -0.0000000     2.27150     0.00003
    19    29     0.0000000     0.0000000    -0.8627797     2.40930     0.04394
    19    30    -0.0000000     0.3560471     0.0000000     2.42260     0.00752
    20    20    -0.0000000    -0.0000000     2.2408042     0.00000     0.00000
    20    21    -0.0000000     0.0000000     0.0226863     0.19070     0.00000
    20    22    -0.0000000    -0.0000000     0.0000000     0.54110     0.00000
    20    23     0.0000000    -0.0000000    -0.0272282     0.56610     0.00001
    20    24    -0.0000000    -0.0000000     0.0000000     1.07900     0.00000
    20    25     0.0000000    -0.0000000     0.1006847     1.09630     0.00027
    20    26     0.0000000     0.1395801    -0.0000000     1.41270     0.00067
    20    27    -0.1005915    -0.0000000    -0.0000000     1.65550     0.00041
    20    28    -0.0000000     0.0000000     0.0000000     2.16470     0.00000
    20    29    -0.0000000    -0.3352259     0.0000000     2.30250     0.00634
    20    30     0.0000000     0.0000000    -0.0664312     2.31580     0.00025
    21    21     0.0000000    -0.0000000     2.3448851     0.00000     0.00000
    21    22     0.0000000     0.0000000    -0.0000000     0.35040     0.00000
    21    23    -0.0000000     0.0000000     0.1043301     0.37540     0.00010
    21    24     0.0000000    -0.0000000     0.0000000     0.88830     0.00000
    21    25    -0.0000000    -0.0000000     2.2124888     0.90560     0.10861
    21    26     0.0000000    -2.8300048    -0.0000000     1.22200     0.23977
    21    27    -2.6987362    -0.0000000    -0.0000000     1.46480     0.26137
    21    28     0.0000000    -0.0000000    -0.0000000     1.97400     0.00000
    21    29     0.0000000    -0.1754019    -0.0000000     2.11180     0.00159
    21    30    -0.0000000     0.0000000     0.0534193     2.12510     0.00015
    22    22     0.0000000     0.0000000     2.0372391     0.00000     0.00000
    22    23    -0.0000000     0.0000000    -0.0000000     0.02500     0.00000
    22    24    -0.0000000     0.0000000     0.0506834     0.53790     0.00003
    22    25    -0.0000000    -0.0000000     0.0000000     0.55520     0.00000
    22    26    -0.2559649    -0.0000000    -0.0000000     0.87160     0.00140
    22    27    -0.0000000     0.3878145     0.0000000     1.11440     0.00411
    22    28    -0.0000000    -0.0000000     0.0529930     1.62360     0.00011
    22    29     1.7096807    -0.0000000    -0.0000000     1.76140     0.12614
    22    30     0.0000000     0.0000000    -0.0000000     1.77470     0.00000
    23    23     0.0000000    -0.0000000    -0.9541418     0.00000     0.00000
    23    24     0.0000000     0.0000000     0.0000000     0.51290     0.00000
    23    25     0.0000000    -0.0000000     0.1896725     0.53020     0.00047
    23    26     0.0000000    -0.2662381    -0.0000000     0.84660     0.00147
    23    27    -0.2208447     0.0000000     0.0000000     1.08940     0.00130
    23    28     0.0000000     0.0000000     0.0000000     1.59860     0.00000
    23    29    -0.0000000     0.0226231     0.0000000     1.73640     0.00002
    23    30     0.0000000    -0.0000000    -0.9053844     1.74970     0.03514
    24    24    -0.0000000     0.0000000     2.7193755     0.00000     0.00000
    24    25    -0.0000000    -0.0000000    -0.0000000     0.01730     0.00000
    24    26     0.2051153    -0.0000000    -0.0000000     0.33370     0.00034
    24    27     0.0000000     0.0532007    -0.0000000     0.57650     0.00004
    24    28    -0.0000000     0.0000000    -0.9279962     1.08570     0.02291
    24    29     0.3750356     0.0000000    -0.0000000     1.22350     0.00422
    24    30    -0.0000000     0.0000000     0.0000000     1.23680     0.00000
    25    25     0.0000000    -0.0000000    -0.5963100     0.00000     0.00000
    25    26    -0.0000000     1.2806452     0.0000000     0.31640     0.01271
    25    27     1.3067009     0.0000000    -0.0000000     0.55920     0.02339
    25    28     0.0000000     0.0000000    -0.0000000     1.06840     0.00000
    25    29     0.0000000     0.0295397     0.0000000     1.20620     0.00003
    25    30     0.0000000    -0.0000000     0.0519229     1.21950     0.00008
    26    26    -0.0000000     0.0000000     0.6675677     0.00000     0.00000
    26    27     0.0000000    -0.0000000     0.0000000     0.24280     0.00000
    26    28    -0.0171449    -0.0000000     0.0000000     0.75200     0.00001
    26    29     0.0000000    -0.0000000    -0.1100412     0.88980     0.00026
    26    30     0.0000000     0.0564896    -0.0000000     0.90310     0.00007
    27    27     0.0000000     0.0000000     0.6196407     0.00000     0.00000
    27    28    -0.0000000     0.0741567     0.0000000     0.50920     0.00007
    27    29     0.0000000    -0.0000000    -0.0000000     0.64700     0.00000
    27    30    -0.1028516     0.0000000     0.0000000     0.66030     0.00017
    28    28     0.0000000    -0.0000000    -0.8568663     0.00000     0.00000
    28    29     0.0762177     0.0000000     0.0000000     0.13780     0.00002
    28    30    -0.0000000     0.0000000    -0.0000000     0.15110     0.00000
    29    29    -0.0000000    -0.0000000     3.6521470     0.00000     0.00000
    29    30    -0.0000000     0.0672119    -0.0000000     0.01330     0.00000
    30    30     0.0000000    -0.0000000     2.1726357     0.00000     0.00000
