0.5	0.0
0.50475	0.0
0.5095	0.0
0.51425	0.0
0.519	0.0
0.52375	0.0
0.5285	0.0
0.53325	0.0
0.538	0.0
0.54275	0.0
0.5475	0.0
0.55225	0.0
0.5569999999999999	0.0
0.56175	0.0
0.5665	0.0
0.57125	0.0
0.576	0.0
0.58075	0.0
0.5855	0.0
0.5902499999999999	0.0
0.595	0.0
0.59975	0.0
0.6045	0.0
0.60925	0.0
0.614	0.0
0.61875	0.0
0.6234999999999999	0.0
0.62825	0.0
0.633	0.0
0.63775	0.0
0.6425	0.0
0.64725	0.0
0.652	0.0
0.65675	0.0
0.6615	0.0
0.66625	0.0
0.671	0.0
0.67575	0.0
0.6805	0.0
0.68525	0.0
0.69	0.0
0.69475	0.0
0.6995	0.0
0.70425	0.0
0.709	0.0
0.71375	0.0
0.7185	0.0
0.72325	0.0
0.728	0.0
0.73275	0.0
0.7375	0.0
0.74225	0.0
0.747	0.0
0.7517499999999999	0.0
0.7565	0.0
0.76125	0.0
0.766	0.0
0.77075	0.0
0.7755	0.0
0.78025	0.0
0.7849999999999999	0.0
0.78975	0.0
0.7945	0.0
0.79925	0.0
0.804	0.0
0.80875	0.0
0.8135	0.0
0.8182499999999999	0.0
0.823	0.0
0.82775	0.0
0.8325	0.0
0.83725	0.0
0.842	0.0
0.84675	0.0
0.8514999999999999	0.0
0.85625	0.0
0.861	0.0
0.86575	0.0
0.8705	0.0
0.87525	0.0
0.88	0.0
0.8847499999999999	0.0
0.8895	0.0
0.89425	0.0
0.899	0.0
0.90375	0.0
0.9085	0.0
0.91325	0.0
0.9179999999999999	0.0
0.92275	0.0
0.9275	0.0
0.93225	0.0
0.937	0.0
0.94175	0.0
0.9465	0.0
0.9512499999999999	0.0
0.956	0.0
0.96075	0.0
0.9655	0.0
0.9702500000000001	0.0
0.975	0.0
0.97975	0.0
0.9844999999999999	0.0
0.98925	0.0
0.994	0.0
0.99875	0.0
1.0034999999999998	0.0
1.0082499999999999	0.0
1.013	0.0
1.01775	0.0
1.0225	0.0
1.02725	0.0
1.032	0.0
1.03675	0.0
1.0415	0.0
1.0462500000000001	0.0
1.051	0.0
1.05575	0.0
1.0605	0.0
1.06525	0.0
1.0699999999999998	0.0
1.0747499999999999	0.0
1.0795	0.0
1.08425	0.0
1.089	0.0
1.09375	0.0
1.0985	0.0
1.10325	0.0
1.108	0.0
1.1127500000000001	0.0
1.1175	0.0
1.12225	0.0
1.127	0.0
1.13175	0.0
1.1364999999999998	0.0
1.1412499999999999	0.0
1.146	0.0
1.15075	0.0
1.1555	0.0
1.16025	0.0
1.165	0.0
1.16975	0.0
1.1745	0.0
1.1792500000000001	0.0
1.184	0.0
1.18875	0.0
1.1935	0.0
1.19825	0.0
1.2029999999999998	0.0
1.2077499999999999	0.0
1.2125	0.0
1.21725	0.0
1.222	0.0
1.22675	0.0
1.2315	0.0
1.23625	0.0
1.241	0.0
1.2457500000000001	0.0
1.2505	0.0
1.25525	0.0
1.26	0.0
1.2647499999999998	0.0
1.2694999999999999	0.0
1.2742499999999999	0.0
1.279	0.0
1.28375	0.0
1.2885	0.0
1.29325	0.0
1.298	0.0
1.30275	0.0
1.3075	0.0
1.3122500000000001	0.0
1.317	0.0
1.32175	0.0
1.3265	0.0
1.3312499999999998	0.0
1.3359999999999999	0.0
1.3407499999999999	0.0
1.3455	0.0
1.35025	0.0
1.355	0.0
1.35975	0.0
1.3645	0.0
1.36925	0.0
1.374	0.0
1.3787500000000001	0.0
1.3835	0.0
1.38825	0.0
1.393	0.0
1.3977499999999998	0.0
1.4024999999999999	0.0
1.40725	0.0
1.412	0.0
1.41675	0.0
1.4215	0.0
1.42625	0.0
1.431	0.0
1.43575	0.0
1.4405000000000001	0.0
1.44525	0.0
1.45	0.0
1.45475	0.0
1.4595	0.0
1.4642499999999998	0.0
1.4689999999999999	0.0
1.47375	0.0
1.4785	0.0
1.48325	0.0
1.488	0.0
1.49275	0.0
1.4975	0.0
1.50225	0.0
1.507	0.0
1.51175	0.0
1.5165	0.0
1.52125	0.0
1.526	0.0
1.53075	0.0
1.5354999999999999	0.0
1.54025	0.0
1.545	0.0
1.54975	0.0
1.5545	0.0
1.55925	0.0
1.564	0.0
1.5687499999999999	0.0
1.5735	0.0
1.57825	0.0
1.583	0.0
1.58775	0.0
1.5925	0.0
1.59725	0.0
1.6019999999999999	0.0
1.60675	0.0
1.6115	0.0
1.61625	0.0
1.621	0.0
1.62575	0.0
1.6305	0.0
1.6352499999999999	0.0
1.64	0.0
1.64475	0.0
1.6495	0.0
1.65425	0.0
1.659	0.0
1.66375	0.0
1.6684999999999999	0.0
1.67325	0.0
1.678	1.04e-322
1.68275	1.8216e-320
1.6875	3.08943e-318
1.69225	5.14534405e-316
1.697	8.4161043376e-314
1.7017499999999999	1.3519753895577e-311
1.7065	2.132983253856984e-309
1.71125	3.304966716125491e-307
1.716	5.029302047346324e-305
1.72075	7.516390458538242e-303
1.7255	1.1032449056041852e-300
1.73025	1.590360254210093e-298
1.7349999999999999	2.2515421457613144e-296
1.73975	3.1305859564555306e-294
1.7445	4.274961119862539e-292
1.74925	5.733234299105639e-290
1.754	7.55141252829595e-288
1.75875	9.768270702438317e-286
1.7635	1.2409896555755741e-283
1.7682499999999999	1.5483873727294462e-281
1.773	1.8973701554213473e-279
1.77775	2.283418386941666e-277
1.7825	2.6988572068230757e-275
1.78725	3.1328190078126983e-273
1.792	3.571508496932185e-271
1.79675	3.9987942121589984e-269
1.8014999999999999	4.397110772942921e-267
1.80625	4.7486126264401094e-265
1.811	5.0364794226680036e-263
1.81575	5.246242598056935e-261
1.8205	5.366988437241311e-259
1.82525	5.3922986127901365e-257
1.83	5.3208154240149e-255
1.8347499999999999	5.156362457541784e-253
1.8395	4.907605746251292e-251
1.84425	4.587297216126026e-249
1.849	4.211192336202202e-247
1.85375	3.796769740227894e-245
1.8585	3.361897177773482e-243
1.86325	2.9235840116297504e-241
1.8679999999999999	2.496937744563954e-239
1.87275	2.094405815596322e-237
1.8775	1.725340991047895e-235
1.88225	1.395886253793278e-233
1.887	1.109139328621534e-231
1.89175	8.655320702421874e-230
1.8965	6.633476700434191e-228
1.9012499999999999	4.992984713718394e-226
1.906	3.690967740562326e-224
1.91075	2.6796695856760167e-222
1.9155	1.9106591973297446e-220
1.92025	1.337969446199647e-218
1.925	9.201744015807252e-217
1.9297499999999999	6.215199641897385e-215
1.9344999999999999	4.122882938658436e-213
1.93925	2.6860117565393856e-211
1.944	1.7186039238700738e-209
1.94875	1.079952547946737e-207
1.9535	6.664913731863187e-206
1.95825	4.039665227673923e-204
1.9629999999999999	2.40467951796344e-202
1.9677499999999999	1.405820969584292e-200
1.9725	8.071677740556919e-199
1.97725	4.5515424392070406e-197
1.982	2.5206605423498362e-195
1.98675	1.3709799843518603e-193
1.9915	7.323334142162767e-192
1.9962499999999999	3.8419133939946123e-190
2.001	1.9794624861254713e-188
2.00575	1.0016314796266297e-186
2.0105	4.9777105539936624e-185
2.01525	2.4294742386018685e-183
2.02	1.1645441061529095e-181
2.02475	5.4822718830493665e-180
2.0294999999999996	2.5346977679750836e-178
2.03425	1.1509402537500703e-176
2.0389999999999997	5.132634767689342e-175
2.04375	2.2479618051311647e-173
2.0484999999999998	9.669376680552673e-172
2.0532500000000002	4.084783231113133e-170
2.058	1.6947300681415492e-168
2.06275	6.905466769341157e-167
2.0675	2.7634176628639154e-165
2.07225	1.0860779665590876e-163
2.077	4.192146602394093e-162
2.08175	1.5891793205202497e-160
2.0865	5.916574439078002e-159
2.09125	2.163359750681397e-157
2.096	7.768696272376053e-156
2.1007499999999997	2.7398609594874804e-154
2.1055	9.490080369103487e-153
2.1102499999999997	3.2282877729191534e-151
2.115	1.078538311786139e-149
2.11975	3.538831600947802e-148
2.1245000000000003	1.1403684711031651e-146
2.12925	3.609038298163958e-145
2.134	1.121756938708776e-143
2.13875	3.424262289102951e-142
2.1435	1.0265881955428998e-140
2.14825	3.022640476921823e-139
2.153	8.740528758270423e-138
2.15775	2.482275054904792e-136
2.1624999999999996	6.923458358044466e-135
2.16725	1.896519229428608e-133
2.1719999999999997	5.102140351885358e-132
2.17675	1.3480578709536376e-130
2.1814999999999998	3.498047128704881e-129
2.1862500000000002	8.914638996523629e-128
2.191	2.2312223416430436e-126
2.19575	5.48457429191353e-125
2.2005	1.3240487692065194e-123
2.20525	3.139250881199099e-122
2.21	7.309859882055868e-121
2.21475	1.671679683756128e-119
2.2195	3.754551459742374e-118
2.22425	8.281786728798661e-117
2.229	1.7941180203703405e-115
2.2337499999999997	3.817147647755288e-114
2.2385	7.976050480142373e-113
2.2432499999999997	1.6368082813135346e-111
2.248	3.2988967112985957e-110
2.25275	6.529810935595518e-109
2.2575000000000003	1.269385345864277e-107
2.26225	2.423524076095656e-106
2.267	4.544249637281124e-105
2.27175	8.368314788116173e-104
2.2765	1.5134734976817615e-102
2.28125	2.6882683377641088e-101
2.286	4.689552455890459e-100
2.29075	8.03435771209635e-99
2.2954999999999997	1.3518606107381496e-97
2.30025	2.2339510314766874e-96
2.3049999999999997	3.625570617892946e-95
2.30975	5.77883204980133e-94
2.3145	9.046170344183997e-93
2.3192500000000003	1.3907543750310999e-91
2.324	2.099892646652628e-90
2.32875	3.1139005291412328e-89
2.3335	4.534958973065072e-88
2.33825	6.48638875598737e-87
2.343	9.111577437700755e-86
2.34775	1.2570285784822683e-84
2.3525	1.7031688951268612e-83
2.3572499999999996	2.2663723711532593e-82
2.362	2.961868697418285e-81
2.3667499999999997	3.801555377439891e-80
2.3715	4.792011208662097e-79
2.3762499999999998	5.932466763408324e-78
2.3810000000000002	7.212964370299716e-77
2.38575	8.612976151130234e-76
2.3905	1.0100751508591253e-74
2.39525	1.1633626431135266e-73
2.4	1.3159443554129277e-72
2.40475	1.4619109589680075e-71
2.4095	1.595016949618194e-70
2.41425	1.709112568312797e-69
2.419	1.7986100585437283e-68
2.42375	1.8589356335717522e-67
2.4284999999999997	1.8869164540516964e-66
2.43325	1.881057084722763e-65
2.4379999999999997	1.8416719084259874e-64
2.44275	1.7708571801722947e-63
2.4475	1.6723061783953611e-62
2.4522500000000003	1.5509901384003757e-61
2.457	1.4127433225566562e-60
2.46175	1.2638003596882316e-59
2.4665	1.1103366381657017e-58
2.47125	9.5805810924165e-58
2.476	8.118765852206525e-57
2.48075	6.75692605459096e-56
2.4855	5.522926970243326e-55
2.4902499999999996	4.4335378407819037e-54
2.495	3.4953649191230477e-53
2.4997499999999997	2.706422599949537e-52
2.5045	2.0580678299198348e-51
2.5092499999999998	1.5370384845990496e-50
2.514	1.127381187638851e-49
2.51875	8.121155199680008e-49
2.5235	5.745473440428189e-48
2.52825	3.9920393836211797e-47
2.533	2.7241109855277986e-46
2.53775	1.8256426062100987e-45
2.5425	1.201621560535031e-44
2.54725	7.767488991673522e-44
2.552	4.931222121005209e-43
2.55675	3.0746059880064106e-42
2.5615	1.8827183551425497e-41
2.56625	1.1322497391576171e-40
2.5709999999999997	6.68744289472251e-40
2.5757499999999998	3.879171035191298e-39
2.5805	2.2099312072205543e-38
2.58525	1.2364585607784677e-37
2.59	6.7942474715970775e-37
2.59475	3.666605129415066e-36
2.5995	1.9433360470336998e-35
2.60425	1.0115623482415039e-34
2.609	5.171284007912235e-34
2.61375	2.5963611891558107e-33
2.6185	1.280244184818098e-32
2.62325	6.199854531574503e-32
2.628	2.9487039538375434e-31
2.63275	1.3773421215044028e-30
2.6374999999999997	6.318492448902373e-30
2.6422499999999998	2.84672881295891e-29
2.647	1.2596204647684171e-28
2.65175	5.473867785511599e-28
2.6565	2.3361992674069287e-27
2.66125	9.792339184952524e-27
2.666	4.031103948846738e-26
2.67075	1.6297557845563258e-25
2.6755	6.471158684409654e-25
2.68025	2.523495605015506e-24
2.685	9.664603477480436e-24
2.68975	3.6351849578478085e-23
2.6945	1.3428576248964945e-22
2.69925	4.871855638827487e-22
2.7039999999999997	1.735880549869445e-21
2.7087499999999998	6.074440013875237e-21
2.7135	2.087630546844195e-20
2.71825	7.046314493101089e-20
2.723	2.33577705167547e-19
2.72775	7.604343674938898e-19
2.7325	2.4313812881884524e-18
2.73725	7.634935778767167e-18
2.742	2.3546084119502794e-17
2.74675	7.131698566790921e-17
2.7515	2.121427775953187e-16
2.75625	6.197613764179699e-16
2.761	1.7782046793800495e-15
2.76575	5.0107181504522924e-15
2.7704999999999997	1.3866893660706965e-14
2.7752499999999998	3.768941358391525e-14
2.78	1.0060523038650357e-13
2.78475	2.637440824229987e-13
2.7895	6.790564412799234e-13
2.79425	1.7170779318145128e-12
2.799	4.264176031710365e-12
2.80375	1.0400188897937094e-11
2.8085	2.491198391068767e-11
2.81325	5.860523161154495e-11
2.818	1.3540211344360018e-10
2.82275	3.072383925598879e-10
2.8275	6.846782153278459e-10
2.83225	1.4985061176220664e-09
2.8369999999999997	3.2210058619493772e-09
2.8417499999999998	6.7996333408386325e-09
2.8465	1.4097446620822353e-08
2.85125	2.870492440960994e-08
2.856	5.740283488023742e-08
2.86075	1.127382421276554e-07
2.8655	2.1745538221935016e-07
2.87025	4.1193628538368395e-07
2.875	7.663919249508056e-07
2.87975	1.4003376852431355e-06
2.8845	2.512902378681445e-06
2.88925	4.428732435984215e-06
2.894	7.665566456442345e-06
2.89875	1.3030769055186845e-05
2.9034999999999997	2.17548867679082e-05
2.90825	3.567012170312772e-05
2.913	5.743985562732354e-05
2.91775	9.084124397605233e-05
2.9225	0.0001410957039138243
2.92725	0.00021523133174518555
2.932	0.00032244688058876027
2.93675	0.0004744296811289516
2.9415	0.0006855616377139219
2.94625	0.0009729312398292818
2.951	0.0013560595881874041
2.95575	0.0018562496460848043
2.9605	0.0024954850855531986
2.9652499999999997	0.003294841732565002
2.9699999999999998	0.004272431639006861
2.97475	0.005440974267975158
2.9795	0.006805173574847141
2.98425	0.008359161731571356
2.989	0.010084334345680478
2.99375	0.011947931769788096
2.9985	0.013902702333413485
3.00325	0.015887907914330805
3.008	0.017831801216434854
3.01275	0.01965552934788777
3.0175	0.021278222201400347
3.02225	0.022622836762532635
3.027	0.023622182438996067
3.0317499999999997	0.02422447671188059
3.0364999999999998	0.02439779376978559
3.04125	0.024132875524767568
3.046	0.023443962171463297
3.05075	0.022367540858839345
3.0555	0.020959168516300582
3.06025	0.019288757726792918
3.065	0.01743488677811061
3.06975	0.015478782096668055
3.0745	0.013498614265348463
3.07925	0.011564655314168185
3.084	0.0097356864507467
3.08875	0.008056852181882056
3.0935	0.006558961617569155
3.0982499999999997	0.0052590696806214575
3.1029999999999998	0.004162050639822655
3.10775	0.0032628137589938238
3.1125	0.0025488050903874956
3.11725	0.0020024810035757915
3.122	0.0016035129198004902
3.12675	0.0013305720041475713
3.1315	0.001162631575128948
3.13625	0.0010798014755119155
3.141	0.0010637648749182071
3.14575	0.001097920792533744
3.1505	0.0011673458076133171
3.15525	0.001258679603014818
3.16	0.0013600165141375673
3.1647499999999997	0.0014608551519464756
3.1694999999999998	0.001552126276535444
3.17425	0.0016262904535754553
3.179	0.0016774754267811257
3.18375	0.0017016108765822153
3.1885	0.0016965159895797751
3.19325	0.0016619021701976722
3.198	0.0015992671172049848
3.20275	0.0015116743032933665
3.2075	0.0014034302174357625
3.21225	0.001279687358606227
3.217	0.0011460114463255778
3.22175	0.0010079552835273778
3.2265	0.0008706790620620253
3.2312499999999997	0.0007386486791003988
3.2359999999999998	0.0006154317116679603
3.24075	0.000503597358581067
3.2455	0.0004047141280977321
3.25025	0.000319429100236958
3.255	0.00024760630109860567
3.25975	0.00018849939363587562
3.2645	0.00014093512489017206
3.26925	0.00010348789128722933
3.274	7.463126917981366e-05
3.27875	5.2858289881367765e-05
3.2835	3.67676927507894e-05
3.28825	2.5117744250661463e-05
3.293	1.6852171736066256e-05
3.2977499999999997	1.1104323453502854e-05
3.3024999999999998	7.186034801255744e-06
3.30725	4.5671735343395535e-06
3.312	2.850799640511639e-06
3.31675	1.747619419845562e-06
3.3215	1.052175084083545e-06
3.32625	6.221428999998397e-07
3.331	3.6128777776170143e-07
3.33575	2.060522565217008e-07
3.3405	1.1541505548542825e-07
3.34525	6.349046956447095e-08
3.35	3.430169634363831e-08
3.35475	1.8200513519274027e-08
3.3594999999999997	9.484461320803965e-09
3.3642499999999997	4.854032530272613e-09
3.3689999999999998	2.4397969265725184e-09
3.37375	1.2043858982463324e-09
3.3785	5.839002059528292e-10
3.38325	2.78017785429321e-10
3.388	1.3000723308311324e-10
3.39275	5.970675051794645e-11
3.3975	2.6930247250449783e-11
3.40225	1.192938981875725e-11
3.407	5.189877469858204e-12
3.41175	2.217465967860626e-12
3.4165	9.305030621953052e-13
3.42125	3.8347727683455325e-13
3.4259999999999997	1.5521098222284762e-13
3.4307499999999997	6.169731216464742e-14
3.4354999999999998	2.4086351854530495e-14
3.44025	9.234997722091086e-15
3.445	3.477471213983734e-15
3.44975	1.2860305315138872e-15
3.4545	4.670893868914902e-16
3.45925	1.6661331457762378e-16
3.464	5.836875012239778e-17
3.46875	2.0082236055569972e-17
3.4735	6.78585735713821e-18
3.47825	2.251948059785031e-18
3.483	7.339610229488164e-19
3.48775	2.349354803991375e-19
3.4924999999999997	7.385590203078145e-20
3.4972499999999997	2.2802517008000797e-20
3.502	6.914190714642437e-21
3.50675	2.0590216132498757e-21
3.5115	6.022009562278433e-22
3.51625	1.7297484926139817e-22
3.521	4.8796139637305855e-23
3.52575	1.3519136550091956e-23
3.5305	3.678522599111961e-24
3.53525	9.830121527062814e-25
3.54	2.5799145995851646e-25
3.54475	6.649863977993361e-26
3.5495	1.683376480906659e-26
3.55425	4.185161572466941e-27
3.5589999999999997	1.0219586308372435e-27
3.5637499999999998	2.45404273402772e-28
3.5685	5.934259224271446e-29
3.57325	2.0693210849014504e-29
3.578	3.5518075451182846e-29
3.58275	1.4179462139628526e-28
3.5875	6.021992997033452e-28
3.59225	2.522611431515656e-27
3.597	1.0380485532566457e-26
3.60175	4.1951829205618585e-26
3.6065	1.665119377001689e-25
3.61125	6.490839123110259e-25
3.616	2.484947975852492e-24
3.62075	9.343180548153593e-24
3.6254999999999997	3.4501117818691485e-23
3.6302499999999998	1.251216825321339e-22
3.635	4.456490344902877e-22
3.63975	1.5588859711098288e-21
3.6445	5.3554591636624476e-21
3.64925	1.8069247227936238e-20
3.654	5.987484368699801e-20
3.65875	1.9485417242372104e-19
3.6635	6.227819422457193e-19
3.66825	1.954894379389182e-18
3.673	6.026588921927097e-18
3.67775	1.8246552646259334e-17
3.6825	5.425641130038343e-17
3.68725	1.5844636836018547e-16
3.6919999999999997	4.544378524980585e-16
3.6967499999999998	1.2800522368114875e-15
3.7015	3.5411300065827437e-15
3.70625	9.620929552685575e-15
3.711	2.5671614494178862e-14
3.71575	6.727447461759282e-14
3.7205	1.7314439284610522e-13
3.72525	4.3765060523946515e-13
3.73	1.0864446848805684e-12
3.73475	2.64879708863879e-12
3.7395	6.342357901903092e-12
3.74425	1.491467470976884e-11
3.749	3.444592172886219e-11
3.7537499999999997	7.813089866556928e-11
3.7584999999999997	1.74047910345306e-10
3.7632499999999998	3.807814574748448e-10
3.768	8.181703838481866e-10
3.77275	1.726524328793308e-09
3.7775	3.578183713752256e-09
3.78225	7.283054359843135e-09
3.787	1.4558795739425199e-08
3.79175	2.8582376715642068e-08
3.7965	5.5110228224672645e-08
3.80125	1.0435831656937642e-07
3.806	1.9408094787890867e-07
3.81075	3.5448652329042836e-07
3.8155	6.358834737271186e-07
3.8202499999999997	1.120253557334059e-06
3.8249999999999997	1.9382781940757235e-06
3.8297499999999998	3.2936456452905425e-06
3.8345	5.496656785087013e-06
3.83925	9.009098851723629e-06
3.844	1.4501905435840769e-05
3.84875	2.292607823438834e-05
3.8535	3.5595529358736526e-05
3.85825	5.427778624591467e-05
3.863	8.128488233803392e-05
3.86775	0.00011955243361530367
3.8725	0.00017269034029717724
3.87725	0.00024498452619476036
3.882	0.0003413266887405407
3.8867499999999997	0.00046704940770743154
3.8914999999999997	0.0006276483454522442
3.8962499999999998	0.0008283825380421937
3.901	0.0010737581356873968
3.90575	0.00136691964113103
3.9105	0.0017089937912925703
3.91525	0.0020984516666198356
3.92	0.002530570499465188
3.92475	0.0029970838657590896
3.9295	0.0034861039682982722
3.93425	0.0039823805601533185
3.939	0.0044679280209761
3.94375	0.004923008223401852
3.9485	0.005327407761468452
3.9532499999999997	0.005661901394238503
3.9579999999999997	0.0059097573389709284
3.9627499999999998	0.006058121516061339
3.9675	0.006099121663241765
3.97225	0.006030559371397602
3.977	0.005856105376858715
3.98175	0.005584973966466172
3.9865	0.00523111668812409
3.99125	0.004812033554514582
3.996	0.004347342640446466
4.00075	0.0038572703541380937
4.0055	0.0033612225809782673
4.01025	0.0028765733340174516
4.015000000000001	0.002417767929047072
4.01975	0.001995789619294767
4.0245	0.0016179902152441146
4.029249999999999	0.001288243639865026
4.034	0.0010073516629342369
4.03875	0.0007736155541752127
4.0435	0.0005834857618604187
4.0482499999999995	0.000432211499304487
4.053	0.0003144295517209911
4.05775	0.0002246525643146784
4.0625	0.00015763780847787834
4.06725	0.00010863515328129273
4.072	7.35260709524603e-05
4.0767500000000005	4.887348645538892e-05
4.0815	3.190555237097587e-05
4.08625	2.045597570181577e-05
4.090999999999999	1.2880570976425508e-05
4.09575	7.965462834104002e-06
4.1005	4.837799894654334e-06
4.10525	2.8856640597446914e-06
4.109999999999999	1.6904589331749682e-06
4.11475	9.72578049807384e-07
4.1195	5.495475641956783e-07
4.12425	3.049629607727211e-07
4.129	1.662072210020986e-07
4.13375	8.896386972328864e-08
4.1385000000000005	4.676688322971865e-08
4.14325	2.4144831222645612e-08
4.148	1.2242522337064387e-08
4.152749999999999	6.09647252390121e-09
4.1575	2.9815858671321655e-09
4.16225	1.4321120735718243e-09
4.167	6.755658311726271e-10
4.171749999999999	3.1298197722319653e-10
4.1765	1.4240720692501367e-10
4.18125	6.363639837422704e-11
4.186	2.7928023412692686e-11
4.1907499999999995	1.203748592818875e-11
4.1955	5.095565278048484e-12
4.2002500000000005	2.1184095780813033e-12
4.205	8.649449706026549e-13
4.20975	3.468390665156989e-13
4.214499999999999	1.3659302537813696e-13
4.21925	5.2831145151878844e-14
4.224	2.0068388931356807e-14
4.22875	7.486795636583675e-15
4.233499999999999	2.7430923724985147e-15
4.23825	9.87065269167939e-16
4.243	3.4882876813669034e-16
4.24775	1.210708808322864e-16
4.2524999999999995	4.126939425682095e-17
4.25725	1.3815845610455178e-17
4.2620000000000005	4.542425707118923e-18
4.26675	1.4667604099519724e-18
4.2715	4.651483770282387e-19
4.27625	1.4487212330539252e-19
4.281	4.4313813476520666e-20
4.28575	1.3312340272289859e-20
4.2905	3.927630999723083e-21
4.295249999999999	1.1380672684489717e-21
4.3	3.238666069438253e-22
4.30475	9.051600845370815e-23
4.3095	2.4845377622023353e-23
4.3142499999999995	6.697717013350433e-24
4.319	1.7732459267681233e-24
4.32375	4.610755917750858e-25
4.3285	1.177433202484343e-25
4.33325	2.952986142432163e-26
4.338	7.273568347981808e-27
4.3427500000000006	1.7595216864227554e-27
4.3475	4.180254358622244e-28
4.35225	9.753753536473137e-29
4.356999999999999	2.2351250762432654e-29
4.36175	5.030288216728638e-30
4.3665	1.1118466504180279e-30
4.37125	2.4135588874494537e-31
4.3759999999999994	5.145551052426191e-32
4.38075	1.0773749364576759e-32
4.3855	2.2154544704874095e-33
4.39025	4.474245141321886e-34
4.395	8.874373550303101e-35
4.39975	1.7286880133085142e-35
4.4045000000000005	3.307170003955035e-36
4.40925	6.2138019133018705e-37
4.414	1.1466193679399916e-37
4.418749999999999	2.077983653049331e-38
4.4235	3.698502910421754e-39
4.42825	6.465033616374307e-40
4.433	1.1098814545952072e-40
4.437749999999999	1.8712998661114421e-41
4.4425	3.098640286297695e-42
4.44725	5.039180607257337e-43
4.452	8.048402173257973e-44
4.4567499999999995	1.2624680613859837e-44
4.4615	1.9448768851218705e-45
4.4662500000000005	2.9425565252932417e-46
4.471	4.372386032301617e-47
4.47575	6.38077112417663e-48
4.480499999999999	9.145107610422566e-49
4.48525	1.2872575805877883e-49
4.49	1.7795208486216727e-50
4.49475	2.4160264669923447e-51
4.499499999999999	3.2215233182393658e-52
4.50425	4.218731206535197e-53
4.509	5.425795441695423e-54
4.51375	6.853398131568943e-55
4.5184999999999995	8.501772743958902e-56
4.52325	1.0357954682357593e-56
4.528	1.2393657946581114e-57
4.53275	1.4564178388720998e-58
4.5375	1.680867415378069e-59
4.54225	1.90520587163583e-60
4.547	2.1208568145357347e-61
4.55175	2.318685100148982e-62
4.5565	2.489620653359451e-63
4.56125	2.6253400849304886e-64
4.566	2.718935753942537e-65
4.57075	2.7654977304971827e-66
4.5755	2.7625404873705333e-67
4.5802499999999995	2.710222719392842e-68
4.585	2.6113332346529586e-69
4.5897499999999996	2.4710446631703098e-70
4.5945	2.2964652541963276e-71
4.59925	2.0960428035023858e-72
4.604	1.8788901950705537e-73
4.60875	1.6541071448848616e-74
4.6135	1.4301673519362036e-75
4.61825	1.2144260274034833e-76
4.623	1.0127826613473874e-77
4.62775	8.295115426428106e-79
4.6325	6.672515543100109e-80
4.63725	5.271300069924021e-81
4.6419999999999995	4.0898451868366504e-82
4.64675	3.116427178954545e-83
4.6514999999999995	2.332212303770664e-84
4.65625	1.7141158300609988e-85
4.661	1.2372949313459273e-86
4.66575	8.771367080204471e-88
4.6705	6.1069213083087885e-89
4.67525	4.175787075701913e-90
4.68	2.804241113660504e-91
4.68475	1.8494957745609722e-92
4.6895	1.1979875899226418e-93
4.69425	7.621005578172602e-95
4.699	4.761384177795444e-96
4.70375	2.9215623151113574e-97
4.7085	1.7605893406009345e-98
4.7132499999999995	1.0419861990897882e-99
4.718	6.056571522363801e-101
4.72275	3.4574246032345498e-102
4.7275	1.9383829035106732e-103
4.73225	1.0673022078620735e-104
4.737	5.771600064208523e-106
4.74175	3.065250951545128e-107
4.7465	1.5988098929236244e-108
4.75125	8.19008864639685e-110
4.756	4.120418824125904e-111
4.76075	2.0358937415753324e-112
4.7655	9.87938332701868e-114
4.77025	4.708315432981146e-115
4.7749999999999995	2.2037496138518638e-116
4.77975	1.0130244614432948e-117
4.7844999999999995	4.573393815422802e-119
4.78925	2.0277679406263793e-120
4.794	8.829963115887184e-122
4.79875	3.776248024062263e-123
4.8035	1.5860727994614366e-124
4.80825	6.542544842609823e-126
4.813	2.650521206723084e-127
4.81775	1.054573474317891e-128
4.8225	4.1208175635214626e-130
4.82725	1.581433437099028e-131
4.832	5.9604552381802065e-133
4.83675	2.206322171367497e-134
4.8415	8.020831857560043e-136
4.8462499999999995	2.863722157601336e-137
4.851	1.0041609582231154e-138
4.85575	3.458093796419259e-140
4.8605	1.1695833851828998e-141
4.86525	3.8849603985564643e-143
4.87	1.2673687278387475e-144
4.87475	4.060507920368849e-146
4.8795	1.2776700711308096e-147
4.88425	3.9483720246920695e-149
4.889	1.1983354169958174e-150
4.89375	3.571903429706068e-152
4.8985	1.0456395630717488e-153
4.90325	3.006251357028686e-155
4.9079999999999995	8.488472717954902e-157
4.91275	2.3539368581354263e-158
4.9174999999999995	6.410930160482894e-160
4.92225	1.714779437093501e-161
4.927	4.5046024925839394e-163
4.93175	1.1621593034456767e-164
4.9365	2.9446646192486176e-166
4.94125	7.327688477402208e-168
4.946	1.7908497147421662e-169
4.95075	4.2984538753925e-171
4.9555	1.0132727990369426e-172
4.96025	2.345856717568384e-174
4.965	5.333810291072693e-176
4.9697499999999994	1.1910627218201651e-177
4.9745	2.6121173512212734e-179
4.9792499999999995	5.626155358801951e-181
4.984	1.190122707214164e-182
4.98875	2.4724797715394317e-184
4.9935	5.044692946852288e-186
4.99825	1.0108755960627558e-187
5.003	1.989397975459155e-189
5.00775	3.845090939564217e-191
5.0125	7.298818166499005e-193
5.01725	1.3606908286781283e-194
5.022	2.491307614521969e-196
5.02675	4.479775372121001e-198
5.0315	7.911268147626098e-200
5.03625	1.3721353609207854e-201
5.0409999999999995	2.3372695053664542e-203
5.04575	3.9100437217833556e-205
5.0504999999999995	6.424146246083604e-207
5.05525	1.0365976243073708e-208
5.06	1.6427292261631713e-210
5.06475	2.5567174942771686e-212
5.0695	3.9080533787310315e-214
5.07425	5.866772065418261e-216
5.079	8.649657846982339e-218
5.08375	1.2524477767436311e-219
5.0885	1.7810713119087458e-221
5.09325	2.4875050740534723e-223
5.098	3.4119890346280377e-225
5.1027499999999995	4.596341228252493e-227
5.1075	6.081040327474864e-229
5.1122499999999995	7.901408018818549e-231
5.117	1.0083053665887966e-232
5.12175	1.2636903036944808e-234
5.1265	1.5554290730512993e-236
5.13125	1.88027233384743e-238
5.136	2.2322985862374252e-240
5.14075	2.6028239669991163e-242
5.1455	2.9805629221973344e-244
5.15025	3.3520676645328843e-246
5.155	3.702441825149367e-248
5.15975	4.0162865852352386e-250
5.1645	4.2788014130587596e-252
5.16925	4.476932547456577e-254
5.1739999999999995	4.60044619945938e-256
5.17875	4.642803956356927e-258
5.1834999999999996	4.601736216484988e-260
5.18825	4.4794436642882054e-262
5.193	4.282401895084923e-264
5.19775	4.020793328718418e-266
5.2025	3.707635769548131e-268
5.20725	3.3577113652194233e-270
5.212	2.9864183304586696e-272
5.21675	2.6086685904163684e-274
5.2215	2.237938564753734e-276
5.22625	1.885551487722003e-278
5.231	1.5602335639418814e-280
5.2357499999999995	1.2679491041399988e-282
5.2405	1.0119871797017699e-284
5.2452499999999995	7.932483635376705e-287
5.25	6.106668479727069e-289
5.25475	4.6170065096977246e-291
5.2595	3.4282904966296654e-293
5.26425	2.500090485554504e-295
5.269	1.7905845153352573e-297
5.27375	1.259490529359566e-299
5.2785	8.700735622520893e-302
5.28325	5.9030712267870525e-304
5.288	3.933336108581366e-306
5.29275	2.573979472919258e-308
5.2975	1.65428405547047e-310
5.30225	1.04418168943e-312
5.3069999999999995	6.472961845e-315
5.31175	3.94086e-317
5.3165	2.35635e-319
5.32125	1.383e-321
5.326	1e-323
5.33075	0.0
5.3355	0.0
5.34025	0.0
5.345	0.0
5.34975	0.0
5.3545	0.0
5.35925	0.0
5.364	0.0
5.3687499999999995	0.0
5.3735	0.0
5.3782499999999995	0.0
5.383	0.0
5.38775	0.0
5.3925	0.0
5.39725	0.0
5.402	0.0
5.40675	0.0
5.4115	0.0
5.41625	0.0
5.421	0.0
5.42575	0.0
5.430499999999999	0.0
5.43525	0.0
5.4399999999999995	0.0
5.44475	0.0
5.4495	0.0
5.45425	0.0
5.459	0.0
5.46375	0.0
5.4685	0.0
5.47325	0.0
5.478	0.0
5.48275	0.0
5.4875	1.7e-322
5.49225	2.858e-320
5.497	4.799393e-318
5.5017499999999995	7.91464015e-316
5.5065	1.28184949254e-313
5.5112499999999995	2.038937349646e-311
5.516	3.18516336312238e-309
5.52075	4.886754555789741e-307
5.5255	7.363263222753062e-305
5.53025	1.0896351638566006e-302
5.535	1.5836269307989476e-300
5.53975	2.260401734642108e-298
5.5445	3.168687201806602e-296
5.54925	4.362486461759479e-294
5.554	5.898611582477421e-292
5.55875	7.832970499731203e-290
5.5634999999999994	1.0215606768262437e-287
5.56825	1.3084671626464445e-285
5.5729999999999995	1.645972115370695e-283
5.57775	2.0334949750539643e-281
5.5825	2.467315677147835e-279
5.58725	2.9401353076553733e-277
5.592	3.4408908893396634e-275
5.59675	3.9548996633491464e-273
5.6015	4.464378653699252e-271
5.60625	4.949343093307352e-269
5.611	5.388837440095509e-267
5.61575	5.762402493864729e-265
5.6205	6.0516399497577994e-263
5.62525	6.241709576174712e-261
5.63	6.322589968857911e-259
5.6347499999999995	6.289953911513029e-257
5.6395	6.145551934374603e-255
5.6442499999999995	5.897056755523031e-253
5.649	5.55738784301326e-251
5.65375	5.143598848120568e-249
5.6585	4.675461214966105e-247
5.66325	4.173907416859637e-245
5.668	3.6595033500797725e-243
5.67275	3.151102071184672e-241
5.6775	2.6647948346436392e-239
5.68225	2.2132275578306963e-237
5.687	1.805299845815416e-235
5.69175	1.4462174771529784e-233
5.6964999999999995	1.1378338526050573e-231
5.70125	8.791947384275042e-230
5.7059999999999995	6.671942497872265e-228
5.71075	4.97256528369115e-226
5.7155	3.639734264111333e-224
5.72025	2.616494614727707e-222
5.725	1.84727263995339e-220
5.72975	1.2808643412651272e-218
5.7345	8.722405183291975e-217
5.73925	5.833515601081469e-215
5.744	3.831646673608507e-213
5.74875	2.4717328557583354e-211
5.7535	1.5659525229504187e-209
5.75825	9.743536934683141e-208
5.763	5.954093705578871e-206
5.7677499999999995	3.5733510133843546e-204
5.7725	2.1061857890651383e-202
5.7772499999999996	1.219210408124899e-200
5.782	6.93141065195834e-199
5.78675	3.870130253767321e-197
5.7915	2.1222205670497893e-195
5.79625	1.1429216008792153e-193
5.801	6.045098018916067e-192
5.80575	3.14015610238977e-190
5.8105	1.6019911540808166e-188
5.81525	8.026569561177012e-187
5.82	3.9496700660873624e-185
5.82475	1.908765812746779e-183
5.8294999999999995	9.059525710668505e-182
5.83425	4.222982292699202e-180
5.8389999999999995	1.9332768189755684e-178
5.84375	8.692202017506905e-177
5.8485	3.8381908313515076e-175
5.85325	1.6645019206508645e-173
5.858	7.089294568641948e-172
5.86275	2.9653962112263737e-170
5.8675	1.218213531270741e-168
5.87225	4.915017794099462e-167
5.877	1.947546135278021e-165
5.88175	7.578991133686857e-164
5.8865	2.896650035152125e-162
5.891249999999999	1.0872806070664437e-160
5.896	4.008189447501118e-159
5.9007499999999995	1.4511617521528789e-157
5.9055	5.159936901483217e-156
5.91025	1.801913516616059e-154
5.915	6.179943147798374e-153
5.91975	2.081593874437727e-151
5.9245	6.88602360623658e-150
5.92925	2.2371855099399654e-148
5.934	7.138327563267465e-147
5.93875	2.2369276243362414e-145
5.9435	6.884436161658215e-144
5.94825	2.0808741068370226e-142
5.953	6.177094134489662e-141
5.95775	1.800875202104374e-139
5.9624999999999995	5.156369141843597e-138
5.96725	1.4499912053569991e-136
5.9719999999999995	4.004494671484182e-135
5.97675	1.0861531266395596e-133
5.9815	2.893312730450168e-132
5.98625	7.569386542395563e-131
5.991	1.9448538642471718e-129
5.99575	4.907657533388038e-128
6.0005	1.2162490351302577e-126
6.00525	2.9602729242050153e-125
6.01	7.076230673695506e-124
6.01475	1.661243119418008e-122
6.0195	3.830234759536847e-121
6.024249999999999	8.673184316527377e-120
6.029	1.9288246297092064e-118
6.0337499999999995	4.21277141412589e-117
6.0385	9.036578617608418e-116
6.04325	1.9037115828012885e-114
6.048	3.938757634056067e-113
6.05275	8.003470493400247e-112
6.0575	1.5971967690131122e-110
6.06225	3.130397459335895e-109
6.067	6.025617039391926e-108
6.07175	1.1391070902336506e-106
6.0765	2.114893820844948e-105
6.08125	3.8563244520339153e-104
6.086	6.905888285110558e-103
6.09075	1.214581091096597e-101
6.0954999999999995	2.0979467815126074e-100
6.10025	3.5589624308082443e-99
6.1049999999999995	5.929435160954135e-98
6.10975	9.70206611501186e-97
6.1145	1.5591077123981693e-95
6.11925	2.46064518379573e-94
6.124	3.8140190136792194e-93
6.12875	5.806008905265529e-92
6.1335	8.680275835153897e-91
6.13825	1.2745308121606961e-89
6.143	1.8379264878945116e-88
6.14775	2.602956552186639e-87
6.1525	3.6204844448955344e-86
6.1572499999999994	4.9456962227805883e-85
6.162	6.635125984376635e-84
6.1667499999999995	8.742424574433219e-83
6.1715	1.1312943011135703e-81
6.17625	1.4377397803146228e-80
6.181	1.7945103343345342e-79
6.18575	2.1997464362863254e-78
6.1905	2.6482578388315693e-77
6.19525	3.131186203463931e-76
6.2	3.635955067284744e-75
6.20475	4.146570991188135e-74
6.2095	4.64430451094555e-73
6.21425	5.108733568384588e-72
6.218999999999999	5.519081472479411e-71
6.22375	5.855734008232988e-70
6.2284999999999995	6.101784446064501e-69
6.23325	6.244438124973416e-68
6.2379999999999995	6.276114473294217e-67
6.24275	6.195114400892699e-66
6.2475	6.00577128989603e-65
6.25225	5.718066910550561e-64
6.257	5.346759639631733e-63
6.26175	4.9101309405329185e-62
6.2665	4.428498185741645e-61
6.27125	3.9226616808220315e-60
6.276	3.4124493933088104e-59
6.28075	2.915496810233688e-58
6.2855	2.4463574046834125e-57
6.2902499999999995	2.01598931807105e-56
6.295	1.6316144073593743e-55
6.2997499999999995	1.2969039740599203e-54
6.3045	1.0124162217630139e-53
6.30925	7.761959169584482e-53
6.314	5.844462779873832e-52
6.31875	4.321940912459155e-51
6.3235	3.1388751198659645e-50
6.32825	2.238876999535063e-49
6.333	1.5683659915456414e-48
6.33775	1.0790102811892966e-47
6.3425	7.290624551229086e-47
6.34725	4.8379889185306826e-46
6.351999999999999	3.153014655562141e-45
6.35675	2.0181251476469723e-44
6.3614999999999995	1.2686189181119317e-43
6.36625	7.832046502392507e-43
6.3709999999999996	4.7487610369766405e-42
6.37575	2.827784821918082e-41
6.3805	1.6537634405233593e-40
6.38525	9.498639365976112e-40
6.39	5.3580948352862087e-39
6.39475	2.9683860206881346e-38
6.3995	1.6150699763294582e-37
6.40425	8.630248371844178e-37
6.409	4.5291450533504336e-36
6.41375	2.3343724541449948e-35
6.4185	1.1816396474989369e-34
6.4232499999999995	5.8743652154015645e-34
6.428	2.8681232980248185e-33
6.4327499999999995	1.3752944033981495e-32
6.4375	6.476710999868196e-32
6.44225	2.9955346408403517e-31
6.447	1.3606773589018506e-30
6.45175	6.070115505324802e-30
6.4565	2.6594984191405947e-29
6.46125	1.1443621960482372e-28
6.466	4.8360218347523355e-28
6.47075	2.0071230027196876e-27
6.4755	8.18126966869898e-27
6.48025	3.275129013669083e-26
6.484999999999999	1.2876478331185768e-25
6.48975	4.971950256162336e-25
6.4944999999999995	1.8854604767397183e-24
6.49925	7.02213340567103e-24
6.504	2.5685126162221593e-23
6.50875	9.226889407866671e-23
6.5135	3.2552917071653718e-22
6.51825	1.1279386878186684e-21
6.523	3.838327776287659e-21
6.52775	1.2828019434396458e-20
6.5325	4.210543361408554e-20
6.53725	1.3573056715144207e-19
6.542	4.29712678935401e-19
6.54675	1.3361021313926504e-18
6.5515	4.0800184801148165e-18
6.5562499999999995	1.2236172425505945e-17
6.561	3.6040435549837676e-17
6.5657499999999995	1.0425465561358486e-16
6.5705	2.9618418808482647e-16
6.57525	8.263980166756305e-16
6.58	2.2645277512767317e-15
6.58475	6.094344676027419e-15
6.5895	1.6107842075919602e-14
6.59425	4.181274673524987e-14
6.599	1.0659602678630881e-13
6.60375	2.668912411404547e-13
6.6085	6.562791545261682e-13
6.61325	1.5849073635024612e-12
6.617999999999999	3.7590676449388735e-12
6.62275	8.756234490753623e-12
6.6274999999999995	2.0031598662173463e-11
6.63225	4.500645661815707e-11
6.637	9.931046566231974e-11
6.64175	2.152168145758656e-10
6.6465	4.580557766974538e-10
6.65125	9.574619294334355e-10
6.656	1.9655570298482365e-09
6.66075	3.9628786020561616e-09
6.6655	7.846877491661804e-09
6.67025	1.5259628500479402e-08
6.675	2.9144192968689558e-08
6.679749999999999	5.466647761562119e-08
6.6845	1.0070502315958423e-07
6.6892499999999995	1.8219739384321865e-07
6.694	3.2373836718696057e-07
6.6987499999999995	5.649462991625471e-07
6.7035	9.682358273487048e-07
6.70825	1.6297317030537419e-06
6.713	2.6940897761607172e-06
6.71775	4.37390149715343e-06
6.7225	6.974079878308631e-06
6.72725	1.0921085847059651e-05
6.732	1.679599393824567e-05
6.73675	2.536918889108998e-05
6.7415	3.763296525967255e-05
6.74625	5.4826595848122714e-05
6.7509999999999994	7.844677755499248e-05
6.75575	0.00011023510486310846
6.7604999999999995	0.00015213380077853367
6.76525	0.00020620182082298598
6.77	0.00027448603955062195
6.77475	0.00035884674454233416
6.7795	0.00046074299912616216
6.78425	0.0005809910788514463
6.789	0.0007195171786919339
6.79375	0.0008751325861588519
6.7985	0.0010453639715772396
6.80325	0.001226371884316946
6.808	0.0014129858972461878
6.812749999999999	0.001598874785747031
6.8175	0.001776855311466912
6.8222499999999995	0.00193932528808424
6.827	0.0020787881899195465
6.8317499999999995	0.0021884206579973046
6.8365	0.0022626238217395215
6.84125	0.0022974966633142204
6.846	0.002291175771033885
6.85075	0.002244000303556352
6.8555	0.002158481840446899
6.86025	0.002039082848991075
6.865	0.0018918309617135527
6.86975	0.0017238154568735692
6.8745	0.001542624401683587
6.87925	0.0013557843228672972
6.8839999999999995	0.0011702590363977135
6.88875	0.0009920518776317696
6.8934999999999995	0.0008259385713396424
6.89825	0.0006753394152619506
6.903	0.0005423222608254153
6.90775	0.00042771427972339835
6.9125	0.0003312920795771774
6.91725	0.00025201671178536273
6.922	0.0001882819177167793
6.92675	0.00013814935768777554
6.9315	9.955202801683835e-05
6.93625	7.045508416909153e-05
6.941	4.897061406850158e-05
6.945749999999999	3.3428720146094856e-05
6.9505	2.2411191463460906e-05
6.9552499999999995	1.4756085880155613e-05
6.96	9.541981497093358e-06
6.9647499999999996	6.059930725925935e-06
6.9695	3.7797274013985834e-06
6.97425	2.315394062462664e-06
6.979	1.3931295552488329e-06
6.98375	8.23528162142e-07
6.9885	4.787873370443756e-07
6.99325	2.748783302858345e-07
6.998	1.5822840659545312e-07
7.00275	9.629822666195615e-08
7.007499999999999	7.147633774276375e-08
7.01225	7.791339901863356e-08
7.0169999999999995	1.2126618973652405e-07
7.02175	2.2183080110598917e-07
7.0264999999999995	4.222628484852457e-07
7.03125	8.020863155748356e-07
7.036	1.5025785168426206e-06
7.04075	2.7674863118403623e-06
7.0455	5.007449762979919e-06
7.05025	8.898978818942757e-06
7.055	1.55321957821282e-05
7.05975	2.6624939050815895e-05
7.0645	4.4823515466861606e-05
7.06925	7.411128303357189e-05
7.074	0.00012034381358898084
7.078749999999999	0.0001919217528901188
7.0835	0.00030059767717703834
7.0882499999999995	0.00046238956474093165
7.093	0.0006985402142747524
7.09775	0.0010364200033885398
7.1025	0.00151022322397657
7.10725	0.0021612623458115827
7.112	0.0030376295876159724
7.11675	0.004192983237079758
7.1215	0.0056842402115478766
7.12625	0.007568027536948207
7.131	0.009895869722549813
7.13575	0.012708263743790926
7.140499999999999	0.01602800444892685
7.14525	0.01985334427646115
7.1499999999999995	0.02415176519398469
7.15475	0.028855264953110794
7.1594999999999995	0.033858073205510375
7.16425	0.039017586108264384
7.169	0.044159031510158375
7.17375	0.04908396830312249
7.1785	0.053582229308158404
7.18325	0.05744640753697439
7.188	0.06048754465350005
7.19275	0.06255038990245913
7.1975	0.06352652087911456
7.20225	0.06336378415213549
7.207	0.06207091181006373
7.211749999999999	0.05971674520985431
7.2165	0.05642416196195048
7.2212499999999995	0.05235945175724815
7.226	0.04771841921129649
7.23075	0.042710827962419234
7.2355	0.03754489700648085
7.24025	0.032413417918185534
7.245	0.02748272073689667
7.24975	0.022885247073297442
7.2545	0.01871597561947083
7.25925	0.015032469129507887
7.264	0.011857937449937158
7.26875	0.009186476622853351
7.273499999999999	0.006989559043471075
7.27825	0.0052228982616094885
7.2829999999999995	0.0038329604587755343
7.28775	0.0027626005665053813
7.2924999999999995	0.001955522596192545
7.29725	0.0013594666726136442
7.302	0.0009281865621014455
7.30675	0.0006223905249433463
7.3115	0.00040987521074280057
7.31625	0.0002650948666621147
7.321	0.00016838832144734774
7.32575	0.00010504698742320658
7.3305	6.436002749486056e-05
7.33525	3.872664054290302e-05
7.34	2.2885711167520254e-05
7.3447499999999994	1.3282504914331312e-05
7.3495	7.571057465675945e-06
7.3542499999999995	4.238323327158646e-06
7.359	2.330196850794032e-06
7.36375	1.2582070725816532e-06
7.3685	6.672254723580021e-07
7.37325	3.474994312491592e-07
7.378	1.777446604039057e-07
7.38275	8.928942218675283e-08
7.3875	4.4051879914749454e-08
7.39225	2.1344690672646668e-08
7.397	1.0157252966820473e-08
7.40175	4.747048366201065e-09
7.406499999999999	2.1788735614148206e-09
7.41125	9.822032939972965e-10
7.4159999999999995	4.348422437614162e-10
7.42075	1.8907018726120537e-10
7.4254999999999995	8.073751258972483e-11
7.43025	3.3860133089955955e-11
7.435	1.3946426454194649e-11
7.43975	5.641546935761139e-12
7.4445	2.24127142949025e-12
7.44925	8.744836398461245e-13
7.454	3.350965121403487e-13
7.45875	1.2610987947759536e-13
7.4635	4.6611094224080435e-14
7.468249999999999	1.691961477146226e-14
7.473	6.031879093204323e-15
7.4777499999999995	2.1119117633931003e-15
7.4825	7.262061046637359e-16
7.4872499999999995	2.452477355709662e-16
7.492	8.13412985853885e-17
7.49675	2.6495869826904806e-17
7.5015	8.476298571093618e-18
7.50625	2.6631479561961753e-18
7.511	8.2176062668875985e-19
7.51575	2.490326828405387e-19
7.5205	7.411879502774434e-20
7.52525	2.1665131919608415e-20
7.53	6.219497677458956e-21
7.53475	1.75351815520335e-21
7.539499999999999	4.855413350398606e-22
7.54425	1.320392759258245e-22
7.5489999999999995	3.5264769105412385e-23
7.55375	9.249961813729015e-24
7.5584999999999996	2.382867094420053e-24
7.56325	6.02865862041996e-25
7.568	1.4979685390991742e-25
7.57275	3.655514225234733e-26
7.5775	8.762135750819996e-27
7.58225	2.0677604008721556e-27
7.587	5.021680234697598e-28
7.59175	2.2122051052503996e-28
7.5965	5.16385216699281e-28
7.601249999999999	2.1113783984399317e-27
7.606	8.8508060066816e-27
7.6107499999999995	3.6520790168457647e-26
7.6155	1.4801601180474614e-25
7.6202499999999995	5.891702178731985e-25
7.625	2.3032123934541255e-24
7.62975	8.842767032847423e-24
7.6345	3.3342899474875955e-23
7.63925	1.2347514001642766e-22
7.644	4.490727226283278e-22
7.64875	1.6040385798162859e-21
7.6535	5.626961291767154e-21
7.65825	1.938625987764789e-20
7.663	6.559566171761348e-20
7.66775	2.1798027159201895e-19
7.672499999999999	7.11410459005123e-19
7.67725	2.280259568745775e-18
7.6819999999999995	7.178096829734124e-18
7.68675	2.2191942719305484e-17
7.6915	6.738175489782875e-17
7.69625	2.0093255056757502e-16
7.701	5.88463135000117e-16
7.70575	1.6925800192991592e-15
7.7105	4.781235583848345e-15
7.71525	1.3264535943443625e-14
7.72	3.61413993057742e-14
7.72475	9.671166281862481e-14
7.7295	2.541638158557635e-13
7.734249999999999	6.560086687700586e-13
7.739	1.6629010947730768e-12
7.7437499999999995	4.139846560474884e-12
7.7485	1.0121923596105863e-11
7.7532499999999995	2.4305404291900168e-11
7.758	5.731966304555874e-11
7.76275	1.3275943412649684e-10
7.7675	3.019869258237073e-10
7.77225	6.746396688846193e-10
7.777	1.4801870212191077e-09
7.78175	3.1894977060524622e-09
7.7865	6.749770102942882e-09
7.79125	1.4028674948250618e-08
7.795999999999999	2.8635535469060485e-08
7.80075	5.740569104183617e-08
7.805499999999999	1.1302267309920133e-07
7.81025	2.1854314292031537e-07
7.8149999999999995	4.150207194961019e-07
7.81975	7.740399176732348e-07
7.8245	1.417809629815566e-06
7.82925	2.550547817523537e-06
7.834	4.506195224375833e-06
7.83875	7.818933518113929e-06
7.8435	1.3324349708525028e-05
7.84825	2.2300033183158657e-05
7.853	3.665438866653442e-05
7.85775	5.917079938088028e-05
7.8625	9.381016007387036e-05
7.867249999999999	0.00014606740109253898
7.872	0.0002233663316588972
7.8767499999999995	0.00033546182565621875
7.8815	0.0004947997654552695
7.8862499999999995	0.0007167650961578571
7.891	0.0010197300011663508
7.89575	0.0014248020439105223
7.9005	0.00195517144944286
7.90525	0.002634972874193982
7.91	0.0034876141839072926
7.91475	0.004533584411893923
7.9195	0.005787832606211697
7.92425	0.00725690106759578
7.928999999999999	0.008936087803332412
7.93375	0.01080698719582842
7.9384999999999994	0.01283579673416873
7.94325	0.014972765050936102
7.9479999999999995	0.01715308237043236
7.95275	0.01929937838800593
7.9575	0.021325805975246002
7.96225	0.02314347509639841
7.967	0.024666792047177123
7.97175	0.025820090424336875
7.9765	0.026543844826053722
7.98125	0.0267997588010854
7.986	0.026574122063901993
7.99075	0.025879027393117145
7.9955	0.024751296896904695
8.00025	0.023249250327076743
8.004999999999999	0.021447710166194123
8.00975	0.019431838633784542
8.0145	0.017290511581003858
8.01925	0.015109941240832361
8.024000000000001	0.012968169921898772
8.028749999999999	0.010930891764016413
8.0335	0.00904885189756647
8.03825	0.007356857618168938
8.043	0.005874247034739629
8.04775	0.004606520904113735
8.0525	0.003547765212019292
8.05725	0.0026834757812053147
8.062	0.001993432221509482
8.066749999999999	0.0014543410152055615
8.0715	0.0010420582954720258
8.07625	0.0007332950659336239
8.081	0.0005067882008461024
8.08575	0.0003439815996312895
8.090499999999999	0.00022930045324289703
8.09525	0.00015011897802136282
8.1	9.652221281799602e-05
8.10475	6.0950872235587885e-05
8.1095	3.780015361472399e-05
8.11425	2.3023332690202823e-05
8.119	1.3772215134404775e-05
8.123750000000001	8.090966290319709e-06
8.128499999999999	4.668291535389767e-06
8.13325	2.6453097507843105e-06
8.138	1.4721636163020553e-06
8.14275	8.046307250591942e-07
8.1475	4.319148428558777e-07
8.152249999999999	2.2769874177266313e-07
8.157	1.1789194155672441e-07
8.16175	5.99471596224417e-08
8.1665	2.9937406716369455e-08
8.17125	1.4683218025654641e-08
8.176	7.072813695588305e-09
8.18075	3.346112841108335e-09
8.185500000000001	1.555042404752486e-09
8.190249999999999	7.105975440129796e-10
8.195	3.2104717903701437e-10
8.19975	1.4774238114114025e-10
8.2045	7.95301992725045e-11
8.20925	7.118714551962202e-11
8.213999999999999	1.1747161990198384e-10
8.21875	2.503589474625986e-10
8.2235	5.583141585842077e-10
8.22825	1.2374372143905215e-09
8.233	2.699333352364023e-09
8.23775	5.785169079032282e-09
8.2425	1.2177718974918633e-08
8.247250000000001	2.517572836344257e-08
8.251999999999999	5.111637563539068e-08
8.25675	1.0192933981670412e-07
8.2615	1.9961785459223928e-07
8.26625	3.8393751160445685e-07
8.271	7.252415767683222e-07
8.275749999999999	1.3454446182598158e-06
8.2805	2.451376073679992e-06
8.28525	4.386468799027489e-06
8.29	7.708699756712659e-06
8.29475	1.3304795439552111e-05
8.2995	2.255258130321489e-05
8.30425	3.754441115089019e-05
8.309000000000001	6.138401931946837e-05
8.313749999999999	9.85658181509003e-05
8.3185	0.0001554384027902965
8.32325	0.00024074168919543606
8.328	0.0003661889765813769
8.33275	0.0005470414243384443
8.337499999999999	0.0008025944394247656
8.34225	0.0011564665174215764
8.347	0.0016365563549365241
8.35175	0.0022745204764977366
8.3565	0.003104629084073207
8.36125	0.004161889802740517
8.366	0.005479392573828565
8.370750000000001	0.007084924739858376
8.375499999999999	0.008997027550559903
8.38025	0.011220800581505666
8.385	0.013743888473149507
8.38975	0.016533179665999372
8.3945	0.01953278333533686
8.399249999999999	0.022663807087032042
8.404	0.0258263231937499
8.40875	0.028903689479609713
8.413499999999999	0.03176910417306602
8.41825	0.034293960180153675
8.423	0.03635727242292879
8.42775	0.037855233909384535
8.432500000000001	0.03870985623267589
8.437249999999999	0.03887569509607369
8.442	0.03834385386236299
8.44675	0.03714277426476229
8.4515	0.03533571647674078
8.45625	0.03301523925984079
8.460999999999999	0.030295350461478507
8.46575	0.02730225366525121
8.4705	0.02416473286531236
8.475249999999999	0.021005183710598157
8.48	0.017932133133601234
8.48475	0.015034826108960961
8.4895	0.012380148354985356
8.494250000000001	0.010011848590220937
8.498999999999999	0.00795176765606414
8.50375	0.0062026042899898945
8.5085	0.004751661045180549
8.51325	0.003575014566498087
8.518	0.0026416249808185236
8.52275	0.0019170149284133148
8.5275	0.0013662834640228768
8.53225	0.0009563505599940176
8.536999999999999	0.0006574374124946339
8.54175	0.00044386687058565175
8.5465	0.00029431483787337864
8.55125	0.0001916606823695519
8.556	0.00012257914568233988
8.56075	7.699586808217997e-05
8.5655	4.7500964129508125e-05
8.57025	2.8786175822190125e-05
8.575	1.7145177477977162e-05
8.57975	1.005591763398167e-05
8.5845	5.849238873984427e-06
8.58925	3.45915664882237e-06
8.594	2.2462962475221607e-06
8.598749999999999	1.8861444448882296e-06
8.6035	2.3171927581639773e-06
8.60825	3.7502860577120227e-06
8.613	6.749474865175173e-06
8.61775	1.2406650422861713e-05
8.6225	2.2647614369191966e-05
8.62725	4.0726255278813424e-05
8.632	7.198586945909013e-05
8.63675	0.0001249909620324516
8.6415	0.00021315593171941118
8.64625	0.00035701331742046474
8.651	0.0005872653505597634
8.65575	0.0009487371454598559
8.660499999999999	0.0015052846544125007
8.66525	0.002345592101131126
8.67	0.003589611794225739
8.67475	0.005395151670814055
8.679499999999999	0.007963813572571386
8.68425	0.011545157497824978
8.689	0.016437664977845604
8.69375	0.022984870402028824
8.6985	0.03156500926358364
8.70325	0.04257278484022487
8.708	0.056392449009763534
8.71275	0.0733623553257682
8.7175	0.09373243380312908
8.722249999999999	0.11761753572072564
8.727	0.1449510978357164
8.73175	0.1754448072643266
8.7365	0.20856061262370534
8.741249999999999	0.24350125601712594
8.746	0.279224322444205
8.75075	0.31448260250442195
8.7555	0.34789051834894325
8.76025	0.37801284328584633
8.765	0.40346847489361415
8.76975	0.4230391897339589
8.7745	0.4357716608554648
8.77925	0.44106094468990753
8.783999999999999	0.43870527821264915
8.78875	0.42892521005921735
8.7935	0.4123443778561436
8.79825	0.3899339876132787
8.802999999999999	0.3629275109695237
8.80775	0.33271560491926655
8.8125	0.3007332675253753
8.81725	0.26835152979999255
8.822	0.2367846037986652
8.82675	0.20702068372774013
8.8315	0.17978104351821952
8.83625	0.15550828549996903
8.841	0.1343811356357957
8.84575	0.11635049514752858
8.8505	0.1011898121779052
8.85525	0.08855230192152613
8.86	0.07802801683911317
8.864749999999999	0.06919501954555604
8.8695	0.061660639520244837
8.87425	0.05509068882579816
8.879	0.04922629497907314
8.88375	0.04388947185329418
8.8885	0.03897956550523578
8.89325	0.03446323782732841
8.898	0.030360716375762636
8.90275	0.026730728428853767
8.9075	0.023655970843064672
8.91225	0.021230278070639673
8.917	0.01954796725192713
8.92175	0.018695269504672103
8.926499999999999	0.018743376431581117
8.93125	0.019742477993911507
8.936	0.021716239522206623
8.94075	0.02465642171157499
8.9455	0.028517717968729425
8.95025	0.03321327961082377
8.955	0.03861172749138844
8.95975	0.04453662552215173
8.9645	0.05076935952481982
8.96925	0.05705610341630635
8.974	0.06311908722180647
8.97875	0.06867177403982842
8.9835	0.07343690579196176
8.988249999999999	0.07716580731415197
8.993	0.07965695731278088
8.99775	0.08077172787268182
9.0025	0.08044540067379805
9.007249999999999	0.07869207095710817
9.012	0.07560277775676075
9.01675	0.07133703682665993
9.0215	0.06610876621816018
9.02625	0.060168254191186085
9.031	0.053782225685557836
9.03575	0.047214165405686286
9.0405	0.04070685625446493
9.04525	0.03446864575698086
9.049999999999999	0.02866435119303375
9.05475	0.023411063733047462
9.0595	0.018778515328592787
9.06425	0.014793209131455652
9.068999999999999	0.0114452308640968
9.07375	0.008696564480602083
9.0785	0.006489808491368018
9.08325	0.004756385348344288
9.088	0.003423601220635435
9.09275	0.0024201946660683624
9.0975	0.001680267442369222
9.10225	0.0011456910244388985
9.107	0.0007672158992030584
9.111749999999999	0.0005045784085284929
9.1165	0.00032591227348147274
9.12125	0.00020674439945355264
9.126	0.00012880353318134348
9.130749999999999	7.881026419776646e-05
9.1355	4.735859125256238e-05
9.14025	2.7949609959774105e-05
9.145	1.6199951437507686e-05
9.14975	9.221735431518288e-06
9.1545	5.155521336325462e-06
9.15925	2.830697774009415e-06
9.164	1.5264247626864403e-06
9.16875	8.083850754286634e-07
9.1735	4.204575501784797e-07
9.17825	2.1477662262444094e-07
9.183	1.0774890036386672e-07
9.18775	5.3088403973813634e-08
9.192499999999999	2.5689016409615645e-08
9.19725	1.2208330218045106e-08
9.202	5.698047221909487e-09
9.20675	2.6119015610654417e-09
9.2115	1.1758408676260006e-09
9.21625	5.198778103398721e-10
9.221	2.2574336765975936e-10
9.22575	9.626972420800293e-11
9.2305	4.032047376443385e-11
9.23525	1.6585321681144258e-11
9.24	6.700288971933495e-12
9.24475	2.658897811113808e-12
9.2495	1.037645672419415e-12
9.254249999999999	4.016491736845558e-13
9.259	1.6375763741848315e-13
9.26375	9.5762231012392e-14
9.2685	1.30411702987661e-13
9.273249999999999	3.011343076367252e-13
9.278	7.711742373597922e-13
9.28275	1.974741305059689e-12
9.2875	4.978924782508017e-12
9.29225	1.2334389062935623e-11
9.297	3.001462848661584e-11
9.30175	7.174037979535229e-11
9.3065	1.6842479037189002e-10
9.31125	3.8838120156700374e-10
9.315999999999999	8.796678348657881e-10
9.32075	1.956978713337254e-09
9.3255	4.276209372688245e-09
9.33025	9.177743521175695e-09
9.334999999999999	1.934708901272483e-08
9.33975	4.005869475484764e-08
9.3445	8.146632751927517e-08
9.34925	1.6272655273684954e-07
9.354	3.192540714626771e-07
9.35875	6.151924910860015e-07
9.3635	1.1643432409593484e-06
9.36825	2.1644389244722807e-06
9.373	3.951872036555747e-06
9.377749999999999	7.08683939931088e-06
9.3825	1.2482267010761839e-05
9.38725	2.1593573317137764e-05
9.392	3.668975154951639e-05
9.396749999999999	6.122845499760053e-05
9.4015	0.00010035735338579047
9.40625	0.00016155916067948564
9.411	0.000255446298685793
9.41575	0.0003966910945382801
9.4205	0.0006050472573730401
9.42525	0.0009063780394566842
9.43	0.0013335580690766297
9.43475	0.001927064443786862
9.439499999999999	0.0027350268118774474
9.44425	0.003812477564219417
9.449	0.005219545658999578
9.45375	0.007018384540744331
9.458499999999999	0.00926872616856142
9.46325	0.0120221121746079
9.468	0.015315061695987876
9.47275	0.019161672504636264
9.4775	0.023546383842166042
9.48225	0.028417812372413104
9.487	0.033684660414592185
9.49175	0.03921464789624851
9.4965	0.04483721258711178
9.50125	0.050350358956980854
9.506	0.0555315468297657
9.51075	0.06015195895298206
9.5155	0.06399295563634877
9.520249999999999	0.06686310663721837
9.525	0.0686139676176899
9.52975	0.06915279544750765
9.5345	0.06845068713306175
9.53925	0.06654514834891755
9.544	0.06353677391011012
9.54875	0.05958044909736802
9.5535	0.05487214293656106
9.55825	0.04963286005942562
9.563	0.04409157586710997
9.56775	0.03846897331716003
9.5725	0.03296354814269809
9.57725	0.027741211716260383
9.581999999999999	0.022928981537606065
9.58675	0.018612800388280143
9.5915	0.014839048530030576
9.59625	0.011618967628315907
9.600999999999999	0.008935028838277945
9.60575	0.006748248898870402
9.6105	0.005005560765429143
9.61525	0.0036465376026276384
9.62	0.0026090041884871355
9.62475	0.0018333052969469797
9.6295	0.0012652040369024377
9.63425	0.0008575351519616631
9.639	0.0005708325316185604
9.643749999999999	0.0003731906555141549
9.6485	0.00023961715813250142
9.65325	0.0001511019343261588
9.658	9.358084231134541e-05
9.662749999999999	5.692047985095813e-05
9.6675	3.4002801388238576e-05
9.67225	1.994918967808478e-05
9.677	1.149476538182828e-05
9.68175	6.504877679523663e-06
9.6865	3.615282285796037e-06
9.69125	1.973373250524522e-06
9.696	1.0578889935248835e-06
9.70075	5.569737104997974e-07
9.705499999999999	2.880003000432316e-07
9.71025	1.4625636659735534e-07
9.715	7.294581384412895e-08
9.71975	3.573147653000517e-08
9.724499999999999	1.7189907543155074e-08
9.72925	8.122798812142693e-09
9.734	3.7717917104311756e-09
9.73875	1.7252908356052251e-09
9.7435	7.874316451340368e-10
9.74825	3.817730830869479e-10
9.753	2.4669523086422123e-10
9.75775	2.893336660346861e-10
9.7625	5.298267826209561e-10
9.76725	1.1074919556796997e-09
9.772	2.348719998128418e-09
9.77675	4.9228217430809575e-09
9.7815	1.0145513659535136e-08
9.786249999999999	2.0539602705477975e-08
9.791	4.084033262589182e-08
9.79575	7.975371394881831e-08
9.8005	1.5295870256048778e-07
9.80525	2.881101587073168e-07
9.81	5.329714672592772e-07
9.81475	9.683009019617336e-07
9.8195	1.7277372573847113e-06
9.82425	3.027652626694267e-06
9.829	5.210691688184717e-06
9.83375	8.807358881771191e-06
9.8385	1.4620323899101005e-05
9.84325	2.3835775125386827e-05
9.847999999999999	3.816476121558012e-05
9.85275	6.0014584554809334e-05
9.8575	9.268555253552001e-05
9.86225	0.0001405815304816468
9.866999999999999	0.00020941388580806913
9.87175	0.0003063681883634948
9.8765	0.0004401927101304794
9.88125	0.0006211593234927644
9.886	0.0008608434019327355
9.89075	0.001171672634004539
9.8955	0.00156620787218041
9.90025	0.0020561438880726335
9.905	0.002651054087071148
9.909749999999999	0.003356948341596778
9.9145	0.004174761912018476
9.91925	0.0050989382389518955
9.924	0.006116299945464991
9.928749999999999	0.007205411418425681
9.9335	0.008336615591349877
9.93825	0.009472873846264206
9.943	0.010571453789246238
9.94775	0.011586403859554862
9.9525	0.012471640784880415
9.95725	0.01318437385671293
9.962	0.013688517320706686
9.96675	0.013957713989835632
9.971499999999999	0.013977617910446515
9.97625	0.013747160993791476
9.981	0.013278647973158485
9.98575	0.012596667937947255
9.990499999999999	0.011735956445139487
9.99525	0.010738466872777765
