0  0  0.0  0.0 -1.116307
0  1  -0.0  -0.0 -0.0
0  2  -0.0  0.3511606 -0.0
0  3  -0.0  0.3843092 -0.0
0  4  0.0  -0.0 -0.4322214
0  5  0.0784736  -0.0 0.0
0  6  0.0  -0.0 0.8605189
0  7  -0.0  0.0 0.0
0  8  0.0  0.0 -0.0
0  9  -0.409693  -0.0 -0.0
0  10  0.0  0.5584959 -0.0
0  11  0.4570438  0.0 -0.0
0  12  0.0  0.0 -0.0
0  13  0.0  0.0 -0.1971525
0  14  0.0  -0.0 -0.1060678
0  15  -0.0  -0.0545956 -0.0
0  16  -0.0  0.0 -0.5166802
0  17  0.0  0.0 -0.0
0  18  0.0  -0.0 1.0263942
0  19  -0.0  -0.3765885 -0.0
0  20  0.0  -0.5909578 0.0
0  21  0.2580666  0.0 0.0
0  22  -0.2070645  0.0 0.0
0  23  -0.0  -0.0 -0.4839883
0  24  0.0  -0.1130733 -0.0
0  25  -0.0  0.3199158 -0.0
0  26  0.0  -0.0 -0.0
0  27  -0.0  -0.0 0.1077188
0  28  0.0  0.0 -0.0
0  29  0.0032214  -0.0 0.0
0  30  0.0  0.0 0.2848387
1  1  -0.0  0.0 -1.3130485
1  2  -0.5811502  -0.0 0.0
1  3  0.1036322  0.0 0.0
1  4  0.0  -0.0 0.0
1  5  -0.0  -0.0108919 0.0
1  6  0.0  0.0 0.0
1  7  -0.0  0.0 0.387633
1  8  -0.0  -0.0 1.1707002
1  9  0.0  -0.0117164 0.0
1  10  0.5279599  0.0 -0.0
1  11  0.0  -0.0357064 0.0
1  12  -0.0  -0.0 -0.0241195
1  13  -0.0  -0.0 -0.0
1  14  0.0  0.0 0.0
1  15  0.4435507  -0.0 -0.0
1  16  0.0  0.0 0.0
1  17  -0.0  -0.0 -0.1997637
1  18  -0.0  -0.0 -0.0
1  19  -0.01362  0.0 -0.0
1  20  -0.038737  -0.0 0.0
1  21  -0.0  -0.1330894 0.0
1  22  -0.0  0.0512405 0.0
1  23  0.0  0.0 0.0
1  24  0.0435276  0.0 -0.0
1  25  0.0292514  0.0 -0.0
1  26  -0.0  -0.0 -0.0309668
1  27  -0.0  -0.0 -0.0
1  28  -0.0  0.0 0.0244431
1  29  -0.0  -0.2539924 -0.0
1  30  0.0  -0.0 -0.0
2  2  -0.0  -0.0 1.0983542
2  3  0.0  0.0 2.1011846
2  4  -0.0  -2.8243555 0.0
2  5  0.0  -0.0 0.0
2  6  0.0  0.1292684 -0.0
2  7  -2.7438382  0.0 0.0
2  8  0.0513684  0.0 -0.0
2  9  0.0  0.0 0.0
2  10  -0.0  -0.0 -0.4937752
2  11  0.0  -0.0 -0.0
2  12  0.0049979  0.0 -0.0
2  13  0.0  0.0312434 0.0
2  14  -0.0  -0.0174292 -0.0
2  15  0.0  -0.0 0.0110357
2  16  -0.0  -0.1383269 -0.0
2  17  0.5235667  0.0 -0.0
2  18  -0.0  0.0643832 -0.0
2  19  0.0  -0.0 0.1526042
2  20  -0.0  0.0 1.1587869
2  21  0.0  -0.0 -0.0
2  22  0.0  0.0 0.0
2  23  -0.0  0.466131 -0.0
2  24  0.0  -0.0 0.951171
2  25  0.0  -0.0 -0.0520904
2  26  -0.0098359  -0.0 -0.0
2  27  -0.0  0.102699 0.0
2  28  -0.0266993  -0.0 0.0
2  29  0.0  -0.0 0.0
2  30  0.0  0.0485118 -0.0
3  3  -0.0  0.0 -1.6938079
3  4  0.0  1.1837757 -0.0
3  5  0.0  0.0 0.0
3  6  0.0  -0.5281891 -0.0
3  7  1.1977783  -0.0 -0.0
3  8  0.0368248  0.0 -0.0
3  9  0.0  0.0 0.0
3  10  -0.0  -0.0 -1.0471258
3  11  0.0  0.0 0.0
3  12  0.0113693  0.0 -0.0
3  13  0.0  0.0698969 0.0
3  14  0.0  -0.8527718 0.0
3  15  0.0  0.0 2.0431853
3  16  -0.0  -1.270934 0.0
3  17  1.6303395  0.0 -0.0
3  18  -0.0  0.7204844 -0.0
3  19  0.0  -0.0 0.0386355
3  20  -0.0  -0.0 0.1300054
3  21  0.0  -0.0 -0.0
3  22  -0.0  -0.0 -0.0
3  23  -0.0  0.8888333 -0.0
3  24  0.0  0.0 0.2966245
3  25  0.0  0.0 1.2887539
3  26  -0.0149787  -0.0 -0.0
3  27  -0.0  0.1177297 0.0
3  28  -0.0302599  -0.0 0.0
3  29  0.0  0.0 -0.0
3  30  0.0  0.0871769 -0.0
4  4  0.0  0.0 -0.3189162
4  5  0.0018856  0.0 -0.0
4  6  -0.0  0.0 0.3399155
4  7  0.0  0.0 -0.0
4  8  0.0  -0.0 -0.0
4  9  -0.0882777  0.0 0.0
4  10  0.0  -0.3125177 -0.0
4  11  0.0299843  0.0 0.0
4  12  0.0  -0.0 0.0
4  13  -0.0  -0.0 -0.112455
4  14  -0.0  0.0 0.579619
4  15  0.0  0.1045407 0.0
4  16  0.0  0.0 1.0055722
4  17  -0.0  -0.0 -0.0
4  18  -0.0  -0.0 -0.5012462
4  19  -0.0  -0.0107473 0.0
4  20  -0.0  -0.0758078 -0.0
4  21  0.0776234  0.0 -0.0
4  22  -0.0238007  0.0 0.0
4  23  0.0  0.0 -1.1719485
4  24  0.0  0.7952684 0.0
4  25  -0.0  0.0833317 0.0
4  26  0.0  0.0 0.0
4  27  -0.0  -0.0 1.1111315
4  28  0.0  0.0 0.0
4  29  0.0402404  -0.0 -0.0
4  30  0.0  0.0 -0.0114872
5  5  -0.0  0.0 -1.1124929
5  6  0.1089836  0.0 -0.0
5  7  0.0  0.0047193 -0.0
5  8  -0.0  0.3456253 -0.0
5  9  -0.0  0.0 0.0015603
5  10  0.0  -0.0 0.0
5  11  -0.0  -0.0 -0.0795259
5  12  -0.0  -0.0077735 -0.0
5  13  0.160148  0.0 0.0
5  14  -0.450197  -0.0 0.0
5  15  0.0  -0.0 -0.0
5  16  0.3763346  0.0 0.0
5  17  0.0  -0.0109163 0.0
5  18  0.0122306  0.0 0.0
5  19  0.0  -0.0 0.0
5  20  -0.0  0.0 -0.0
5  21  -0.0  0.0 -0.2546785
5  22  -0.0  -0.0 0.4762481
5  23  -0.0432232  -0.0 -0.0
5  24  0.0  0.0 0.0
5  25  0.0  0.0 0.0
5  26  0.0  -0.0222599 0.0
5  27  -0.0757365  -0.0 0.0
5  28  -0.0  0.0020114 0.0
5  29  0.0  -0.0 -0.3753132
5  30  0.5285318  -0.0 -0.0
6  6  -0.0  -0.0 -1.2722881
6  7  0.0  -0.0 -0.0
6  8  0.0  -0.0 0.0
6  9  -0.8174637  -0.0 0.0
6  10  -0.0  -0.268663 -0.0
6  11  0.1291517  0.0 0.0
6  12  0.0  -0.0 0.0
6  13  -0.0  0.0 0.5419856
6  14  -0.0  -0.0 0.0216812
6  15  -0.0  -0.0694106 -0.0
6  16  0.0  0.0 0.0399055
6  17  -0.0  -0.0 0.0
6  18  0.0  -0.0 -0.1469247
6  19  0.0  0.0454553 0.0
6  20  -0.0  -0.1151605 -0.0
6  21  0.7554798  0.0 -0.0
6  22  0.0684765  -0.0 -0.0
6  23  0.0  0.0 0.4585785
6  24  -0.0  -0.1337206 -0.0
6  25  0.0  -0.0497658 -0.0
6  26  0.0  0.0 -0.0
6  27  0.0  0.0 -0.0070453
6  28  0.0  0.0 -0.0
6  29  0.478132  -0.0 -0.0
6  30  0.0  -0.0 0.0029997
7  7  0.0  0.0 -0.4704537
7  8  -0.0  0.0 -0.0737727
7  9  -0.0  0.0006454 -0.0
7  10  1.8328627  -0.0 0.0
7  11  -0.0  0.0108266 -0.0
7  12  -0.0  0.0 -0.0106631
7  13  -0.0  0.0 -0.0
7  14  0.0  -0.0 -0.0
7  15  0.522886  -0.0 -0.0
7  16  0.0  -0.0 0.0
7  17  -0.0  -0.0 -1.6645124
7  18  -0.0  0.0 0.0
7  19  -0.0019131  -0.0 -0.0
7  20  -0.1760894  0.0 0.0
7  21  0.0  0.010458 0.0
7  22  -0.0  0.0024485 0.0
7  23  0.0  0.0 0.0
7  24  1.1614675  -0.0 -0.0
7  25  0.1066144  -0.0 -0.0
7  26  0.0  0.0 -0.061868
7  27  -0.0  0.0 0.0
7  28  0.0  -0.0 1.3010522
7  29  0.0  -0.0080953 -0.0
7  30  0.0  0.0 -0.0
8  8  -0.0  0.0 -3.0245877
8  9  -0.0  -0.0530635 -0.0
8  10  -0.0248457  -0.0 0.0
8  11  0.0  0.0360926 -0.0
8  12  0.0  0.0 0.0942337
8  13  -0.0  0.0 -0.0
8  14  -0.0  0.0 0.0
8  15  -0.0153341  -0.0 0.0
8  16  0.0  -0.0 0.0
8  17  0.0  -0.0 0.0094156
8  18  -0.0  0.0 -0.0
8  19  -0.0444207  -0.0 0.0
8  20  -0.54535  -0.0 0.0
8  21  0.0  0.1448002 -0.0
8  22  0.0  -0.0569031 -0.0
8  23  0.0  0.0 0.0
8  24  -0.0855991  -0.0 -0.0
8  25  0.1731979  0.0 0.0
8  26  0.0  0.0 0.0440924
8  27  -0.0  -0.0 0.0
8  28  -0.0  0.0 0.395585
8  29  -0.0  0.3261587 -0.0
8  30  -0.0  -0.0 -0.0
9  9  -0.0  -0.0 1.1610326
9  10  0.0  -0.0 0.0
9  11  0.0  0.0 2.0067286
9  12  -0.0  -2.8010905 0.0
9  13  -2.5323274  0.0 0.0
9  14  -0.4952928  0.0 0.0
9  15  0.0  -0.0 0.0
9  16  0.4089002  -0.0 -0.0
9  17  0.0  0.0245501 -0.0
9  18  -0.0344312  -0.0 0.0
9  19  0.0  -0.0 0.0
9  20  0.0  -0.0 0.0
9  21  -0.0  -0.0 -0.6023009
9  22  -0.0  0.0 -0.0127141
9  23  -0.1932971  -0.0 0.0
9  24  0.0  -0.0 0.0
9  25  -0.0  0.0 -0.0
9  26  0.0  -0.1016782 -0.0
9  27  -0.2793275  0.0 -0.0
9  28  0.0  0.0082261 -0.0
9  29  0.0  -0.0 0.0335651
9  30  -0.0896245  -0.0 0.0
10  10  0.0  0.0 1.0275405
10  11  0.0  0.0 0.0
10  12  -0.0020218  -0.0 0.0
10  13  -0.0  0.1283669 0.0
10  14  -0.0  -0.626464 -0.0
10  15  0.0  -0.0 0.2581123
10  16  0.0  -1.1546163 -0.0
10  17  -0.408744  -0.0 0.0
10  18  -0.0  0.5343102 0.0
10  19  0.0  0.0 -0.0450516
10  20  -0.0  -0.0 -0.0493646
10  21  0.0  0.0 0.0
10  22  0.0  0.0 0.0
10  23  0.0  -0.9207575 -0.0
10  24  -0.0  -0.0 -0.4398482
10  25  -0.0  -0.0 0.0476387
10  26  0.012924  0.0 -0.0
10  27  0.0  -0.0699233 0.0
10  28  -0.0004678  0.0 -0.0
10  29  0.0  -0.0 -0.0
10  30  -0.0  0.1094248 0.0
11  11  -0.0  0.0 -1.8866549
11  12  0.0  1.2291557 -0.0
11  13  1.2181808  -0.0 -0.0
11  14  0.3948994  -0.0 -0.0
11  15  0.0  0.0 -0.0
11  16  0.0905166  0.0 -0.0
11  17  -0.0  -0.025474 -0.0
11  18  0.0401709  -0.0 0.0
11  19  0.0  -0.0 0.0
11  20  -0.0  -0.0 0.0
11  21  -0.0  -0.0 -1.0588011
11  22  -0.0  0.0 0.0226713
11  23  -0.1313013  -0.0 0.0
11  24  0.0  0.0 -0.0
11  25  0.0  -0.0 0.0
11  26  0.0  -1.8604147 0.0
11  27  0.0243749  -0.0 0.0
11  28  0.0  -0.1426707 0.0
11  29  0.0  0.0 2.0077155
11  30  -0.1019892  -0.0 0.0
12  12  0.0  0.0 -0.3221872
12  13  0.0  0.0 -0.0
12  14  0.0  0.0 -0.0
12  15  -0.0016027  -0.0 0.0
12  16  -0.0  -0.0 -0.0
12  17  0.0  0.0 -0.0114515
12  18  0.0  0.0 0.0
12  19  0.1935126  0.0 -0.0
12  20  -0.0162876  0.0 0.0
12  21  0.0  -0.269616 -0.0
12  22  0.0  -0.0088845 -0.0
12  23  0.0  0.0 0.0
12  24  -0.0111399  -0.0 0.0
12  25  -0.0044862  -0.0 -0.0
12  26  0.0  0.0 1.307774
12  27  0.0  0.0 0.0
12  28  0.0  0.0 0.0754088
12  29  0.0  0.1285284 0.0
12  30  0.0  0.0 0.0
13  13  0.0  -0.0 -0.4546529
13  14  0.0  0.0 -0.5989989
13  15  -0.0  0.0473719 0.0
13  16  -0.0  -0.0 -0.3349543
13  17  0.0  -0.0 -0.0
13  18  -0.0  0.0 -0.4488062
13  19  0.0  0.8598835 -0.0
13  20  0.0  0.0368932 0.0
13  21  1.6932723  -0.0 0.0
13  22  1.0257871  -0.0 -0.0
13  23  0.0  -0.0 0.198434
13  24  -0.0  0.0064851 0.0
13  25  0.0  -0.0756432 0.0
13  26  0.0  -0.0 -0.0
13  27  0.0  -0.0 0.1301968
13  28  -0.0  -0.0 0.0
13  29  0.2733965  -0.0 -0.0
13  30  0.0  0.0 0.2530605
14  14  0.0  -0.0 1.0345359
14  15  -0.0  -0.0493195 -0.0
14  16  0.0  0.0 -0.4072495
14  17  -0.0  -0.0 0.0
14  18  0.0  0.0 1.8376492
14  19  -0.0  -2.1942849 0.0
14  20  0.0  0.6527432 -0.0
14  21  0.4324405  -0.0 0.0
14  22  -2.0425031  0.0 0.0
14  23  -0.0  0.0 0.6193268
14  24  0.0  -0.1966554 0.0
14  25  0.0  0.0072234 -0.0
14  26  0.0  -0.0 -0.0
14  27  0.0  0.0 0.1296102
14  28  -0.0  -0.0 -0.0
14  29  0.0063469  -0.0 -0.0
14  30  -0.0  -0.0 -0.5071336
15  15  -0.0  0.0 -4.6182871
15  16  0.0  -0.1105608 -0.0
15  17  -0.4219413  -0.0 0.0
15  18  -0.0  -0.0064739 0.0
15  19  -0.0  0.0 0.0156445
15  20  0.0  -0.0 0.0206198
15  21  0.0  -0.0 0.0
15  22  0.0  0.0 0.0
15  23  0.0  -0.4780316 -0.0
15  24  -0.0  0.0 -0.456591
15  25  -0.0  0.0 0.0236027
15  26  0.0081287  0.0 -0.0
15  27  0.0  -0.0542132 0.0
15  28  -0.0257318  0.0 -0.0
15  29  0.0  0.0 0.0
15  30  -0.0  -0.0154833 -0.0
16  16  -0.0  -0.0 -0.7416777
16  17  -0.0  0.0 0.0
16  18  -0.0  0.0 -1.1121546
16  19  0.0  1.7558655 -0.0
16  20  -0.0  -0.3629357 -0.0
16  21  -0.3656207  -0.0 0.0
16  22  1.8177836  -0.0 -0.0
16  23  -0.0  -0.0 0.7867738
16  24  0.0  -0.6849368 0.0
16  25  -0.0  0.1634941 -0.0
16  26  -0.0  0.0 0.0
16  27  -0.0  -0.0 -0.1740051
16  28  0.0  0.0 0.0
16  29  -0.1110172  -0.0 0.0
16  30  -0.0  0.0 -0.0767554
17  17  0.0  0.0 -2.9309567
17  18  0.0  0.0 -0.0
17  19  0.0247539  0.0 -0.0
17  20  -0.0270073  0.0 -0.0
17  21  -0.0  -0.0148004 0.0
17  22  -0.0  0.0241205 -0.0
17  23  -0.0  0.0 0.0
17  24  -0.2494051  -0.0 -0.0
17  25  0.0591081  -0.0 -0.0
17  26  -0.0  -0.0 0.0133676
17  27  -0.0  0.0 -0.0
17  28  -0.0  -0.0 -0.062088
17  29  -0.0  -0.0038408 -0.0
17  30  -0.0  -0.0 -0.0
18  18  -0.0  0.0 -1.0173011
18  19  0.0  0.7441024 0.0
18  20  0.0  -0.061452 0.0
18  21  0.0694642  0.0 -0.0
18  22  0.778679  -0.0 -0.0
18  23  -0.0  -0.0 -0.5759884
18  24  -0.0  0.1803418 -0.0
18  25  -0.0  0.2614853 -0.0
18  26  0.0  0.0 -0.0
18  27  -0.0  -0.0 0.1203179
18  28  -0.0  0.0 -0.0
18  29  0.0859913  0.0 -0.0
18  30  -0.0  -0.0 -0.9968788
19  19  0.0  0.0 0.0412767
19  20  -0.0  -0.0 0.0534758
19  21  0.0  -0.0 -0.0
19  22  0.0  0.0 -0.0
19  23  -0.0  -0.1193146 0.0
19  24  0.0  0.0 -0.0164352
19  25  0.0  0.0 0.1214596
19  26  0.0122523  -0.0 -0.0
19  27  -0.0  -0.077385 -0.0
19  28  -0.2228287  0.0 0.0
19  29  0.0  0.0 -0.0
19  30  0.0  -0.4023929 -0.0
20  20  -0.0  -0.0 0.0061429
20  21  -0.0  0.0 -0.0
20  22  -0.0  -0.0 -0.0
20  23  -0.0  0.242392 -0.0
20  24  0.0  -0.0 0.0544838
20  25  0.0  0.0 1.7467034
20  26  0.1803924  -0.0 -0.0
20  27  -0.0  -2.6812993 0.0
20  28  -2.5796975  0.0 0.0
20  29  -0.0  -0.0 -0.0
20  30  -0.0  -0.1008072 0.0
21  21  0.0  0.0 0.7424006
21  22  0.0  0.0 0.0762891
21  23  0.1511951  0.0 -0.0
21  24  0.0  0.0 -0.0
21  25  -0.0  0.0 0.0
21  26  -0.0  -1.2461658 -0.0
21  27  0.1869373  0.0 -0.0
21  28  -0.0  -0.0891359 -0.0
21  29  -0.0  -0.0 -0.1434614
21  30  0.2476449  0.0 -0.0
22  22  0.0  0.0 -0.1359508
22  23  -0.1417265  0.0 0.0
22  24  0.0  -0.0 0.0
22  25  0.0  -0.0 0.0
22  26  0.0  -0.0324892 -0.0
22  27  -0.334116  0.0 0.0
22  28  -0.0  0.3518919 -0.0
22  29  -0.0  -0.0 -0.0183773
22  30  1.7289336  0.0 0.0
23  23  0.0  0.0 -2.4382486
23  24  0.0  -0.5057544 0.0
23  25  0.0  -0.1383446 -0.0
23  26  0.0  0.0 -0.0
23  27  0.0  0.0 -0.088156
23  28  0.0  -0.0 -0.0
23  29  0.0638489  0.0 -0.0
23  30  0.0  0.0 -0.0046127
24  24  -0.0  0.0 -1.6361859
24  25  0.0  0.0 0.3447393
24  26  0.0355315  0.0 -0.0
24  27  -0.0  -0.3400766 0.0
24  28  -0.3238888  0.0 0.0
24  29  -0.0  -0.0 0.0
24  30  -0.0  0.0265651 -0.0
25  25  -0.0  0.0 -3.6628404
25  26  -0.1036736  0.0 0.0
25  27  0.0  1.4633523 0.0
25  28  1.5413521  -0.0 -0.0
25  29  -0.0  -0.0 0.0
25  30  0.0  0.0333106 0.0
26  26  0.0  0.0 -1.0103488
26  27  0.0  -0.0 -0.0
26  28  -0.0  -0.0 0.0376177
26  29  -0.0  0.0143058 -0.0
26  30  0.0  -0.0 -0.0
27  27  0.0  -0.0 -1.8914302
27  28  -0.0  0.0 -0.0
27  29  0.0103294  0.0 -0.0
27  30  -0.0  0.0 -0.0911462
28  28  0.0  0.0 -1.9066014
28  29  -0.0  0.0225283 -0.0
28  30  -0.0  0.0 -0.0
29  29  -0.0  0.0 -4.5392211
29  30  0.0494529  0.0 -0.0
30  30  0.0  0.0 1.2999237
