   1    1   0.00000    3.68070    10.00 100.00     -0.00000   0.00000  -0.00000 
   2    2   0.02490    6.90680    10.00 100.00      0.00000   0.38330   0.00000 
   3    3   0.02680    7.67470    10.00 100.00     -0.00000   0.37760   0.00000 
   4    4   0.04330    7.90710    10.00 100.00     -0.00000   0.00000  -0.47260 
   5    5   0.00000    8.42260    10.00 100.00      0.00000   0.00000   0.00000 
   6    6   0.00110    8.55510    10.00 100.00      0.07270   0.00000   0.00000 
   7    7   0.14400    8.87730    10.00 100.00     -0.00000  -0.00000   0.81370 
   8    8   0.00000    9.60890    10.00 100.00      0.00000   0.00000  -0.00000 
   9    9   0.04090   10.00610    10.00 100.00     -0.40870  -0.00000  -0.00000 
  10   10   0.09390   10.31750    10.00 100.00     -0.00000   0.60960  -0.00000 
  11   11   0.04880   10.85730    10.00 100.00      0.42830   0.00000  -0.00000 
  12   12   0.00000   10.98380    10.00 100.00      0.00000   0.00000  -0.00000 
  13   13   0.00060   11.47540    10.00 100.00     -0.00000  -0.04600   0.00000 
  14   14   0.00030   11.61000    10.00 100.00      0.00000  -0.00000  -0.03480 
  15   15   0.02280   11.70190    10.00 100.00     -0.00000  -0.00000  -0.28230 
  16   16   0.14180   12.22840    10.00 100.00      0.00000  -0.00000  -0.68800 
  17   17   0.00000   12.33200    10.00 100.00     -0.00000   0.00000  -0.00000 
  18   18   0.26000   12.48560    10.00 100.00     -0.00000   0.00000   0.92190 
  19   19   0.04540   12.65250    10.00 100.00     -0.00000  -0.38260   0.00000 
  20   20   0.10520   12.70970    10.00 100.00      0.00000  -0.58140  -0.00000 
  21   21   0.08290   13.02290    10.00 100.00      0.00000  -0.00000  -0.50980 
  22   22   0.02120   13.13670    10.00 100.00      0.25690  -0.00000   0.00000 
  23   23   0.01210   13.18200    10.00 100.00     -0.19340   0.00000  -0.00000 
  24   24   0.01490   13.49420    10.00 100.00     -0.00000  -0.21240  -0.00000 
  25   25   0.02840   13.64000    10.00 100.00     -0.00000   0.29130  -0.00000 
  26   26   0.00150   14.00700    10.00 100.00      0.00000   0.00000   0.06650 
  27   27   0.00000   14.18320    10.00 100.00     -0.00000  -0.00000  -0.00000 
  28   28   0.00000   14.23910    10.00 100.00     -0.00000   0.00000   0.00000 
  29   29   0.00130   14.55860    10.00 100.00     -0.06080   0.00000  -0.00000 
  30   30   0.02350   14.84890    10.00 100.00      0.00000   0.00000   0.25400 
state state   Osc.      E(eV)      dum   dum        TrDx      TrDy       TrDz 
