   1    1   0.00000    1.29530    10.00 100.00     -0.00000  -0.00000   0.00000 
   2    2   0.03170    3.40850    10.00 100.00     -0.00000  -0.00000   0.61590 
   3    3   0.00260    3.74830    10.00 100.00     -0.00000  -0.16960  -0.00000 
   4    4   0.00030    3.87410    10.00 100.00      0.05460  -0.00000   0.00000 
   5    5   0.00680    4.53400    10.00 100.00     -0.24800   0.00000   0.00000 
   6    6   0.00200    6.88120    10.00 100.00      0.00000  -0.10960  -0.00000 
   7    7   0.00000    6.90810    10.00 100.00      0.00000   0.00000  -0.00000 
   8    8   0.06760    7.35180    10.00 100.00     -0.61270   0.00000  -0.00000 
   9    9   0.01870    8.00280    10.00 100.00     -0.00000  -0.00000  -0.30900 
  10   10   0.00000    8.46160    10.00 100.00     -0.00000   0.00000   0.00000 
  11   11   0.03680    8.49670    10.00 100.00     -0.00000  -0.42060   0.00000 
  12   12   0.00000    8.56820    10.00 100.00     -0.00000  -0.00000   0.00000 
  13   13   0.21130    9.00530    10.00 100.00      0.00000  -0.00000   0.97860 
  14   14   0.03960    9.03240    10.00 100.00     -0.42330  -0.00000   0.00000 
  15   15   0.22400    9.20280    10.00 100.00      0.00000   0.00000  -0.99670 
  16   16   0.07080    9.76960    10.00 100.00      0.00000   0.00000  -0.54400 
  17   17   0.00010    9.94590    10.00 100.00      0.00000  -0.02310  -0.00000 
  18   18   0.01850   10.03650    10.00 100.00     -0.00000  -0.27440  -0.00000 
  19   19   0.05020   10.44170    10.00 100.00     -0.44300   0.00000   0.00000 
  20   20   0.01410   10.69350    10.00 100.00      0.00000  -0.23210   0.00000 
  21   21   0.00000   10.69550    10.00 100.00      0.00000   0.00000  -0.00000 
  22   22   0.21030   10.84230    10.00 100.00     -0.00000   0.00000  -0.88980 
  23   23   0.00150   11.24270    10.00 100.00     -0.07400  -0.00000  -0.00000 
  24   24   0.00330   11.47780    10.00 100.00     -0.00000  -0.10880   0.00000 
  25   25   0.37050   11.96440    10.00 100.00     -0.00000  -0.00000   1.12430 
  26   26   0.00000   12.01790    10.00 100.00     -0.00000   0.00000  -0.00000 
  27   27   0.00180   12.14690    10.00 100.00      0.07770  -0.00000   0.00000 
  28   28   0.13670   12.20360    10.00 100.00     -0.00000  -0.67630  -0.00000 
  29   29   0.04290   12.68140    10.00 100.00     -0.00000   0.00000   0.37160 
  30   30   0.09210   12.87970    10.00 100.00      0.00000  -0.00000  -0.54040 
state state   Osc.      E(eV)      dum   dum        TrDx      TrDy       TrDz 
