   1    1   0.00000    1.18640    10.00 100.00      0.00000   0.00000   0.00000 
   2    2   0.02590    3.11830    10.00 100.00     -0.00000   0.00000   0.58240 
   3    3   0.00190    3.31020    10.00 100.00     -0.00000  -0.15350   0.00000 
   4    4   0.00000    3.53970    10.00 100.00      0.01470   0.00000  -0.00000 
   5    5   0.00630    4.08510    10.00 100.00     -0.25110   0.00000   0.00000 
   6    6   0.00000    6.81580    10.00 100.00      0.00000  -0.00000  -0.00000 
   7    7   0.00230    6.85170    10.00 100.00     -0.00000  -0.11640   0.00000 
   8    8   0.06450    7.23260    10.00 100.00     -0.60320   0.00000   0.00000 
   9    9   0.02410    7.98690    10.00 100.00     -0.00000  -0.00000  -0.35090 
  10   10   0.00000    8.36280    10.00 100.00     -0.00000  -0.00000   0.00000 
  11   11   0.03850    8.44850    10.00 100.00     -0.00000  -0.43140  -0.00000 
  12   12   0.00000    8.55550    10.00 100.00     -0.00000   0.00000   0.00000 
  13   13   0.39030    8.83640    10.00 100.00     -0.00000  -0.00000  -1.34260 
  14   14   0.04390    8.89870    10.00 100.00     -0.44880   0.00000   0.00000 
  15   15   0.11070    9.04020    10.00 100.00     -0.00000  -0.00000  -0.70710 
  16   16   0.06930    9.58420    10.00 100.00     -0.00000  -0.00000  -0.54330 
  17   17   0.00120    9.61650    10.00 100.00      0.00000   0.07030  -0.00000 
  18   18   0.01470    9.98140    10.00 100.00     -0.00000  -0.24560   0.00000 
  19   19   0.05080   10.32110    10.00 100.00     -0.44830   0.00000   0.00000 
  20   20   0.01360   10.53300    10.00 100.00     -0.00000  -0.22970   0.00000 
  21   21   0.00000   10.54750    10.00 100.00     -0.00000   0.00000   0.00000 
  22   22   0.18550   10.73030    10.00 100.00     -0.00000   0.00000  -0.84000 
  23   23   0.00110   11.08580    10.00 100.00     -0.06370  -0.00000   0.00000 
  24   24   0.00420   11.43960    10.00 100.00      0.00000  -0.12170   0.00000 
  25   25   0.35030   11.73000    10.00 100.00      0.00000   0.00000   1.10400 
  26   26   0.00000   11.97450    10.00 100.00     -0.00000   0.00000   0.00000 
  27   27   0.00120   12.02320    10.00 100.00      0.06390   0.00000   0.00000 
  28   28   0.13140   12.19970    10.00 100.00      0.00000  -0.66300   0.00000 
  29   29   0.05090   12.50600    10.00 100.00      0.00000   0.00000   0.40750 
  30   30   0.06990   12.79090    10.00 100.00     -0.00000   0.00000  -0.47220 
state state   Osc.      E(eV)      dum   dum        TrDx      TrDy       TrDz 
