0.5	0.0
0.50475	0.0
0.5095	0.0
0.51425	0.0
0.519	0.0
0.52375	0.0
0.5285	0.0
0.53325	0.0
0.538	0.0
0.54275	0.0
0.5475	0.0
0.55225	0.0
0.5569999999999999	0.0
0.56175	0.0
0.5665	0.0
0.57125	0.0
0.576	0.0
0.58075	0.0
0.5855	0.0
0.5902499999999999	0.0
0.595	0.0
0.59975	0.0
0.6045	0.0
0.60925	0.0
0.614	0.0
0.61875	0.0
0.6234999999999999	0.0
0.62825	0.0
0.633	0.0
0.63775	0.0
0.6425	0.0
0.64725	0.0
0.652	0.0
0.65675	0.0
0.6615	0.0
0.66625	0.0
0.671	0.0
0.67575	0.0
0.6805	0.0
0.68525	0.0
0.69	0.0
0.69475	0.0
0.6995	0.0
0.70425	0.0
0.709	0.0
0.71375	0.0
0.7185	0.0
0.72325	0.0
0.728	0.0
0.73275	0.0
0.7375	0.0
0.74225	0.0
0.747	0.0
0.7517499999999999	0.0
0.7565	0.0
0.76125	0.0
0.766	0.0
0.77075	0.0
0.7755	0.0
0.78025	0.0
0.7849999999999999	0.0
0.78975	0.0
0.7945	0.0
0.79925	0.0
0.804	0.0
0.80875	0.0
0.8135	0.0
0.8182499999999999	0.0
0.823	0.0
0.82775	0.0
0.8325	0.0
0.83725	0.0
0.842	0.0
0.84675	0.0
0.8514999999999999	0.0
0.85625	0.0
0.861	0.0
0.86575	0.0
0.8705	0.0
0.87525	0.0
0.88	0.0
0.8847499999999999	0.0
0.8895	0.0
0.89425	0.0
0.899	0.0
0.90375	0.0
0.9085	0.0
0.91325	0.0
0.9179999999999999	0.0
0.92275	0.0
0.9275	0.0
0.93225	0.0
0.937	0.0
0.94175	0.0
0.9465	0.0
0.9512499999999999	0.0
0.956	0.0
0.96075	0.0
0.9655	0.0
0.9702500000000001	0.0
0.975	0.0
0.97975	0.0
0.9844999999999999	0.0
0.98925	0.0
0.994	0.0
0.99875	0.0
1.0034999999999998	0.0
1.0082499999999999	0.0
1.013	0.0
1.01775	0.0
1.0225	0.0
1.02725	0.0
1.032	0.0
1.03675	0.0
1.0415	0.0
1.0462500000000001	0.0
1.051	0.0
1.05575	0.0
1.0605	0.0
1.06525	0.0
1.0699999999999998	0.0
1.0747499999999999	0.0
1.0795	0.0
1.08425	0.0
1.089	0.0
1.09375	0.0
1.0985	0.0
1.10325	0.0
1.108	0.0
1.1127500000000001	0.0
1.1175	0.0
1.12225	0.0
1.127	0.0
1.13175	0.0
1.1364999999999998	0.0
1.1412499999999999	0.0
1.146	0.0
1.15075	0.0
1.1555	0.0
1.16025	0.0
1.165	0.0
1.16975	0.0
1.1745	0.0
1.1792500000000001	0.0
1.184	0.0
1.18875	0.0
1.1935	0.0
1.19825	0.0
1.2029999999999998	0.0
1.2077499999999999	0.0
1.2125	0.0
1.21725	0.0
1.222	0.0
1.22675	0.0
1.2315	0.0
1.23625	0.0
1.241	0.0
1.2457500000000001	0.0
1.2505	0.0
1.25525	0.0
1.26	0.0
1.2647499999999998	0.0
1.2694999999999999	0.0
1.2742499999999999	0.0
1.279	0.0
1.28375	0.0
1.2885	0.0
1.29325	0.0
1.298	0.0
1.30275	0.0
1.3075	0.0
1.3122500000000001	0.0
1.317	0.0
1.32175	0.0
1.3265	0.0
1.3312499999999998	0.0
1.3359999999999999	0.0
1.3407499999999999	0.0
1.3455	0.0
1.35025	0.0
1.355	0.0
1.35975	0.0
1.3645	0.0
1.36925	0.0
1.374	0.0
1.3787500000000001	0.0
1.3835	0.0
1.38825	0.0
1.393	0.0
1.3977499999999998	0.0
1.4024999999999999	0.0
1.40725	0.0
1.412	0.0
1.41675	0.0
1.4215	0.0
1.42625	0.0
1.431	0.0
1.43575	0.0
1.4405000000000001	0.0
1.44525	0.0
1.45	0.0
1.45475	0.0
1.4595	0.0
1.4642499999999998	0.0
1.4689999999999999	0.0
1.47375	0.0
1.4785	0.0
1.48325	0.0
1.488	0.0
1.49275	0.0
1.4975	0.0
1.50225	0.0
1.507	0.0
1.51175	0.0
1.5165	0.0
1.52125	0.0
1.526	0.0
1.53075	0.0
1.5354999999999999	0.0
1.54025	0.0
1.545	0.0
1.54975	0.0
1.5545	0.0
1.55925	0.0
1.564	0.0
1.5687499999999999	0.0
1.5735	0.0
1.57825	0.0
1.583	0.0
1.58775	0.0
1.5925	0.0
1.59725	0.0
1.6019999999999999	0.0
1.60675	0.0
1.6115	0.0
1.61625	0.0
1.621	0.0
1.62575	0.0
1.6305	0.0
1.6352499999999999	0.0
1.64	0.0
1.64475	0.0
1.6495	0.0
1.65425	0.0
1.659	0.0
1.66375	0.0
1.6684999999999999	0.0
1.67325	0.0
1.678	0.0
1.68275	0.0
1.6875	0.0
1.69225	0.0
1.697	0.0
1.7017499999999999	0.0
1.7065	0.0
1.71125	0.0
1.716	0.0
1.72075	0.0
1.7255	0.0
1.73025	0.0
1.7349999999999999	0.0
1.73975	0.0
1.7445	0.0
1.74925	0.0
1.754	0.0
1.75875	0.0
1.7635	0.0
1.7682499999999999	0.0
1.773	0.0
1.77775	0.0
1.7825	0.0
1.78725	0.0
1.792	0.0
1.79675	0.0
1.8014999999999999	0.0
1.80625	0.0
1.811	0.0
1.81575	0.0
1.8205	0.0
1.82525	0.0
1.83	0.0
1.8347499999999999	0.0
1.8395	0.0
1.84425	0.0
1.849	0.0
1.85375	0.0
1.8585	0.0
1.86325	0.0
1.8679999999999999	0.0
1.87275	0.0
1.8775	0.0
1.88225	0.0
1.887	0.0
1.89175	0.0
1.8965	0.0
1.9012499999999999	0.0
1.906	0.0
1.91075	0.0
1.9155	0.0
1.92025	0.0
1.925	0.0
1.9297499999999999	0.0
1.9344999999999999	0.0
1.93925	0.0
1.944	0.0
1.94875	0.0
1.9535	0.0
1.95825	0.0
1.9629999999999999	0.0
1.9677499999999999	0.0
1.9725	0.0
1.97725	0.0
1.982	0.0
1.98675	0.0
1.9915	0.0
1.9962499999999999	0.0
2.001	0.0
2.00575	0.0
2.0105	0.0
2.01525	0.0
2.02	0.0
2.02475	0.0
2.0294999999999996	0.0
2.03425	0.0
2.0389999999999997	0.0
2.04375	0.0
2.0484999999999998	0.0
2.0532500000000002	0.0
2.058	0.0
2.06275	0.0
2.0675	0.0
2.07225	0.0
2.077	0.0
2.08175	0.0
2.0865	0.0
2.09125	0.0
2.096	0.0
2.1007499999999997	0.0
2.1055	0.0
2.1102499999999997	0.0
2.115	0.0
2.11975	0.0
2.1245000000000003	0.0
2.12925	0.0
2.134	0.0
2.13875	0.0
2.1435	0.0
2.14825	0.0
2.153	0.0
2.15775	0.0
2.1624999999999996	0.0
2.16725	0.0
2.1719999999999997	0.0
2.17675	0.0
2.1814999999999998	0.0
2.1862500000000002	0.0
2.191	0.0
2.19575	0.0
2.2005	0.0
2.20525	0.0
2.21	0.0
2.21475	0.0
2.2195	0.0
2.22425	0.0
2.229	0.0
2.2337499999999997	0.0
2.2385	0.0
2.2432499999999997	0.0
2.248	0.0
2.25275	0.0
2.2575000000000003	0.0
2.26225	0.0
2.267	0.0
2.27175	0.0
2.2765	0.0
2.28125	0.0
2.286	0.0
2.29075	0.0
2.2954999999999997	0.0
2.30025	0.0
2.3049999999999997	0.0
2.30975	0.0
2.3145	0.0
2.3192500000000003	0.0
2.324	0.0
2.32875	0.0
2.3335	0.0
2.33825	0.0
2.343	0.0
2.34775	0.0
2.3525	0.0
2.3572499999999996	0.0
2.362	0.0
2.3667499999999997	0.0
2.3715	0.0
2.3762499999999998	0.0
2.3810000000000002	0.0
2.38575	0.0
2.3905	0.0
2.39525	0.0
2.4	0.0
2.40475	0.0
2.4095	0.0
2.41425	0.0
2.419	0.0
2.42375	0.0
2.4284999999999997	0.0
2.43325	0.0
2.4379999999999997	0.0
2.44275	0.0
2.4475	0.0
2.4522500000000003	0.0
2.457	0.0
2.46175	0.0
2.4665	0.0
2.47125	0.0
2.476	0.0
2.48075	0.0
2.4855	0.0
2.4902499999999996	0.0
2.495	0.0
2.4997499999999997	0.0
2.5045	0.0
2.5092499999999998	0.0
2.514	0.0
2.51875	0.0
2.5235	0.0
2.52825	0.0
2.533	0.0
2.53775	0.0
2.5425	0.0
2.54725	0.0
2.552	0.0
2.55675	0.0
2.5615	0.0
2.56625	0.0
2.5709999999999997	0.0
2.5757499999999998	0.0
2.5805	0.0
2.58525	0.0
2.59	0.0
2.59475	0.0
2.5995	0.0
2.60425	0.0
2.609	0.0
2.61375	0.0
2.6185	0.0
2.62325	0.0
2.628	0.0
2.63275	0.0
2.6374999999999997	0.0
2.6422499999999998	0.0
2.647	0.0
2.65175	0.0
2.6565	0.0
2.66125	0.0
2.666	0.0
2.67075	0.0
2.6755	0.0
2.68025	0.0
2.685	0.0
2.68975	0.0
2.6945	0.0
2.69925	0.0
2.7039999999999997	0.0
2.7087499999999998	0.0
2.7135	0.0
2.71825	0.0
2.723	0.0
2.72775	0.0
2.7325	0.0
2.73725	0.0
2.742	0.0
2.74675	0.0
2.7515	0.0
2.75625	0.0
2.761	0.0
2.76575	0.0
2.7704999999999997	0.0
2.7752499999999998	0.0
2.78	0.0
2.78475	0.0
2.7895	0.0
2.79425	0.0
2.799	0.0
2.80375	0.0
2.8085	0.0
2.81325	0.0
2.818	0.0
2.82275	0.0
2.8275	0.0
2.83225	0.0
2.8369999999999997	0.0
2.8417499999999998	0.0
2.8465	0.0
2.85125	0.0
2.856	0.0
2.86075	0.0
2.8655	0.0
2.87025	0.0
2.875	0.0
2.87975	0.0
2.8845	0.0
2.88925	0.0
2.894	0.0
2.89875	0.0
2.9034999999999997	0.0
2.90825	0.0
2.913	0.0
2.91775	0.0
2.9225	0.0
2.92725	0.0
2.932	0.0
2.93675	0.0
2.9415	0.0
2.94625	0.0
2.951	0.0
2.95575	0.0
2.9605	0.0
2.9652499999999997	0.0
2.9699999999999998	0.0
2.97475	0.0
2.9795	0.0
2.98425	0.0
2.989	0.0
2.99375	0.0
2.9985	0.0
3.00325	0.0
3.008	0.0
3.01275	0.0
3.0175	0.0
3.02225	0.0
3.027	0.0
3.0317499999999997	0.0
3.0364999999999998	0.0
3.04125	0.0
3.046	0.0
3.05075	0.0
3.0555	0.0
3.06025	0.0
3.065	0.0
3.06975	0.0
3.0745	0.0
3.07925	0.0
3.084	0.0
3.08875	0.0
3.0935	0.0
3.0982499999999997	0.0
3.1029999999999998	0.0
3.10775	0.0
3.1125	0.0
3.11725	0.0
3.122	0.0
3.12675	1.8e-322
3.1315	3.0494e-320
3.13625	5.193346e-318
3.141	8.6872175e-316
3.14575	1.4271685013e-313
3.1505	2.302665180793e-311
3.15525	3.648776990480255e-309
3.16	5.678384960471386e-307
3.1647499999999997	8.678872885741366e-305
3.1694999999999998	1.3027551778922242e-302
3.17425	1.9205396291458802e-300
3.179	2.7806397229791277e-298
3.18375	3.9539134347325447e-296
3.1885	5.521671627056002e-294
3.19325	7.573122451201164e-292
3.198	1.0200944085991901e-289
3.20275	1.349480892563664e-287
3.2075	1.7532913772796208e-285
3.21225	2.237187781640946e-283
3.217	2.803572331034751e-281
3.22175	3.4505003534840504e-279
3.2265	4.170742445866127e-277
3.2312499999999997	4.9511450771540526e-275
3.2359999999999998	5.772433214360849e-273
3.24075	6.609569390416968e-271
3.2455	7.43273074325509e-269
3.25025	8.20889345795188e-267
3.255	8.903931747831229e-265
3.25975	9.48505842048515e-263
3.2645	9.923369953182608e-261
3.26925	1.0196223336934776e-258
3.274	1.0289173281183862e-256
3.27875	1.0197239217119938e-254
3.2835	9.92534744166666e-253
3.28825	9.48789377706595e-251
3.293	8.907480779449455e-249
3.2977499999999997	8.212983655775719e-247
3.3024999999999998	7.437175121129002e-245
3.30725	6.614180486466865e-243
3.312	5.7770358172204756e-241
3.31675	4.955586523270845e-239
3.3215	4.174899744715733e-237
3.32625	3.4542838581369945e-235
3.331	2.8069261078677393e-233
3.33575	2.240087184605753e-231
3.3405	1.755738560910621e-229
3.34525	1.351499091924781e-227
3.35	1.021721785153738e-225
3.35475	7.585959738045932e-224
3.3594999999999997	5.5315825492315875e-222
3.3642499999999997	3.961405014076776e-220
3.3689999999999998	2.786185839441176e-218
3.37375	1.9245619663487867e-216
3.3785	1.3056137097623007e-214
3.38325	8.698782844268187e-213
3.388	5.6919786362560735e-211
3.39275	3.6578763286615594e-209
3.3975	2.308637572199965e-207
3.40225	1.4310126907209637e-205
3.407	8.711485051849776e-204
3.41175	5.208370745066074e-202
3.4165	3.058247085636734e-200
3.42125	1.7636168310029998e-198
3.4259999999999997	9.98842202781618e-197
3.4307499999999997	5.555850068532345e-195
3.4354999999999998	3.0350450049012254e-193
3.44025	1.6283236777033638e-191
3.445	8.579803181798545e-190
3.44975	4.43991746836133e-188
3.4545	2.2564902108537272e-186
3.45925	1.126297175262088e-184
3.464	5.521200525215249e-183
3.46875	2.6581227408086427e-181
3.4735	1.2568328571516036e-179
3.47825	5.83634566171349e-178
3.483	2.661739009453377e-176
3.48775	1.19220494328192e-174
3.4924999999999997	5.2444186308191964e-173
3.4972499999999997	2.2657123372328687e-171
3.502	9.613314975949503e-170
3.50675	4.0059226486517414e-168
3.5115	1.6394301995976428e-166
3.51625	6.589375961075538e-165
3.521	2.6010974788450045e-163
3.52575	1.0083933051473383e-161
3.5305	3.839407985345446e-160
3.53525	1.4356863079260167e-158
3.54	5.2724908884863105e-157
3.54475	1.901661008484793e-155
3.5495	6.736143810601798e-154
3.55425	2.343422435882379e-152
3.5589999999999997	8.00664920655506e-151
3.5637499999999998	2.6866556337479066e-149
3.5685	8.853891397436476e-148
3.57325	2.8656118349242413e-146
3.578	9.108807379094222e-145
3.58275	2.8435879097755323e-143
3.5875	8.718319577417458e-142
3.59225	2.625184880815415e-140
3.597	7.763328955808962e-139
3.60175	2.2547431079263345e-137
3.6065	6.4314238504457595e-136
3.61125	1.801682168206676e-134
3.616	4.956900634726778e-133
3.62075	1.339378214715851e-131
3.6254999999999997	3.5543257911943162e-130
3.6302499999999998	9.26343843876059e-129
3.635	2.3710908308240627e-127
3.63975	5.960533690376963e-126
3.6445	1.471577326051782e-124
3.64925	3.568141041309255e-123
3.654	8.49692769454274e-122
3.65875	1.9872056669308497e-120
3.6635	4.5644105022262556e-119
3.66825	1.029645105897873e-117
3.673	2.281137204430918e-116
3.67775	4.9633653046061e-115
3.6825	1.060625484180531e-113
3.68725	2.2259164545873735e-112
3.6919999999999997	4.587928557393239e-111
3.6967499999999998	9.28721324808044e-110
3.7015	1.84635485830428e-108
3.70625	3.605005352743223e-107
3.711	6.912858047077951e-106
3.71575	1.3018781811764363e-104
3.7205	2.407931026534452e-103
3.72525	4.373999424040306e-102
3.73	7.803229586738096e-101
3.73475	1.367196799081197e-99
3.7395	2.3526031032137318e-98
3.74425	3.9758252062069935e-97
3.749	6.598829155494504e-96
3.7537499999999997	1.0756413051360977e-94
3.7584999999999997	1.7219837230862805e-93
3.7632499999999998	2.707394844753694e-92
3.768	4.180566516606631e-91
3.77275	6.339859926847694e-90
3.7775	9.442460398704694e-89
3.78225	1.3811844051413436e-87
3.787	1.9841712143045577e-86
3.79175	2.799417079676767e-85
3.7965	3.8789756718646183e-84
3.80125	5.278706167678466e-83
3.806	7.055030656799227e-82
3.81075	9.260433276679353e-81
3.8155	1.1937810843424774e-79
3.8202499999999997	1.5113987683830343e-78
3.8249999999999997	1.8792926681975837e-77
3.8297499999999998	2.2949369554229288e-76
3.8345	2.752378039764258e-75
3.83925	3.24195060341535e-74
3.844	3.750297213403153e-73
3.84875	4.2607491462817347e-72
3.8535	4.754088134381998e-71
3.85825	5.209661147419049e-70
3.863	5.606769583003433e-69
3.86775	5.92620847814047e-68
3.8725	6.151798854922543e-67
3.87725	6.271743855137567e-66
3.882	6.27965064902695e-65
3.8867499999999997	6.175094936962114e-64
3.8914999999999997	5.963658671596058e-63
3.8962499999999998	5.656436333227856e-62
3.901	5.269070534432872e-61
3.90575	4.8204336111055414e-60
3.9105	4.331109703887105e-59
3.91525	3.8218465613240965e-58
3.92	3.31213701802677e-57
3.92475	2.8190600473647993e-56
3.9295	2.3564668972392495e-55
3.93425	1.9345472637085937e-54
3.939	1.5597619818264833e-53
3.94375	1.2350891341474408e-52
3.9485	9.605041730490295e-52
3.9532499999999997	7.336031639692761e-51
3.9579999999999997	5.502804959573309e-50
3.9627499999999998	4.053853304051649e-49
3.9675	2.933005804127309e-48
3.97225	2.084101184851098e-47
3.977	1.4544060190015572e-46
3.98175	9.968125805574591e-46
3.9865	6.709688253477923e-45
3.99125	4.4355977947308874e-44
3.996	2.8798041948228413e-43
4.00075	1.8362624175501232e-42
4.0055	1.1499197047024295e-41
4.01025	7.072309708080068e-41
4.015000000000001	4.2718501549144835e-40
4.01975	2.5341465962740036e-39
4.0245	1.4764149807876272e-38
4.029249999999999	8.447848883472402e-38
4.034	4.747279636889901e-37
4.03875	2.6200192182856462e-36
4.0435	1.4201202625667596e-35
4.0482499999999995	7.559738200098996e-35
4.053	3.952295174425276e-34
4.05775	2.0293313894282315e-33
4.0625	1.0233343649176436e-32
4.06725	5.068076114503471e-32
4.072	2.465072424007924e-31
4.0767500000000005	1.1775442137142748e-30
4.0815	5.5244080147149935e-30
4.08625	2.545395401574353e-29
4.090999999999999	1.151823005046475e-28
4.09575	5.118906842939333e-28
4.1005	2.234239308566952e-27
4.10525	9.577300966585199e-27
4.109999999999999	4.031972551285033e-26
4.11475	1.6670667251213304e-25
4.1195	6.769387634557802e-25
4.12425	2.699645686132694e-24
4.129	1.0573655073578432e-23
4.13375	4.0672839561469105e-23
4.1385000000000005	1.536543404378927e-22
4.14325	5.700935881233283e-22
4.148	2.077344214762892e-21
4.152749999999999	7.434157499757132e-21
4.1575	2.6128593682736058e-20
4.16225	9.019060444469746e-20
4.167	3.057507593284685e-19
4.171749999999999	1.0179695225015181e-18
4.1765	3.328610597966971e-18
4.18125	1.0689372024131407e-17
4.186	3.371338633386871e-17
4.1907499999999995	1.0442717923604086e-16
4.1955	3.176769478258158e-16
4.2002500000000005	9.491150072312345e-16
4.205	2.7849215385074247e-15
4.20975	8.025425585688676e-15
4.214499999999999	2.2713505422229294e-14
4.21925	6.313370001346898e-14
4.224	1.7234524443476138e-13
4.22875	4.620599756565051e-13
4.233499999999999	1.2166296102239582e-12
4.23825	3.1461498050009904e-12
4.243	7.990268958587728e-12
4.24775	1.9929866208120764e-11
4.2524999999999995	4.882118908160195e-11
4.25725	1.1745548621850895e-10
4.2620000000000005	2.7752316886661304e-10
4.26675	6.440004475853505e-10
4.2715	1.4676891280454648e-09
4.27625	3.285057455788821e-09
4.281	7.2212577557485935e-09
4.28575	1.558991361699436e-08
4.2905	3.305487774117498e-08
4.295249999999999	6.883168261946722e-08
4.3	1.4076743650174748e-07
4.30475	2.827333259138277e-07
4.3095	5.577155928043464e-07
4.3142499999999995	1.0804621466240915e-06
4.319	2.055735852951269e-06
4.32375	3.841369190787846e-06
4.3285	7.049621046769069e-06
4.33325	1.2705930629288766e-05
4.338	2.249096927639535e-05
4.3427500000000006	3.9099468093351996e-05
4.3475	6.67566463525446e-05
4.35225	0.00011193841602493378
4.356999999999999	0.00018434220925118525
4.36175	0.0002981476588098709
4.3665	0.0004735861614104994
4.37125	0.0007388011930322233
4.3759999999999994	0.0011319237107345827
4.38075	0.0017032080894848905
4.3855	0.002516977014893296
4.39025	0.00365301766723969
4.395	0.005206972454965819
4.39975	0.007289198422152518
4.4045000000000005	0.010021558115994743
4.40925	0.013531679745295453
4.414	0.01794440889365493
4.418749999999999	0.023370477585206915
4.4235	0.029892827963010127
4.42825	0.03755150976399327
4.433	0.04632855845231246
4.437749999999999	0.05613466769611103
4.4425	0.06679969964271794
4.44725	0.078069041621202
4.452	0.0896074607815896
4.4567499999999995	0.10101142044542488
4.4615	0.11182985720726062
4.4662500000000005	0.12159229258375816
4.471	0.12984203343492529
4.47575	0.13617129076556603
4.480499999999999	0.14025449364877446
4.48525	0.1418760209262888
4.49	0.14094906502619908
4.49475	0.13752333119987578
4.499499999999999	0.13178062182916095
4.50425	0.12401885173442977
4.509	0.11462645042685712
4.51375	0.10405021135972192
4.5184999999999995	0.09276028493862787
4.52325	0.08121610656147797
4.528	0.06983662489836051
4.53275	0.05897735662157497
4.5375	0.048915708600375016
4.54225	0.039844866810989796
4.547	0.0318755285137931
4.55175	0.02504398262655556
4.5565	0.019324593980073353
4.56125	0.014644628078637348
4.566	0.010899518175396543
4.57075	0.007967044406331399
4.5755	0.005719369569333044
4.5802499999999995	0.004032367144011178
4.585	0.0027921127970287635
4.5897499999999996	0.001898745840295569
4.5945	0.001268123925350818
4.59925	0.0008317973680553423
4.604	0.0005358390644789565
4.60875	0.00033900974834541583
4.6135	0.00021064491807172128
4.61825	0.00012854369213379825
4.623	7.703915993409101e-05
4.62775	4.534540566945853e-05
4.6325	2.6212957855640815e-05
4.63725	1.4881946933458416e-05
4.6419999999999995	8.29782857535972e-06
4.64675	4.543914490582481e-06
4.6514999999999995	2.4437502893318584e-06
4.65625	1.2907569937806884e-06
4.661	6.695655988144354e-07
4.66575	3.4111652761830263e-07
4.6705	1.7067636179155713e-07
4.67525	8.386967803492095e-08
4.68	4.0475997420173314e-08
4.68475	1.9184528408401245e-08
4.6895	8.930292437658423e-09
4.69425	4.082641241706287e-09
4.699	1.833064473742788e-09
4.70375	8.083049665115978e-10
4.7085	3.5005294732462013e-10
4.7132499999999995	1.4888577796306165e-10
4.718	6.219187853930129e-11
4.72275	2.5513798440104197e-11
4.7275	1.027963158255966e-11
4.73225	4.0676255290602875e-12
4.737	1.5807579087583245e-12
4.74175	6.033242016524925e-13
4.7465	2.261502723233593e-13
4.75125	8.325387714551574e-14
4.756	3.01004373062008e-14
4.76075	1.0688139835228362e-14
4.7655	3.727283559445792e-15
4.77025	1.2765673274429374e-15
4.7749999999999995	4.2939402864715505e-16
4.77975	1.4184997415803042e-16
4.7844999999999995	4.602178995829953e-17
4.78925	1.4664212168194938e-17
4.794	4.5889671596920234e-18
4.79875	1.4103670350709967e-18
4.8035	4.2570654954058255e-19
4.80825	1.2619713629599366e-19
4.813	3.674088832044948e-20
4.81775	1.0505356375162554e-20
4.8225	2.9500740096644783e-21
4.82725	8.136095129162178e-22
4.832	2.20373875280046e-22
4.83675	5.862261461336933e-23
4.8415	1.5315502290558782e-23
4.8462499999999995	3.929689979087331e-24
4.851	9.902533465764067e-25
4.85575	2.4507292419301415e-25
4.8605	5.956694558977415e-26
4.86525	1.4219237709669056e-26
4.87	3.333560046699954e-27
4.87475	7.675403834923976e-28
4.8795	1.7356221014013553e-28
4.88425	3.8545181358278294e-29
4.889	8.407095864323398e-30
4.89375	1.8008721854250895e-30
4.8985	3.788617542346541e-31
4.90325	7.827798286464276e-32
4.9079999999999995	1.5883985080460627e-32
4.91275	3.1654852899093494e-33
4.9174999999999995	6.19558205936588e-34
4.92225	1.190926370616462e-34
4.927	2.2482711879745793e-35
4.93175	4.168439115754479e-36
4.9365	7.590304779200304e-37
4.94125	1.3573940826665002e-37
4.946	2.3840407423231084e-38
4.95075	4.112277173761535e-39
4.9555	6.96645874711652e-40
4.96025	1.1590515309670177e-40
4.965	1.8938884905778836e-41
4.9697499999999994	3.0392543658257504e-42
4.9745	4.790056965437876e-43
4.9792499999999995	7.414387704459878e-44
4.984	1.1271219050139227e-44
4.98875	1.6827805085706915e-45
4.9935	2.467431136475046e-46
4.99825	3.5532323899622904e-47
5.003	5.025326101450954e-48
5.00775	6.981148305558942e-49
5.0125	9.600174449794252e-50
5.01725	1.8674002960479377e-50
5.022	4.562620637200676e-50
5.02675	3.207913686250708e-49
5.0315	2.296614962500679e-48
5.03625	1.6158391450251634e-47
5.0409999999999995	1.1165394380399674e-46
5.04575	7.577240709579039e-46
5.0504999999999995	5.050205915686111e-45
5.05525	3.3057352841215115e-44
5.06	2.125142442405572e-43
5.06475	1.3417419586231205e-42
5.0695	8.319762750453821e-42
5.07425	5.066567901464998e-41
5.079	3.0302452379645107e-40
5.08375	1.779928971532089e-39
5.0885	1.0268063629608155e-38
5.09325	5.817486914629492e-38
5.098	3.2370042046774007e-37
5.1027499999999995	1.7689359027095077e-36
5.1075	9.493840129628046e-36
5.1122499999999995	5.004177621598818e-35
5.117	2.5905054080141246e-34
5.12175	1.3170348735003054e-33
5.1265	6.57613970305336e-33
5.13125	3.224822174106796e-32
5.136	1.5531074274512564e-31
5.14075	7.346123182611099e-31
5.1455	3.412525465591821e-30
5.15025	1.5568779937166235e-29
5.155	6.97580358181452e-29
5.15975	3.0696926326828596e-28
5.1645	1.3266504990995642e-27
5.16925	5.630917211805282e-27
5.1739999999999995	2.347268357432366e-26
5.17875	9.60964470535269e-26
5.1834999999999996	3.8637845555760016e-25
5.18825	1.5257362263859687e-24
5.193	5.917073970469369e-24
5.19775	2.2536969843866078e-23
5.2025	8.430338892436366e-23
5.20725	3.097102134501354e-22
5.212	1.1174471864944954e-21
5.21675	3.959674345822004e-21
5.2215	1.3780117411552632e-20
5.22625	4.7098529794512256e-20
5.231	1.5809668653789154e-19
5.2357499999999995	5.21193714746589e-19
5.2405	1.687471925691812e-18
5.2452499999999995	5.365805512830754e-18
5.25	1.6756923346627953e-17
5.25475	5.139426071569275e-17
5.2595	1.5480890835288833e-16
5.26425	4.579712947808434e-16
5.269	1.3305817172709009e-15
5.27375	3.7966960500414076e-15
5.2785	1.0639741920391256e-14
5.28325	2.9283119625866764e-14
5.288	7.915248864888586e-14
5.29275	2.1012261221361361e-13
5.2975	5.47825183595664e-13
5.30225	1.4027238437058701e-12
5.3069999999999995	3.527470172608684e-12
5.31175	8.711952636505701e-12
5.3165	2.113141823839871e-11
5.32125	5.0338789807100974e-11
5.326	1.1777086904938705e-10
5.33075	2.70603851557888e-10
5.3355	6.106481591480685e-10
5.34025	1.3533468465791705e-09
5.345	2.9456976145478226e-09
5.34975	6.296920283923393e-09
5.3545	1.3219931727193045e-08
5.35925	2.725782593225967e-08
5.364	5.519683805624627e-08
5.3687499999999995	1.0977366663756635e-07
5.3735	2.144090566308087e-07
5.3782499999999995	4.112908671093141e-07
5.383	7.74847061634377e-07
5.38775	1.433652510621556e-06
5.3925	2.605150354167745e-06
5.39725	4.649247558226119e-06
5.402	8.148797668810734e-06
5.40675	1.4027018899052238e-05
5.4115	2.3713639550761652e-05
5.41625	3.937241290828026e-05
5.421	6.420174500376673e-05
5.42575	0.0001028164532280196
5.430499999999999	0.00016171093524935606
5.43525	0.0002497912055408975
5.4399999999999995	0.00037894474051837544
5.44475	0.0005645931544082924
5.4495	0.0008261450728341942
5.45425	0.001187238606777798
5.459	0.0016756398831018582
5.46375	0.002322653105134765
5.4685	0.0031619063217657364
5.47325	0.004227412535188759
5.478	0.005550872441596946
5.48275	0.0071582827447557295
5.4875	0.009066035897530156
5.49225	0.011276829254411588
5.497	0.013775823177950662
5.5017499999999995	0.016527573578325835
5.5065	0.019474289571415896
5.5112499999999995	0.022535911693180293
5.516	0.025612361655056117
5.52075	0.028588087557485015
5.5255	0.031338742512777754
5.53025	0.03373952882324482
5.535	0.03567446304994303
5.53975	0.03704561948010603
5.5445	0.037781331769751327
5.54925	0.03784239791917174
5.554	0.037225541018059666
5.55875	0.03596370057267242
5.5634999999999994	0.03412311837101211
5.56825	0.031797577685438255
5.5729999999999995	0.029100492992379344
5.57775	0.02615577793905041
5.5825	0.02308851090285774
5.58725	0.02001636432131996
5.592	0.017042585030492812
5.59675	0.01425104662936175
5.6015	0.011703590532520269
5.60625	0.009439579625495761
5.611	0.007477348618610945
5.61575	0.005817075011700027
5.6205	0.004444523652460973
5.62525	0.0033351299257695665
5.63	0.002457963492701992
5.6347499999999995	0.0017792316367666696
5.6395	0.0012651132397712365
5.6442499999999995	0.0008838394036630877
5.649	0.0006070393792832581
5.65375	0.0004104427322068251
5.6585	0.00027406926370043393
5.66325	0.00018205086711924908
5.668	0.0001222209764846047
5.67275	8.55853007216695e-05
5.6775	6.575935399210549e-05
5.68225	5.842964135429508e-05
5.687	6.087014969998715e-05
5.69175	7.152615999052176e-05
5.6964999999999995	8.966402372617778e-05
5.70125	0.00011507809967852311
5.7059999999999995	0.00014784357664246757
5.71075	0.00018810516583253728
5.7155	0.00023589529563486884
5.72025	0.00029098018074474625
5.725	0.00035273677657623873
5.72975	0.00042006714776771347
5.7345	0.0004913583942801874
5.73925	0.0005644955247069703
5.744	0.0006369314703174949
5.74875	0.0007058131560060808
5.7535	0.0007681559642011037
5.75825	0.000821052145481271
5.763	0.0008618929947986455
5.7677499999999995	0.0008885810968709755
5.7725	0.0008997085059200842
5.7772499999999996	0.0008946797123665169
5.782	0.0008737644008079318
5.78675	0.0008380734688342408
5.7915	0.0007894612615488786
5.79625	0.000730365989666357
5.801	0.0006636074359347328
5.80575	0.0005921652671953478
5.8105	0.0005189620522246307
5.81525	0.0004466725444259738
5.82	0.0003775755810445694
5.82475	0.0003134581202184618
5.8294999999999995	0.0002555736849890964
5.83425	0.0002046509332852876
5.8389999999999995	0.0001609430801968408
5.84375	0.00012430593730740442
5.8485	9.429147318402303e-05
5.85325	7.024476341669241e-05
5.858	5.139447946685183e-05
5.86275	3.693005666764426e-05
5.8675	2.6061803196197815e-05
5.87225	1.8063002098448354e-05
5.877	1.2295222389743556e-05
5.88175	8.21947027305523e-06
5.8865	5.3965009068334936e-06
5.891249999999999	3.479698887019972e-06
5.896	2.203596422916346e-06
5.9007499999999995	1.3705138785257163e-06
5.9055	8.37135581390664e-07
5.91025	5.021912595778306e-07
5.915	2.95871737839963e-07
5.91975	1.7119804466728268e-07
5.9245	9.728706512787909e-08
5.92925	5.429656918279255e-08
5.934	2.9761215195292254e-08
5.93875	1.6021010904566917e-08
5.9435	8.470131570973089e-09
5.94825	4.397961078636849e-09
5.953	2.2427124361564037e-09
5.95775	1.1231992003009866e-09
5.9624999999999995	5.524601594994384e-10
5.96725	2.6687391577064866e-10
5.9719999999999995	1.2661124404513512e-10
5.97675	5.89928541983537e-11
5.9815	2.69952607086662e-11
5.98625	1.2132118062673611e-11
5.991	5.354842658428986e-12
5.99575	2.3212279194551598e-12
6.0005	9.882113582968017e-13
6.00525	4.1318341573481097e-13
6.01	1.6966681468194405e-13
6.01475	6.842454465666891e-14
6.0195	2.7101161866540157e-14
6.024249999999999	1.0542045560912079e-14
6.029	4.027382254543453e-15
6.0337499999999995	1.511060315760811e-15
6.0385	5.568032128747706e-16
6.04325	2.0150352585087585e-16
6.048	7.161838961966494e-17
6.05275	2.4999276370089704e-17
6.0575	8.570206939229586e-18
6.06225	2.8854673481090403e-18
6.067	9.541178136684706e-19
6.07175	3.0984809406486403e-19
6.0765	9.882268248724892e-20
6.08125	3.0954616818591376e-20
6.086	9.522592738786139e-21
6.09075	2.877040490220657e-21
6.0954999999999995	8.536851399449607e-22
6.10025	2.4877713044752977e-22
6.1049999999999995	7.120068486179959e-23
6.10975	2.001330769866908e-23
6.1145	5.524774528319487e-24
6.11925	1.4978600216191943e-24
6.124	3.9883097923409026e-25
6.12875	1.042959693201535e-25
6.1335	2.6785955889771037e-26
6.13825	6.756281847643964e-27
6.143	1.673668152573325e-27
6.14775	4.071851496643711e-28
6.1525	9.729163314252317e-29
6.1572499999999994	2.2830742777908965e-29
6.162	5.261693826615508e-30
6.1667499999999995	1.1909460546484232e-30
6.1715	2.6474001638153585e-31
6.17625	5.779737007228087e-32
6.181	1.2392460632198478e-32
6.18575	2.6095643042536825e-33
6.1905	5.3968387590511695e-34
6.19525	1.0961547427033404e-34
6.2	2.1865795206916018e-35
6.20475	4.2837061300794634e-36
6.2095	8.242046264313116e-37
6.21425	1.5574403091156224e-37
6.218999999999999	2.89033883481915e-38
6.22375	5.26801605818811e-39
6.2284999999999995	9.42988522323262e-40
6.23325	1.6577792825141098e-40
6.2379999999999995	2.862252831608686e-41
6.24275	4.853446694009485e-42
6.2475	8.082645272010843e-43
6.25225	1.3219583083129127e-43
6.257	2.1234546134901215e-44
6.26175	3.349879550419462e-45
6.2665	5.190107879985388e-46
6.27125	7.897407776580915e-47
6.276	1.1801948784614675e-47
6.28075	1.7321435176190047e-48
6.2855	2.4967496902210156e-49
6.2902499999999995	3.534492960815411e-50
6.295	4.91405736616094e-51
6.2997499999999995	6.709873115548544e-52
6.3045	8.998070217294934e-53
6.30925	1.1850738982611277e-53
6.314	1.5328599318182246e-54
6.31875	1.94724454617838e-55
6.3235	2.429402671715597e-56
6.32825	2.976730367420593e-57
6.333	3.5821228481431694e-58
6.33775	4.233528017008349e-59
6.3425	4.9138894898225894e-60
6.34725	5.6015641878449145e-61
6.351999999999999	6.271251719418106e-62
6.35675	6.895410628366226e-63
6.3614999999999995	7.446068365975304e-64
6.36625	7.896868195885212e-65
6.3709999999999996	8.225148432285783e-66
6.37575	8.413827100745569e-67
6.3805	8.452874228819681e-68
6.38525	8.340195204807746e-69
6.39	8.081816930928756e-70
6.39475	7.691353746928717e-71
6.3995	7.188818989941592e-72
6.40425	6.59892656359431e-73
6.409	5.949082981475909e-74
6.41375	5.267296221312034e-75
6.4185	4.580221103835344e-76
6.4232499999999995	3.9115251657280925e-77
6.428	3.2807021148545677e-78
6.4327499999999995	2.702392662503065e-79
6.4375	2.1862060514229546e-80
6.44225	1.7369795914448378e-81
6.447	1.3553745419664998e-82
6.45175	1.0386875280032727e-83
6.4565	7.817564881640563e-85
6.46125	5.778552407850042e-86
6.466	4.194957865306727e-87
6.47075	2.99086723002885e-88
6.4755	2.094245785908341e-89
6.48025	1.440187876435084e-90
6.484999999999999	9.726836946937143e-92
6.48975	6.45186253220536e-93
6.4944999999999995	4.203001642438062e-94
6.49925	2.6890259826082028e-95
6.504	1.68962926118331e-96
6.50875	1.0426746866468925e-97
6.5135	6.319274528468533e-99
6.51825	3.7613747093286076e-100
6.523	2.1988062462593885e-101
6.52775	1.2623747770492254e-102
6.5325	7.117879633166099e-104
6.53725	3.9416127608990295e-105
6.542	2.1436716062038566e-106
6.54675	1.1449948689417399e-107
6.5515	6.006338580674751e-109
6.5562499999999995	3.094404358243889e-110
6.561	1.565688287611426e-111
6.5657499999999995	7.780267445963523e-113
6.5705	3.797036168235279e-114
6.57525	1.8199352065811023e-115
6.58	8.566986915470281e-117
6.58475	3.9606025732692528e-118
6.5895	1.7982721220023899e-119
6.59425	8.018821433409845e-121
6.599	3.511774799730523e-122
6.60375	1.5104409735066037e-123
6.6085	6.380310919386178e-125
6.61325	2.646920589509605e-126
6.617999999999999	1.0784523623665005e-127
6.62275	4.3154094139200706e-129
6.6274999999999995	1.6959147903797202e-130
6.63225	6.545563425782595e-132
6.637	2.4811386145102087e-133
6.64175	9.236682270635385e-135
6.6465	3.377084801407698e-136
6.65125	1.212631686729432e-137
6.656	4.276385449040046e-139
6.66075	1.481104694465511e-140
6.6655	5.037970943842395e-142
6.67025	1.6830094051344185e-143
6.675	5.5217712613468566e-145
6.679749999999999	1.7792266124349433e-146
6.6845	5.630475903334281e-148
6.6892499999999995	1.749926980214295e-149
6.694	5.341407780102976e-151
6.6987499999999995	1.6012256071057247e-152
6.7035	4.714224966540759e-154
6.70825	1.3631042281281633e-155
6.713	3.870872002969979e-157
6.71775	1.0795668527485692e-158
6.7225	2.9569995373380966e-160
6.72725	7.954519600964172e-162
6.732	2.101539903505554e-163
6.73675	5.452834413627574e-165
6.7415	1.3895301138076384e-166
6.74625	3.4775597562882446e-168
6.7509999999999994	8.547561301323035e-170
6.75575	2.0633401615611226e-171
6.7604999999999995	4.891706858154747e-173
6.76525	1.1389666299059672e-174
6.77	2.6044892020494656e-176
6.77475	5.849181625026385e-178
6.7795	1.2901156316498998e-179
6.78425	2.794622506731025e-181
6.789	5.945366776957686e-183
6.79375	1.2422103290862906e-184
6.7985	2.5490162546641817e-186
6.80325	5.137017654641076e-188
6.808	1.0167413733494627e-189
6.812749999999999	1.9763821319099873e-191
6.8175	3.7730479635429755e-193
6.8222499999999995	7.074157387044616e-195
6.827	1.3026210567808248e-196
6.8317499999999995	2.3557134156667868e-198
6.8365	4.183962668034504e-200
6.84125	7.298172615381978e-202
6.846	1.2502631925002282e-203
6.85075	2.103535013240461e-205
6.8555	3.475834017051651e-207
6.86025	5.640651884085665e-209
6.865	8.99001778780941e-211
6.86975	1.407190157594222e-212
6.8745	2.1632465076101767e-214
6.87925	3.2660303658596105e-216
6.8839999999999995	4.842787467870469e-218
6.88875	7.0523131123255545e-220
6.8934999999999995	1.0086227203666772e-221
6.89825	1.416729353802199e-223
6.903	1.9543665567088506e-225
6.90775	2.6478058476376737e-227
6.9125	3.523118380557668e-229
6.91725	4.6039364473964153e-231
6.922	5.908706097249102e-233
6.92675	7.447601684056287e-235
6.9315	9.219374973233106e-237
6.93625	1.1208500133433418e-238
6.941	1.3383031745995995e-240
6.945749999999999	1.569359712776495e-242
6.9505	1.807388337646929e-244
6.9552499999999995	2.0442849729920148e-246
6.96	2.2708705674979637e-248
6.9647499999999996	2.4774466516988052e-250
6.9695	2.6544663592506464e-252
6.97425	2.793258473064274e-254
6.979	2.886728955627459e-256
6.98375	2.929961250405231e-258
6.9885	2.9206447123546733e-260
6.99325	2.859279213452203e-262
6.998	2.749130708723181e-264
7.00275	2.5959432596775903e-266
7.007499999999999	2.407442854029922e-268
7.01225	2.1926926601243624e-270
7.0169999999999995	1.9613744936586924e-272
7.02175	1.723075345305848e-274
7.0264999999999995	1.4866508996884457e-276
7.03125	1.259721994967577e-278
7.036	1.0483381999268256e-280
7.04075	8.568190121996156e-283
7.0455	6.877613444243304e-285
7.05025	5.421848964563635e-287
7.055	4.197764327708442e-289
7.05975	3.1919029233058267e-291
7.0645	2.3836488707955043e-293
7.06925	1.7482191454100126e-295
7.074	1.2592456164928745e-297
7.078749999999999	8.90811895982006e-300
7.0835	6.189029501822636e-302
7.0882499999999995	4.2229902854151294e-304
7.093	2.8299489186290333e-306
7.09775	1.8625077782906087e-308
7.1025	1.2038671900247e-310
7.10725	7.6422289843e-313
7.112	4.76455669e-315
7.11675	2.9173326e-317
7.1215	1.75433e-319
7.12625	1.04e-321
7.131	5e-324
7.13575	0.0
7.140499999999999	0.0
7.14525	0.0
7.1499999999999995	0.0
7.15475	0.0
7.1594999999999995	0.0
7.16425	0.0
7.169	0.0
7.17375	0.0
7.1785	0.0
7.18325	0.0
7.188	0.0
7.19275	0.0
7.1975	0.0
7.20225	0.0
7.207	0.0
7.211749999999999	0.0
7.2165	0.0
7.2212499999999995	0.0
7.226	0.0
7.23075	0.0
7.2355	0.0
7.24025	0.0
7.245	0.0
7.24975	0.0
7.2545	0.0
7.25925	0.0
7.264	0.0
7.26875	0.0
7.273499999999999	0.0
7.27825	0.0
7.2829999999999995	0.0
7.28775	0.0
7.2924999999999995	0.0
7.29725	0.0
7.302	0.0
7.30675	0.0
7.3115	0.0
7.31625	0.0
7.321	0.0
7.32575	0.0
7.3305	0.0
7.33525	0.0
7.34	0.0
7.3447499999999994	0.0
7.3495	0.0
7.3542499999999995	0.0
7.359	0.0
7.36375	0.0
7.3685	0.0
7.37325	0.0
7.378	0.0
7.38275	0.0
7.3875	0.0
7.39225	0.0
7.397	0.0
7.40175	0.0
7.406499999999999	0.0
7.41125	0.0
7.4159999999999995	0.0
7.42075	1.5e-323
7.4254999999999995	3.02e-321
7.43025	5.17766e-319
7.435	8.727092e-317
7.43975	1.44465702e-314
7.4445	2.348664223166e-312
7.44925	3.75005896884877e-310
7.454	5.880526971490107e-308
7.45875	9.056395497271073e-306
7.4635	1.3697947538742751e-303
7.468249999999999	2.0347759772347644e-301
7.473	2.9685111830187736e-299
7.4777499999999995	4.2532583337481634e-297
7.4825	5.9850229283650396e-295
7.4872499999999995	8.271244521468825e-293
7.492	1.1226306266051016e-290
7.49675	1.4964558100622315e-288
7.5015	1.9590787417566207e-286
7.50625	2.518841684991118e-284
7.511	3.180613049430774e-282
7.51575	3.9444075874047307e-280
7.5205	4.804118587521211e-278
7.52525	5.746542692404054e-276
7.53	6.75088236511881e-274
7.53475	7.788887443323472e-272
7.539499999999999	8.825743469640365e-270
7.54425	9.821733744096396e-268
7.5489999999999995	1.0734603261223111e-265
7.55375	1.1522449779825982e-263
7.5584999999999996	1.214687701773955e-261
7.56325	1.2576084001619685e-259
7.568	1.2787546008439725e-257
7.57275	1.276997284030927e-255
7.5775	1.2524307514988476e-253
7.58225	1.2063642427915081e-251
7.587	1.1412063358352497e-249
7.59175	1.0602563370140458e-247
7.5965	9.674278023775376e-246
7.601249999999999	8.669363961654813e-244
7.606	7.629865682611802e-242
7.6107499999999995	6.594889660847918e-240
7.6155	5.5983385673153845e-238
7.6202499999999995	4.667365050016422e-236
7.625	3.8216012009142504e-234
7.62975	3.073123009122477e-232
7.6345	2.427032033254596e-230
7.63925	1.8824873095095434e-228
7.644	1.4340014500725786e-226
7.64875	1.0728230809088718e-224
7.6535	7.882565913473287e-223
7.65825	5.688111462649325e-221
7.663	4.031155673340988e-219
7.66775	2.8057697343802653e-217
7.672499999999999	1.9179419890278193e-215
7.67725	1.2875968119319182e-213
7.6819999999999995	8.489562361498349e-212
7.68675	5.497328601801193e-210
7.6915	3.496061606000927e-208
7.69625	2.1835716190154014e-206
7.701	1.339420030906208e-204
7.70575	8.069137623259854e-203
7.7105	4.7741761667962e-201
7.71525	2.7741551282297147e-199
7.72	1.5831571611687355e-197
7.72475	8.873159766109907e-196
7.7295	4.884201329110687e-194
7.734249999999999	2.640400450860251e-192
7.739	1.4018676812601023e-190
7.7437499999999995	7.309795606801927e-189
7.7485	3.7433844172111623e-187
7.7532499999999995	1.8827151066199472e-185
7.758	9.299632168801195e-184
7.76275	4.511364518054738e-182
7.7675	2.149369354576484e-180
7.77225	1.005715561519986e-178
7.777	4.6216842580454184e-177
7.78175	2.0858657787916713e-175
7.7865	9.245564450882605e-174
7.79125	4.024773885216122e-172
7.795999999999999	1.7207212696027236e-170
7.80075	7.225044930434155e-169
7.805499999999999	2.9794188560047987e-167
7.81025	1.2066562212968014e-165
7.8149999999999995	4.799505960658504e-164
7.81975	1.874867146601455e-162
7.8245	7.192923595544197e-161
7.82925	2.7102002435863155e-159
7.834	1.0029015381324827e-157
7.83875	3.644820955951936e-156
7.8435	1.3009334663278355e-154
7.84825	4.5603162072618367e-153
7.853	1.5699861204311894e-151
7.85775	5.308326820265573e-150
7.8625	1.762708417627595e-148
7.867249999999999	5.748629087715434e-147
7.872	1.8412344084947427e-145
7.8767499999999995	5.791817397275848e-144
7.8815	1.7892936658346786e-142
7.8862499999999995	5.42886912992745e-141
7.891	1.6177004457566617e-139
7.89575	4.734213313245459e-138
7.9005	1.36068790439197e-136
7.90525	3.8408753291666315e-135
7.91	1.064787346886643e-133
7.91475	2.8990555511850955e-132
7.9195	7.751953832035204e-131
7.92425	2.0357610574045467e-129
7.928999999999999	5.250533234742452e-128
7.93375	1.3299674310220226e-126
7.9384999999999994	3.308564339424173e-125
7.94325	8.083494510762774e-124
7.9479999999999995	1.9396335859292043e-122
7.95275	4.570894820949067e-121
7.9575	1.0578978757509213e-119
7.96225	2.4046243838965654e-118
7.967	5.3679904308214074e-117
7.97175	1.1768936072668135e-115
7.9765	2.534099477043898e-114
7.98125	5.358843811784519e-113
7.986	1.1129599180037854e-111
7.99075	2.2701206187071303e-110
7.9955	4.547569312029492e-109
8.00025	8.946861318297151e-108
8.004999999999999	1.728713679520655e-106
8.00975	3.2804726122139287e-105
8.0145	6.113793256402262e-104
8.01925	1.1190411718931984e-102
8.024000000000001	2.0116034273957846e-101
8.028749999999999	3.551400512083494e-100
8.0335	6.157691452759543e-99
8.03825	1.04856939810074e-97
8.043	1.7536277884447453e-96
8.04775	2.880306094075942e-95
8.0525	4.6462315801729704e-94
8.05725	7.360783531633573e-93
8.062	1.1452708957394386e-91
8.066749999999999	1.7500618080445787e-90
8.0715	2.62639192644779e-89
8.07625	3.8710311562995883e-88
8.081	5.603440741634016e-87
8.08575	7.96606571546741e-86
8.090499999999999	1.112228375318409e-84
8.09525	1.5251235989037967e-83
8.1	2.0538896019786632e-82
8.10475	2.71650266825255e-81
8.1095	3.528614059886303e-80
8.11425	4.501519845780373e-79
8.119	5.639948815857648e-78
8.123750000000001	6.93988287290253e-77
8.128499999999999	8.386680597884177e-76
8.13325	9.953803219806258e-75
8.138	1.160243068869306e-73
8.14275	1.3282196444588218e-72
8.1475	1.4933162818782055e-71
8.152249999999999	1.6489013972595587e-70
8.157	1.7881278046721984e-69
8.16175	1.9044229709875457e-68
8.1665	1.9919996178728424e-67
8.17125	2.046331902048192e-66
8.176	2.0645427665601266e-65
8.18075	2.045656343462456e-64
8.185500000000001	1.990684591401531e-63
8.190249999999999	1.902537463651995e-62
8.195	1.785767704575383e-61
8.19975	1.6461814224366836e-60
8.2045	1.4903607777695885e-59
8.20925	1.3251532728700728e-58
8.213999999999999	1.157182345047825e-57
8.21875	9.924267669389669e-57
8.2235	8.359034620376215e-56
8.22825	6.9147226192327e-55
8.233	5.6176462441471e-54
8.23775	4.482238852308035e-53
8.2425	3.512340317516018e-52
8.247250000000001	2.70308166462988e-51
8.251999999999999	2.0430675643471912e-50
8.25675	1.5165868149711773e-49
8.2615	1.1056376202430085e-48
8.26625	7.91624676697464e-48
8.271	5.566559101317554e-47
8.275749999999999	3.844282634140885e-46
8.2805	2.60738270052239e-45
8.28525	1.7368216908338869e-44
8.29	1.1362311031435e-43
8.29475	7.30027293254279e-43
8.2995	4.606515168832982e-42
8.30425	2.854742223348876e-41
8.309000000000001	1.7374898496176203e-40
8.313749999999999	1.0385768509753864e-39
8.3185	6.096997052546399e-39
8.32325	3.515234617354885e-38
8.328	1.9904608155063278e-37
8.33275	1.1069141342151217e-36
8.337499999999999	6.045541658981561e-36
8.34225	3.2427800159531083e-35
8.347	1.708286631848617e-34
8.35175	8.83822353192779e-34
8.3565	4.490867119693034e-33
8.36125	2.2410751144727426e-32
8.366	1.0983572116448725e-31
8.370750000000001	5.28678663311003e-31
8.375499999999999	2.4991996148447868e-30
8.38025	1.1603021363310899e-29
8.385	5.290567053258924e-29
8.38975	2.3691597124359193e-28
8.3945	1.0419513441531918e-27
8.399249999999999	4.500507857225615e-27
8.404	1.9091347989290235e-26
8.40875	7.953763036294566e-26
8.413499999999999	3.2543906752122843e-25
8.41825	1.3077589781523702e-24
8.423	5.1611528164860616e-24
8.42775	2.0004454396644396e-23
8.432500000000001	7.614961081715693e-23
8.437249999999999	2.8468832022382703e-22
8.442	1.0452798928541525e-21
8.44675	3.769263746211626e-21
8.4515	1.3348775924659412e-20
8.45625	4.642878761589739e-20
8.460999999999999	1.585967297658979e-19
8.46575	5.320618221323255e-19
8.4705	1.7530364709911996e-18
8.475249999999999	5.672582098411954e-18
8.48	1.8027338489015864e-17
8.48475	5.626566046617437e-17
8.4895	1.724710524703883e-16
8.494250000000001	5.192182996479878e-16
8.498999999999999	1.535128562557743e-15
8.50375	4.457593879889788e-15
8.5085	1.271209791337569e-14
8.51325	3.560368456935096e-14
8.518	9.793403420259845e-14
8.52275	2.6456557247751683e-13
8.5275	7.01930314245214e-13
8.53225	1.82900819988367e-12
8.536999999999999	4.680565110090599e-12
8.54175	1.176364510862165e-11
8.5465	2.9036650798037307e-11
8.55125	7.039018618456189e-11
8.556	1.6758636874320933e-10
8.56075	3.9185577558265597e-10
8.5655	8.998596913397002e-10
8.57025	2.029477911814243e-09
8.575	4.4952602938984934e-09
8.57975	9.778817568073403e-09
8.5845	2.0891942820831618e-08
8.58925	4.383613922669324e-08
8.594	9.033306607945471e-08
8.598749999999999	1.8281936222466877e-07
8.6035	3.633779850645907e-07
8.60825	7.093425631563277e-07
8.613	1.3599232912914873e-06
8.61775	2.560553112425124e-06
8.6225	4.734936400177832e-06
8.62725	8.5991494284121e-06
8.632	1.5337614796372932e-05
8.63675	2.6867121626638e-05
8.6415	4.622164961425724e-05
8.64625	7.809634796143794e-05
8.651	0.00012959164246618203
8.65575	0.00021119529934497444
8.660499999999999	0.00033802785208114736
8.66525	0.0005313512523277955
8.67	0.0008202984969545689
8.67475	0.001243721401817795
8.679499999999999	0.0018519757009729631
8.68425	0.0027083728107355843
8.689	0.0038899372084483866
8.69375	0.005487034884460507
8.6985	0.0076014043697348295
8.70325	0.010342152460188849
8.708	0.013819394660959782
8.71275	0.01813543965173796
8.7175	0.02337373639423673
8.722249999999999	0.029586199387913403
8.727	0.03677995573665284
8.73175	0.044904949194068254
8.7365	0.053844109784322886
8.741249999999999	0.0634078718693631
8.746	0.07333463560035036
8.75075	0.08329828958038758
8.7555	0.09292316935189839
8.76025	0.1018058955714209
8.765	0.10954254534062852
8.76975	0.11575871893745886
8.7745	0.12013943369924507
8.77925	0.12245553882934021
8.783999999999999	0.12258357176296647
8.78875	0.12051666185755294
8.7935	0.116365141234961
8.79825	0.11034678720082429
8.802999999999999	0.1027678972171031
8.80775	0.09399748502914278
8.8125	0.08443762048230473
8.81725	0.07449321745143977
8.822	0.06454438785797528
8.82675	0.0549238889043237
8.8315	0.04590132170864244
8.83625	0.037674752286379946
8.841	0.030369481037146373
8.84575	0.024042917220854144
8.8505	0.018694005211461733
8.85525	0.014275429051899713
8.86	0.010706869252951076
8.864749999999999	0.007887841107512597
8.8695	0.005709027025167865
8.87425	0.0040614441950427675
8.879	0.002843192981629324
8.88375	0.0019638614423795994
8.8885	0.0013468915288672523
8.89325	0.0009303387448228315
8.898	0.000666491302972304
8.90275	0.0005207787121424242
8.9075	0.00047031814766151345
8.91225	0.0005023434785952663
8.917	0.0006126558971851723
8.92175	0.0008041410604386868
8.926499999999999	0.0010853250082462362
8.93125	0.0014688954017974543
8.936	0.001970098314404376
8.94075	0.002604933885117918
8.9455	0.0033881141469571763
8.95025	0.004330808040109994
8.955	0.005438273672645228
8.95975	0.006707554838856626
8.9645	0.008125483801154253
8.96925	0.009667270786880379
8.974	0.011295959660681127
8.97875	0.012962980532425207
8.9835	0.014609932675551121
8.988249999999999	0.01617159309810825
8.993	0.01757998453983354
8.99775	0.018769175794969624
9.0025	0.019680354567194885
9.007249999999999	0.020266634138134718
9.012	0.020497048290433244
9.01675	0.02035926086486674
9.0215	0.019860659922729715
9.02625	0.01902770141207994
9.031	0.017903583462713785
9.03575	0.016544535833529037
9.0405	0.015015167939642691
9.04525	0.01338341007931422
9.049999999999999	0.011715595303338162
9.05475	0.010072167089860607
9.0595	0.008504376268699805
9.06425	0.0070521736337245235
9.068999999999999	0.005743339790410507
9.07375	0.004593746334948841
9.0785	0.0036085314396054192
9.08325	0.0027839085294862906
9.088	0.0021093100134053156
9.09275	0.0015695922718037098
9.0975	0.0011470814949477539
9.10225	0.0008233086536053947
9.107	0.0005803527829659823
9.111749999999999	0.0004017745719859138
9.1165	0.00027317050621799514
9.12125	0.00018240895377727616
9.126	0.00011962431997612099
9.130749999999999	7.704665636156019e-05
9.1355	4.873591171085746e-05
9.14025	3.0276479748339057e-05
9.145	1.8472371165216995e-05
9.14975	1.1068809142333525e-05
9.1545	6.513885753014289e-06
9.15925	3.7647865985294284e-06
9.164	2.136985593204515e-06
9.16875	1.191307575244033e-06
9.1735	6.522403440102938e-07
9.17825	3.5071525915357995e-07
9.183	1.8521397766306083e-07
9.18775	9.607454710713773e-08
9.192499999999999	4.897463765599336e-08
9.19725	2.4592531589632992e-08
9.202	1.2306374930746381e-08
9.20675	6.468372661542592e-09
9.2115	4.29857063486626e-09
9.21625	4.817219416334933e-09
9.221	8.51939422903612e-09
9.22575	1.7740741662232222e-08
9.2305	3.792818422892685e-08
9.23525	8.039053118350475e-08
9.24	1.6766783336966574e-07
9.24475	3.435795314810166e-07
9.2495	6.915137177022919e-07
9.254249999999999	1.3669179111115801e-06
9.259	2.6536675089070206e-06
9.26375	5.0595496341893905e-06
9.2685	9.474106432999588e-06
9.273249999999999	1.742310905032441e-05
9.278	3.146835475534751e-05
9.28275	5.581917395502069e-05
9.2875	9.724197205886142e-05
9.29225	0.00016637386080766486
9.297	0.00027956153505252144
9.30175	0.00046135021015780264
9.3065	0.0007477303583925066
9.31125	0.0011902009406647262
9.315999999999999	0.0018606151345869554
9.32075	0.0028566286921879367
9.3255	0.004307368455912828
9.33025	0.006378686194792831
9.334999999999999	0.009277082861596073
9.33975	0.013251120972742603
9.3445	0.018588946884705554
9.34925	0.025610493006430108
9.354	0.03465309871251704
9.35875	0.04604974156208447
9.3635	0.06009983827285771
9.36825	0.07703363545541375
9.373	0.09697247259717728
9.377749999999999	0.11988850076700101
9.3825	0.1455685559518244
9.38725	0.17358756171811143
9.392	0.20329683463059067
9.396749999999999	0.23383182270372113
9.4015	0.26414208274008555
9.40625	0.2930438189513407
9.411	0.319292353127776
9.41575	0.34166890379311077
9.4205	0.3590735171138874
9.42525	0.3706143931675036
9.43	0.37568354394532805
9.43475	0.3740098562100663
9.439499999999999	0.3656831143440421
9.44425	0.35114602077849305
9.449	0.3311552009632476
9.45375	0.3067159731832319
9.458499999999999	0.27899870788390685
9.46325	0.24924644615108654
9.468	0.21868386554066407
9.47275	0.18843670171423496
9.4775	0.15946861800871695
9.48225	0.1325396903749997
9.487	0.10818764255159213
9.49175	0.08673019998866578
9.4965	0.06828479701902894
9.50125	0.05280057868366865
9.506	0.040097225827895634
9.51075	0.029905492242553795
9.5155	0.02190526788454965
9.520249999999999	0.015758220262872543
9.525	0.01113337273711537
9.52975	0.007725157033745743
9.5345	0.00526439985044987
9.53925	0.0035233144460490163
9.544	0.002315873991858361
9.54875	0.0014949939358849442
9.5535	0.0009478179325635199
9.55825	0.0005901622089590557
9.563	0.0003608933298730169
9.56775	0.00021674410749111252
9.5725	0.00012784293364645548
9.57725	7.405717496607907e-05
9.581999999999999	4.213262703744892e-05
9.58675	2.354132599187726e-05
9.5915	1.2918267947186419e-05
9.59625	6.962074077209957e-06
9.600999999999999	3.684970166033391e-06
9.60575	1.915535905222656e-06
9.6105	9.779296241848655e-07
9.61525	4.903270946664792e-07
9.62	2.414488642737942e-07
9.62475	1.1676842600317739e-07
9.6295	5.546086897332256e-08
9.63425	2.5870742798811214e-08
9.639	1.1852012786220372e-08
9.643749999999999	5.332566854885051e-09
9.6485	2.356359182484135e-09
9.65325	1.0226044021703072e-09
9.658	4.3584775104558065e-10
9.662749999999999	1.8244121061625535e-10
9.6675	7.500186557172048e-11
9.67225	3.028183378045234e-11
9.677	1.2007518407029825e-11
9.68175	4.676116639163774e-12
9.6865	1.7884565539272846e-12
9.69125	6.717883036073773e-13
9.696	2.4782634187189195e-13
9.70075	8.978907121401044e-14
9.705499999999999	3.194923594646761e-14
9.71025	1.1164993091173933e-14
9.715	3.831928749949697e-15
9.71975	1.2916277782193166e-15
9.724499999999999	4.275809150687407e-16
9.72925	1.3901454187728712e-16
9.734	4.438775066631877e-17
9.73875	1.3919608722300153e-17
9.7435	4.286984386197033e-18
9.74825	1.2966947741903758e-18
9.753	3.8519851487931937e-19
9.75775	1.1238088092544864e-19
9.7625	3.2200398378060206e-20
9.76725	9.061311116796595e-21
9.772	2.504273880524887e-21
9.77675	6.797255429892348e-22
9.7815	1.8119505508985159e-22
9.786249999999999	4.743731254111175e-23
9.791	1.2197049807576089e-23
9.79575	3.0799984798964478e-24
9.8005	7.638484322879212e-25
9.80525	1.8604793999791838e-25
9.81	4.4504458823334154e-26
9.81475	1.0455460548805028e-26
9.8195	2.4123693176208752e-27
9.82425	5.466450541988487e-28
9.829	1.21654552338492e-28
9.83375	2.6590109093427017e-29
9.8385	5.710292937193217e-30
9.84325	1.216552819950715e-30
9.847999999999999	3.1434860555958145e-31
9.85275	3.6505081372332727e-31
9.8575	1.4985887803647816e-30
9.86225	6.923017404522045e-30
9.866999999999999	3.1605847570127114e-29
9.87175	1.4174725397628823e-28
9.8765	6.243493587727232e-28
9.88125	2.7008587606424124e-27
9.886	1.1474587195691304e-26
9.89075	4.787769704375157e-26
9.8955	1.9619612192924007e-25
9.90025	7.896026000863664e-25
9.905	3.1209564272704523e-24
9.909749999999999	1.2115122940964648e-23
9.9145	4.618797588793631e-23
9.91925	1.7293823403485895e-22
9.924	6.359370001383739e-22
9.928749999999999	2.2966676466724756e-21
9.9335	8.145977303967468e-21
9.93825	2.837587246702784e-20
9.943	9.707697524858018e-20
9.94775	3.261701647894275e-19
9.9525	1.076299688729146e-18
9.95725	3.4880538482876436e-18
9.962	1.1101818725974024e-17
9.96675	3.4702923845601085e-17
9.971499999999999	1.0653663792704434e-16
9.97625	3.2121283605435966e-16
9.981	9.511473037496341e-16
9.98575	2.7660731114870417e-15
9.990499999999999	7.900244158234678e-15
9.99525	2.2160438843750646e-14
