 Ground state dipole moment in X,Y,Z:    0.000000   -0.000000   -0.164107 a.u.

 Transition dipole moment between ground state (0) and excited states (a.u.)
     i     j         X             Y             Z        Diff.(eV)   Oscil.str
     0     1     0.0000000     0.0000000    -0.0000000     5.54440     0.00000
     0     2     0.0000000     0.7878437     0.0000000     5.83200     0.08869
     0     3     0.0000000    -0.3743529     0.0000000     6.62600     0.02275
     0     4     0.0000000    -0.0000000    -0.4916176     6.76340     0.04005
     0     5    -0.0000000     0.0000000     0.0000000     7.59640     0.00000
     0     6    -0.0000000     1.0274614    -0.0000000     9.86650     0.25518
     0     7    -0.0000000     0.5818384    -0.0000000    10.11470     0.08389
     0     8    -0.0000000    -0.0000000    -0.0080415    11.01020     0.00002
     0     9    -0.0000000     0.0000000    -0.0000000    11.18580     0.00000
     0    10     0.0000000    -0.0000000    -0.8598245    12.14240     0.21993
     0    11    -0.0000000    -0.3586415     0.0000000    12.39600     0.03906
     0    12    -0.1107744     0.0000000     0.0000000    13.39020     0.00403
     0    13    -0.0000000     0.0000000    -0.0100151    13.74290     0.00003
     0    14     0.0000000     0.0000000    -0.5682964    14.45500     0.11437
     0    15     0.0000000    -0.3463704    -0.0000000    14.46630     0.04252
     0    16    -0.3542131    -0.0000000    -0.0000000    14.82070     0.04556
     0    17    -0.0000000     0.2430339    -0.0000000    14.93240     0.02161
     0    18     0.1381209     0.0000000     0.0000000    15.38590     0.00719
     0    19    -0.0000000     0.0000000     0.4925617    15.42230     0.09167
     0    20     0.0000000    -0.0000000    -0.0000000    15.66280     0.00000
     0    21    -0.4736305    -0.0000000     0.0000000    15.68240     0.08619
     0    22     0.0000000     0.0000000     0.2421838    15.68830     0.02254
     0    23     0.0000000    -0.0000000     0.0000000    15.73090     0.00000
     0    24    -0.4986562    -0.0000000    -0.0000000    15.82460     0.09640
     0    25     0.0000000    -0.4033286    -0.0000000    16.13980     0.06432
     0    26     0.0000000    -0.1012142    -0.0000000    16.43250     0.00412
     0    27     0.0000000     0.0000000    -0.4428272    16.43470     0.07896
     0    28     0.0000000    -0.0000000     0.4298777    16.88740     0.07646
     0    29    -0.0000000    -0.0000000    -0.0054491    16.97750     0.00001
     0    30     0.0000000    -0.1191093    -0.0000000    17.04910     0.00593
 
 Note: In below output the case of i=j corresponds to electronic contribution to dipole moment of excited state i
 Transition dipole moment between excited states (a.u.):
     i     j         X             Y             Z        Diff.(eV)   Oscil.str
     1     1    -0.0000000    -0.0000000     5.1294347     0.00000     0.00000
     1     2    -1.9861090    -0.0000000     0.0000000     0.28760     0.02779
     1     3     0.1055284    -0.0000000    -0.0000000     1.08160     0.00030
     1     4     0.0000000    -0.0000000    -0.0000000     1.21900     0.00000
     1     5     0.0000000    -0.0000000    -0.3654408     2.05200     0.00671
     1     6     1.4824944     0.0000000     0.0000000     4.32210     0.23272
     1     7    -0.1938180     0.0000000     0.0000000     4.57030     0.00421
     1     8     0.0000000     0.0000000    -0.0000000     5.46580     0.00000
     1     9    -0.0000000    -0.0000000    -0.6865687     5.64140     0.06515
     1    10     0.0000000    -0.0000000     0.0000000     6.59800     0.00000
     1    11     0.6789051     0.0000000    -0.0000000     6.85160     0.07737
     1    12     0.0000000    -0.1079589    -0.0000000     7.84580     0.00224
     1    13    -0.0000000     0.0000000    -0.0000000     8.19850     0.00000
     1    14     0.0000000    -0.0000000    -0.0000000     8.91060     0.00000
     1    15    -0.0034277    -0.0000000     0.0000000     8.92190     0.00000
     1    16    -0.0000000    -0.0909325     0.0000000     9.27630     0.00188
     1    17     0.2069091     0.0000000     0.0000000     9.38800     0.00985
     1    18    -0.0000000    -0.3793173     0.0000000     9.84150     0.03469
     1    19    -0.0000000     0.0000000     0.0000000     9.87790     0.00000
     1    20     0.0000000    -0.0000000     0.8188519    10.11840     0.16622
     1    21    -0.0000000    -0.7240730     0.0000000    10.13800     0.13022
     1    22    -0.0000000     0.0000000    -0.0000000    10.14390     0.00000
     1    23    -0.0000000     0.0000000    -0.6274009    10.18650     0.09824
     1    24    -0.0000000    -0.6062291     0.0000000    10.28020     0.09256
     1    25    -0.0180124    -0.0000000     0.0000000    10.59540     0.00008
     1    26     0.0263868     0.0000000     0.0000000    10.88810     0.00019
     1    27    -0.0000000    -0.0000000    -0.0000000    10.89030     0.00000
     1    28     0.0000000     0.0000000     0.0000000    11.34300     0.00000
     1    29     0.0000000     0.0000000    -0.0000000    11.43310     0.00000
     1    30    -0.0159579     0.0000000    -0.0000000    11.50470     0.00007
     2     2     0.0000000     0.0000000     5.3310096     0.00000     0.00000
     2     3    -0.0000000     0.0000000    -2.8581835     0.79400     0.15891
     2     4     0.0000000    -3.0590781    -0.0000000     0.93140     0.21354
     2     5     2.3732211     0.0000000     0.0000000     1.76440     0.24346
     2     6    -0.0000000    -0.0000000    -0.2534579     4.03450     0.00635
     2     7     0.0000000    -0.0000000     0.3522514     4.28270     0.01302
     2     8     0.0000000     0.5766481     0.0000000     5.17820     0.04219
     2     9     0.6048100     0.0000000    -0.0000000     5.35380     0.04798
     2    10    -0.0000000    -0.0051195    -0.0000000     6.31040     0.00000
     2    11     0.0000000     0.0000000     0.2078541     6.56400     0.00695
     2    12     0.0000000    -0.0000000     0.0000000     7.55820     0.00000
     2    13     0.0000000     0.0544477     0.0000000     7.91090     0.00057
     2    14     0.0000000     0.1114040     0.0000000     8.62300     0.00262
     2    15    -0.0000000    -0.0000000     0.0471426     8.63430     0.00047
     2    16    -0.0000000     0.0000000     0.0000000     8.98870     0.00000
     2    17    -0.0000000    -0.0000000     0.6712073     9.10040     0.10045
     2    18     0.0000000    -0.0000000     0.0000000     9.55390     0.00000
     2    19     0.0000000    -0.2592116     0.0000000     9.59030     0.01579
     2    20    -0.0185733    -0.0000000    -0.0000000     9.83080     0.00008
     2    21     0.0000000    -0.0000000    -0.0000000     9.85040     0.00000
     2    22    -0.0000000    -0.9222928     0.0000000     9.85630     0.20540
     2    23     0.0102235     0.0000000     0.0000000     9.89890     0.00003
     2    24     0.0000000    -0.0000000    -0.0000000     9.99260     0.00000
     2    25    -0.0000000    -0.0000000     1.0271498    10.30780     0.26644
     2    26     0.0000000     0.0000000     0.0187153    10.60050     0.00009
     2    27    -0.0000000    -0.0494684    -0.0000000    10.60270     0.00064
     2    28     0.0000000     0.0761449     0.0000000    11.05540     0.00157
     2    29    -0.0000000    -0.0462243    -0.0000000    11.14550     0.00058
     2    30    -0.0000000    -0.0000000    -0.0226166    11.21710     0.00014
     3     3    -0.0000000     0.0000000     4.9117620     0.00000     0.00000
     3     4    -0.0000000    -0.8107499     0.0000000     0.13740     0.00221
     3     5     0.7024974    -0.0000000     0.0000000     0.97040     0.01173
     3     6     0.0000000     0.0000000    -0.0567015     3.24050     0.00026
     3     7     0.0000000     0.0000000     2.3164491     3.48870     0.45864
     3     8    -0.0000000    -1.4901229     0.0000000     4.38420     0.23850
     3     9    -1.5028517     0.0000000     0.0000000     4.55980     0.25231
     3    10     0.0000000     1.1957490    -0.0000000     5.51640     0.19324
     3    11    -0.0000000    -0.0000000    -0.2258219     5.77000     0.00721
     3    12     0.0000000    -0.0000000    -0.0000000     6.76420     0.00000
     3    13    -0.0000000    -0.2235151     0.0000000     7.11690     0.00871
     3    14     0.0000000    -0.0833204    -0.0000000     7.82900     0.00133
     3    15     0.0000000     0.0000000     0.0174019     7.84030     0.00006
     3    16    -0.0000000    -0.0000000     0.0000000     8.19470     0.00000
     3    17     0.0000000     0.0000000    -0.4462709     8.30640     0.04053
     3    18     0.0000000    -0.0000000    -0.0000000     8.75990     0.00000
     3    19    -0.0000000    -0.4799869     0.0000000     8.79630     0.04965
     3    20     0.0038970    -0.0000000    -0.0000000     9.03680     0.00000
     3    21     0.0000000    -0.0000000    -0.0000000     9.05640     0.00000
     3    22    -0.0000000     0.0317941     0.0000000     9.06230     0.00022
     3    23    -0.0000540     0.0000000     0.0000000     9.10490     0.00000
     3    24    -0.0000000    -0.0000000     0.0000000     9.19860     0.00000
     3    25     0.0000000    -0.0000000     0.0250182     9.51380     0.00015
     3    26     0.0000000     0.0000000     0.0445341     9.80650     0.00048
     3    27     0.0000000    -0.8911141    -0.0000000     9.80870     0.19083
     3    28    -0.0000000     0.0639863     0.0000000    10.26140     0.00103
     3    29     0.0000000    -0.0210783     0.0000000    10.35150     0.00011
     3    30    -0.0000000    -0.0000000     1.0355075    10.42310     0.27382
     4     4     0.0000000    -0.0000000     4.3906468     0.00000     0.00000
     4     5     0.0000000    -0.0000000     0.0000000     0.83300     0.00000
     4     6    -0.0000000    -0.1926769    -0.0000000     3.10310     0.00282
     4     7    -0.0000000    -0.0740923     0.0000000     3.35130     0.00045
     4     8    -0.0000000    -0.0000000    -1.6967554     4.24680     0.29954
     4     9    -0.0000000    -0.0000000     0.0000000     4.42240     0.00000
     4    10    -0.0000000     0.0000000     0.7836738     5.37900     0.08093
     4    11    -0.0000000     1.4119657    -0.0000000     5.63260     0.27512
     4    12    -0.0224500     0.0000000    -0.0000000     6.62680     0.00008
     4    13     0.0000000    -0.0000000    -0.1720569     6.97950     0.00506
     4    14    -0.0000000     0.0000000    -0.0260586     7.69160     0.00013
     4    15     0.0000000    -0.1512462    -0.0000000     7.70290     0.00432
     4    16    -0.0208945     0.0000000    -0.0000000     8.05730     0.00009
     4    17     0.0000000    -0.4370212    -0.0000000     8.16900     0.03822
     4    18     0.0313842     0.0000000     0.0000000     8.62250     0.00021
     4    19    -0.0000000    -0.0000000    -0.2110013     8.65890     0.00944
     4    20     0.0000000     0.0000000     0.0000000     8.89940     0.00000
     4    21    -0.0120876     0.0000000    -0.0000000     8.91900     0.00003
     4    22     0.0000000    -0.0000000    -0.0938668     8.92490     0.00193
     4    23    -0.0000000     0.0000000     0.0000000     8.96750     0.00000
     4    24    -0.0099501     0.0000000    -0.0000000     9.06120     0.00002
     4    25     0.0000000    -0.0198912    -0.0000000     9.37640     0.00009
     4    26    -0.0000000    -1.1430662    -0.0000000     9.66910     0.30952
     4    27    -0.0000000     0.0000000     0.2301839     9.67130     0.01255
     4    28     0.0000000    -0.0000000     0.4766704    10.12400     0.05636
     4    29    -0.0000000     0.0000000    -0.5274158    10.21410     0.06961
     4    30     0.0000000     0.0936870     0.0000000    10.28570     0.00221
     5     5    -0.0000000    -0.0000000     3.8916143     0.00000     0.00000
     5     6    -1.3609999     0.0000000     0.0000000     2.27010     0.10302
     5     7    -0.2453242     0.0000000    -0.0000000     2.51830     0.00371
     5     8    -0.0000000    -0.0000000     0.0000000     3.41380     0.00000
     5     9    -0.0000000     0.0000000     1.5729735     3.58940     0.21758
     5    10    -0.0000000    -0.0000000    -0.0000000     4.54600     0.00000
     5    11    -0.6698468     0.0000000     0.0000000     4.79960     0.05276
     5    12    -0.0000000     0.0035227     0.0000000     5.79380     0.00000
     5    13     0.0000000     0.0000000     0.0000000     6.14650     0.00000
     5    14    -0.0000000    -0.0000000    -0.0000000     6.85860     0.00000
     5    15    -0.0069679    -0.0000000    -0.0000000     6.86990     0.00001
     5    16    -0.0000000    -0.0011891    -0.0000000     7.22430     0.00000
     5    17     0.0428468    -0.0000000    -0.0000000     7.33600     0.00033
     5    18     0.0000000    -0.0462652    -0.0000000     7.78950     0.00041
     5    19     0.0000000     0.0000000     0.0000000     7.82590     0.00000
     5    20    -0.0000000     0.0000000     0.0732136     8.06640     0.00106
     5    21    -0.0000000     0.2005605     0.0000000     8.08600     0.00797
     5    22     0.0000000     0.0000000     0.0000000     8.09190     0.00000
     5    23     0.0000000     0.0000000    -0.0513826     8.13450     0.00053
     5    24     0.0000000     0.1967960    -0.0000000     8.22820     0.00781
     5    25     0.0240895    -0.0000000    -0.0000000     8.54340     0.00012
     5    26    -0.0709794     0.0000000    -0.0000000     8.83610     0.00109
     5    27     0.0000000    -0.0000000     0.0000000     8.83830     0.00000
     5    28    -0.0000000     0.0000000     0.0000000     9.29100     0.00000
     5    29    -0.0000000     0.0000000    -0.0000000     9.38110     0.00000
     5    30     0.0352676    -0.0000000     0.0000000     9.45270     0.00029
     6     6     0.0000000    -0.0000000     5.5345402     0.00000     0.00000
     6     7    -0.0000000    -0.0000000     1.5993816     0.24820     0.01555
     6     8    -0.0000000    -0.2746950    -0.0000000     1.14370     0.00211
     6     9    -0.4918288    -0.0000000     0.0000000     1.31930     0.00782
     6    10     0.0000000    -1.6755957     0.0000000     2.27590     0.15655
     6    11    -0.0000000     0.0000000    -0.2096501     2.52950     0.00272
     6    12     0.0000000    -0.0000000    -0.0000000     3.52370     0.00000
     6    13    -0.0000000     0.2408463    -0.0000000     3.87640     0.00551
     6    14     0.0000000    -0.0412661     0.0000000     4.58850     0.00019
     6    15     0.0000000    -0.0000000    -0.0237134     4.59980     0.00006
     6    16     0.0000000    -0.0000000     0.0000000     4.95420     0.00000
     6    17     0.0000000    -0.0000000    -0.7040171     5.06590     0.06152
     6    18     0.0000000    -0.0000000     0.0000000     5.51940     0.00000
     6    19    -0.0000000     0.2793253     0.0000000     5.55580     0.01062
     6    20     0.0226347     0.0000000    -0.0000000     5.79630     0.00007
     6    21     0.0000000    -0.0000000     0.0000000     5.81590     0.00000
     6    22    -0.0000000     0.1219348     0.0000000     5.82180     0.00212
     6    23    -0.0169795    -0.0000000     0.0000000     5.86440     0.00004
     6    24     0.0000000    -0.0000000     0.0000000     5.95810     0.00000
     6    25    -0.0000000    -0.0000000     0.0396358     6.27330     0.00024
     6    26     0.0000000    -0.0000000    -0.0300346     6.56600     0.00015
     6    27     0.0000000    -0.1360071     0.0000000     6.56820     0.00298
     6    28    -0.0000000     0.0031323    -0.0000000     7.02090     0.00000
     6    29     0.0000000    -0.0125426    -0.0000000     7.11100     0.00003
     6    30    -0.0000000     0.0000000    -0.0654540     7.18260     0.00075
     7     7     0.0000000    -0.0000000     2.6183646     0.00000     0.00000
     7     8    -0.0000000    -0.3372160    -0.0000000     0.89550     0.00249
     7     9    -0.4309542    -0.0000000    -0.0000000     1.07110     0.00487
     7    10     0.0000000    -0.8351333     0.0000000     2.02770     0.03465
     7    11    -0.0000000     0.0000000     0.0625208     2.28130     0.00022
     7    12     0.0000000    -0.0000000     0.0000000     3.27550     0.00000
     7    13    -0.0000000     0.1106389    -0.0000000     3.62820     0.00109
     7    14     0.0000000    -0.0350675     0.0000000     4.34030     0.00013
     7    15    -0.0000000    -0.0000000    -0.0139568     4.35160     0.00002
     7    16    -0.0000000     0.0000000     0.0000000     4.70600     0.00000
     7    17    -0.0000000    -0.0000000    -0.2302540     4.81770     0.00626
     7    18    -0.0000000    -0.0000000     0.0000000     5.27120     0.00000
     7    19    -0.0000000     0.1803391    -0.0000000     5.30760     0.00423
     7    20     0.0273194     0.0000000     0.0000000     5.54810     0.00010
     7    21    -0.0000000     0.0000000     0.0000000     5.56770     0.00000
     7    22    -0.0000000     0.0417491    -0.0000000     5.57360     0.00024
     7    23    -0.0204656    -0.0000000    -0.0000000     5.61620     0.00006
     7    24    -0.0000000     0.0000000    -0.0000000     5.70990     0.00000
     7    25     0.0000000    -0.0000000     0.0210180     6.02510     0.00007
     7    26    -0.0000000    -0.0000000     0.0341482     6.31780     0.00018
     7    27     0.0000000    -0.0962205     0.0000000     6.32000     0.00143
     7    28    -0.0000000     0.0855804    -0.0000000     6.77270     0.00122
     7    29     0.0000000     0.0119345    -0.0000000     6.86280     0.00002
     7    30     0.0000000     0.0000000    -0.0590612     6.93440     0.00059
     8     8     0.0000000     0.0000000     3.5223195     0.00000     0.00000
     8     9     0.0000000     0.0000000     0.0000000     0.17560     0.00000
     8    10     0.0000000     0.0000000    -0.1831369     1.13220     0.00093
     8    11    -0.0000000    -1.7037175     0.0000000     1.38580     0.09855
     8    12     0.0471348    -0.0000000     0.0000000     2.38000     0.00013
     8    13    -0.0000000    -0.0000000     0.0040389     2.73270     0.00000
     8    14     0.0000000    -0.0000000     0.1211966     3.44480     0.00124
     8    15     0.0000000     0.1886826     0.0000000     3.45610     0.00301
     8    16     0.0854076    -0.0000000     0.0000000     3.81050     0.00068
     8    17     0.0000000     0.8441043    -0.0000000     3.92220     0.06847
     8    18    -0.0823156    -0.0000000    -0.0000000     4.37570     0.00073
     8    19     0.0000000    -0.0000000    -0.0888569     4.41210     0.00085
     8    20    -0.0000000     0.0000000     0.0000000     4.65260     0.00000
     8    21     0.0412414    -0.0000000     0.0000000     4.67220     0.00019
     8    22    -0.0000000     0.0000000     0.0671083     4.67810     0.00052
     8    23     0.0000000     0.0000000    -0.0000000     4.72070     0.00000
     8    24     0.0325210    -0.0000000     0.0000000     4.81440     0.00012
     8    25     0.0000000     0.0153420     0.0000000     5.12960     0.00003
     8    26     0.0000000     0.1591359     0.0000000     5.42230     0.00336
     8    27     0.0000000    -0.0000000     0.0524986     5.42450     0.00037
     8    28    -0.0000000    -0.0000000    -0.0502306     5.87720     0.00036
     8    29     0.0000000    -0.0000000     0.0206016     5.96730     0.00006
     8    30     0.0000000    -0.0319852    -0.0000000     6.03890     0.00015
     9     9     0.0000000    -0.0000000     3.7685258     0.00000     0.00000
     9    10     0.0000000     0.0000000     0.0000000     0.95660     0.00000
     9    11    -1.6859086    -0.0000000     0.0000000     1.21020     0.08427
     9    12    -0.0000000     0.0080557     0.0000000     2.20440     0.00000
     9    13    -0.0000000    -0.0000000    -0.0000000     2.55710     0.00000
     9    14     0.0000000     0.0000000     0.0000000     3.26920     0.00000
     9    15     0.0546689     0.0000000    -0.0000000     3.28050     0.00024
     9    16    -0.0000000    -0.0044774    -0.0000000     3.63490     0.00000
     9    17     0.8804405     0.0000000     0.0000000     3.74660     0.07115
     9    18    -0.0000000    -0.0068345     0.0000000     4.20010     0.00000
     9    19    -0.0000000    -0.0000000    -0.0000000     4.23650     0.00000
     9    20    -0.0000000     0.0000000     0.0314120     4.47700     0.00011
     9    21    -0.0000000     0.0387173     0.0000000     4.49660     0.00017
     9    22    -0.0000000    -0.0000000    -0.0000000     4.50250     0.00000
     9    23     0.0000000     0.0000000    -0.0146131     4.54510     0.00002
     9    24    -0.0000000     0.0267026    -0.0000000     4.63880     0.00008
     9    25    -0.0052901     0.0000000    -0.0000000     4.95400     0.00000
     9    26     0.0428949    -0.0000000     0.0000000     5.24670     0.00024
     9    27     0.0000000     0.0000000     0.0000000     5.24890     0.00000
     9    28    -0.0000000    -0.0000000    -0.0000000     5.70160     0.00000
     9    29     0.0000000     0.0000000     0.0000000     5.79170     0.00000
     9    30    -0.0182729     0.0000000    -0.0000000     5.86330     0.00005
    10    10     0.0000000     0.0000000     5.4718530     0.00000     0.00000
    10    11     0.0000000    -1.1409722    -0.0000000     0.25360     0.00809
    10    12    -0.2141811     0.0000000    -0.0000000     1.24780     0.00140
    10    13     0.0000000     0.0000000     0.0599068     1.60050     0.00014
    10    14    -0.0000000     0.0000000    -0.3919487     2.31260     0.00870
    10    15    -0.0000000    -0.4263142    -0.0000000     2.32390     0.01035
    10    16    -0.1937119     0.0000000     0.0000000     2.67830     0.00246
    10    17    -0.0000000     0.3854684     0.0000000     2.79000     0.01016
    10    18     0.2842035     0.0000000     0.0000000     3.24350     0.00642
    10    19    -0.0000000    -0.0000000     0.0361300     3.27990     0.00010
    10    20     0.0000000    -0.0000000    -0.0000000     3.52040     0.00000
    10    21    -0.1664143     0.0000000     0.0000000     3.54000     0.00240
    10    22     0.0000000    -0.0000000    -0.1424150     3.54590     0.00176
    10    23     0.0000000    -0.0000000     0.0000000     3.58850     0.00000
    10    24    -0.0560049     0.0000000     0.0000000     3.68220     0.00028
    10    25    -0.0000000     0.0953041    -0.0000000     3.99740     0.00089
    10    26    -0.0000000    -0.1942629    -0.0000000     4.29010     0.00397
    10    27    -0.0000000     0.0000000    -0.0833350     4.29230     0.00073
    10    28    -0.0000000    -0.0000000     0.0553494     4.74500     0.00036
    10    29    -0.0000000     0.0000000    -0.0477735     4.83510     0.00027
    10    30     0.0000000    -0.0203590     0.0000000     4.90670     0.00005
    11    11    -0.0000000    -0.0000000     2.1766029     0.00000     0.00000
    11    12     0.0000000    -0.0000000    -0.0000000     0.99420     0.00000
    11    13    -0.0000000     0.0381221    -0.0000000     1.34690     0.00005
    11    14     0.0000000    -0.0280266     0.0000000     2.05900     0.00004
    11    15     0.0000000     0.0000000     0.0677939     2.07030     0.00023
    11    16    -0.0000000     0.0000000     0.0000000     2.42470     0.00000
    11    17     0.0000000     0.0000000     0.0148399     2.53640     0.00001
    11    18     0.0000000     0.0000000    -0.0000000     2.98990     0.00000
    11    19    -0.0000000     0.1055125     0.0000000     3.02630     0.00083
    11    20     0.0437868     0.0000000    -0.0000000     3.26680     0.00015
    11    21    -0.0000000     0.0000000    -0.0000000     3.28640     0.00000
    11    22    -0.0000000     0.0004966    -0.0000000     3.29230     0.00000
    11    23    -0.0212572    -0.0000000     0.0000000     3.33490     0.00004
    11    24     0.0000000     0.0000000     0.0000000     3.42860     0.00000
    11    25     0.0000000     0.0000000    -0.0043270     3.74380     0.00000
    11    26     0.0000000     0.0000000     0.0286475     4.03650     0.00008
    11    27     0.0000000    -0.0639697    -0.0000000     4.03870     0.00040
    11    28    -0.0000000     0.0889293    -0.0000000     4.49140     0.00087
    11    29     0.0000000     0.0070265     0.0000000     4.58150     0.00001
    11    30     0.0000000     0.0000000     0.0017710     4.65310     0.00000
    12    12    -0.0000000    -0.0000000     6.9369429     0.00000     0.00000
    12    13    -1.9592869    -0.0000000     0.0000000     0.35270     0.03317
    12    14     0.0973055    -0.0000000    -0.0000000     1.06480     0.00025
    12    15     0.0000000    -0.0000000    -0.0000000     1.07610     0.00000
    12    16    -0.0000000    -0.0000000     0.0152908     1.43050     0.00001
    12    17     0.0000000     0.0000000     0.0000000     1.54220     0.00000
    12    18     0.0000000    -0.0000000    -0.6457949     1.99570     0.02039
    12    19    -0.1532326     0.0000000     0.0000000     2.03210     0.00117
    12    20    -0.0000000     0.2981845     0.0000000     2.27260     0.00495
    12    21    -0.0000000     0.0000000    -0.5998558     2.29220     0.02021
    12    22    -0.2333088    -0.0000000    -0.0000000     2.29810     0.00306
    12    23     0.0000000    -0.2261763     0.0000000     2.34070     0.00293
    12    24    -0.0000000    -0.0000000    -0.5221536     2.43440     0.01626
    12    25    -0.0000000     0.0000000    -0.0000000     2.74960     0.00000
    12    26     0.0000000    -0.0000000     0.0000000     3.04230     0.00000
    12    27     0.1576614    -0.0000000    -0.0000000     3.04450     0.00185
    12    28     0.6439252     0.0000000     0.0000000     3.49720     0.03553
    12    29     1.2652614    -0.0000000     0.0000000     3.58730     0.14070
    12    30    -0.0000000     0.0000000     0.0000000     3.65890     0.00000
    13    13     0.0000000     0.0000000     7.0613923     0.00000     0.00000
    13    14    -0.0000000     0.0000000    -2.6765734     0.71210     0.12498
    13    15     0.0000000    -3.0531692    -0.0000000     0.72340     0.16521
    13    16     0.4329875     0.0000000     0.0000000     1.07780     0.00495
    13    17     0.0000000     0.0578309     0.0000000     1.18950     0.00010
    13    18     2.0954718     0.0000000     0.0000000     1.64300     0.17675
    13    19     0.0000000     0.0000000    -0.6615554     1.67940     0.01801
    13    20    -0.0000000     0.0000000     0.0000000     1.91990     0.00000
    13    21    -0.8970102    -0.0000000    -0.0000000     1.93950     0.03823
    13    22    -0.0000000     0.0000000    -0.9072211     1.94540     0.03923
    13    23    -0.0000000     0.0000000    -0.0000000     1.98800     0.00000
    13    24    -0.0375926    -0.0000000     0.0000000     2.08170     0.00007
    13    25    -0.0000000     0.4196853     0.0000000     2.39690     0.01034
    13    26    -0.0000000     0.2613639     0.0000000     2.68960     0.00450
    13    27    -0.0000000    -0.0000000     0.1663446     2.69180     0.00182
    13    28    -0.0000000     0.0000000    -0.1771582     3.14450     0.00242
    13    29    -0.0000000    -0.0000000    -0.2696347     3.23460     0.00576
    13    30    -0.0000000     0.0460306    -0.0000000     3.30620     0.00017
    14    14    -0.0000000     0.0000000     6.8376277     0.00000     0.00000
    14    15    -0.0000000    -0.5170592     0.0000000     0.01130     0.00007
    14    16     0.2418959    -0.0000000    -0.0000000     0.36570     0.00052
    14    17     0.0000000     0.0092014     0.0000000     0.47740     0.00000
    14    18     0.5783838    -0.0000000    -0.0000000     0.93090     0.00763
    14    19     0.0000000     0.0000000    -0.1278500     0.96730     0.00039
    14    20    -0.0000000     0.0000000     0.0000000     1.20780     0.00000
    14    21    -0.3052391    -0.0000000    -0.0000000     1.22740     0.00280
    14    22    -0.0000000     0.0000000     0.0651338     1.23330     0.00013
    14    23    -0.0000000     0.0000000    -0.0000000     1.27590     0.00000
    14    24     0.3183215     0.0000000     0.0000000     1.36960     0.00340
    14    25     0.0000000    -0.0498351    -0.0000000     1.68480     0.00010
    14    26    -0.0000000     0.3627100     0.0000000     1.97750     0.00637
    14    27    -0.0000000    -0.0000000    -0.6028591     1.97970     0.01763
    14    28     0.0000000     0.0000000     0.5396390     2.43240     0.01735
    14    29     0.0000000     0.0000000     0.4061794     2.52250     0.01020
    14    30    -0.0000000     0.3508972    -0.0000000     2.59410     0.00783
    15    15     0.0000000    -0.0000000     6.3237019     0.00000     0.00000
    15    16    -0.0000000     0.0000000    -0.0000000     0.35440     0.00000
    15    17    -0.0000000     0.0000000     0.0555635     0.46610     0.00004
    15    18     0.0000000    -0.0000000     0.0000000     0.91960     0.00000
    15    19     0.0000000    -0.5703676    -0.0000000     0.95600     0.00762
    15    20     0.1595377     0.0000000     0.0000000     1.19650     0.00075
    15    21    -0.0000000     0.0000000    -0.0000000     1.21610     0.00000
    15    22     0.0000000    -0.1739203    -0.0000000     1.22200     0.00091
    15    23     0.2503326     0.0000000     0.0000000     1.26460     0.00194
    15    24     0.0000000     0.0000000    -0.0000000     1.35830     0.00000
    15    25     0.0000000     0.0000000    -0.0434174     1.67350     0.00008
    15    26    -0.0000000     0.0000000    -0.9195797     1.96620     0.04073
    15    27    -0.0000000     0.1813931     0.0000000     1.96840     0.00159
    15    28    -0.0000000    -0.0647070     0.0000000     2.42110     0.00025
    15    29    -0.0000000    -0.2670564     0.0000000     2.51120     0.00439
    15    30    -0.0000000     0.0000000     0.0112885     2.58280     0.00001
    16    16     0.0000000     0.0000000     6.1784526     0.00000     0.00000
    16    17    -0.0000000     0.0000000     0.0000000     0.11170     0.00000
    16    18     0.0000000    -0.0000000     0.6376631     0.56520     0.00563
    16    19    -2.0890273     0.0000000     0.0000000     0.60160     0.06432
    16    20     0.0000000    -1.8233655    -0.0000000     0.84210     0.06859
    16    21    -0.0000000    -0.0000000     1.4138695     0.86170     0.04220
    16    22     1.1039852     0.0000000     0.0000000     0.86760     0.02591
    16    23     0.0000000    -2.4523468    -0.0000000     0.91020     0.13411
    16    24    -0.0000000     0.0000000    -2.3269776     1.00390     0.13318
    16    25     0.0000000    -0.0000000    -0.0000000     1.31910     0.00000
    16    26     0.0000000    -0.0000000     0.0000000     1.61180     0.00000
    16    27     0.5952068     0.0000000    -0.0000000     1.61400     0.01401
    16    28     1.0625983     0.0000000     0.0000000     2.06670     0.05717
    16    29    -0.3524286     0.0000000    -0.0000000     2.15680     0.00656
    16    30    -0.0000000     0.0000000    -0.0000000     2.22840     0.00000
    17    17    -0.0000000    -0.0000000     6.6958031     0.00000     0.00000
    17    18    -0.0000000     0.0000000    -0.0000000     0.45350     0.00000
    17    19     0.0000000     0.0890689     0.0000000     0.48990     0.00010
    17    20    -0.0151710    -0.0000000    -0.0000000     0.73040     0.00000
    17    21    -0.0000000     0.0000000     0.0000000     0.75000     0.00000
    17    22     0.0000000     0.1835334     0.0000000     0.75590     0.00062
    17    23    -0.0183204    -0.0000000     0.0000000     0.79850     0.00001
    17    24    -0.0000000     0.0000000    -0.0000000     0.89220     0.00000
    17    25    -0.0000000     0.0000000    -0.0028651     1.20740     0.00000
    17    26     0.0000000    -0.0000000     0.1452957     1.50010     0.00078
    17    27    -0.0000000     0.0329333     0.0000000     1.50230     0.00004
    17    28     0.0000000    -0.0297974     0.0000000     1.95500     0.00004
    17    29    -0.0000000     0.0155089    -0.0000000     2.04510     0.00001
    17    30    -0.0000000    -0.0000000     0.0243926     2.11670     0.00003
    18    18    -0.0000000    -0.0000000     5.5678949     0.00000     0.00000
    18    19     0.1618951     0.0000000    -0.0000000     0.03640     0.00002
    18    20    -0.0000000     0.2320702    -0.0000000     0.27690     0.00037
    18    21    -0.0000000     0.0000000    -0.0660144     0.29650     0.00003
    18    22    -0.5206353     0.0000000     0.0000000     0.30240     0.00201
    18    23     0.0000000    -0.0629688    -0.0000000     0.34500     0.00003
    18    24    -0.0000000    -0.0000000    -0.1673406     0.43870     0.00030
    18    25    -0.0000000    -0.0000000    -0.0000000     0.75390     0.00000
    18    26     0.0000000    -0.0000000    -0.0000000     1.04660     0.00000
    18    27    -0.2064886    -0.0000000    -0.0000000     1.04880     0.00110
    18    28    -0.3802515     0.0000000    -0.0000000     1.50150     0.00532
    18    29    -1.0776954     0.0000000     0.0000000     1.59160     0.04529
    18    30    -0.0000000     0.0000000     0.0000000     1.66320     0.00000
    19    19    -0.0000000     0.0000000     5.7843259     0.00000     0.00000
    19    20     0.0000000    -0.0000000    -0.0000000     0.24050     0.00000
    19    21    -0.4240854     0.0000000     0.0000000     0.26010     0.00115
    19    22     0.0000000     0.0000000    -1.0021626     0.26600     0.00655
    19    23     0.0000000    -0.0000000     0.0000000     0.30860     0.00000
    19    24    -0.0771422     0.0000000    -0.0000000     0.40230     0.00006
    19    25    -0.0000000     0.0562482    -0.0000000     0.71750     0.00006
    19    26     0.0000000    -0.9783369    -0.0000000     1.01020     0.02369
    19    27     0.0000000     0.0000000    -1.3854153     1.01240     0.04761
    19    28     0.0000000    -0.0000000     0.3348796     1.46510     0.00403
    19    29    -0.0000000     0.0000000     0.0086309     1.55520     0.00000
    19    30    -0.0000000     0.3288289    -0.0000000     1.62680     0.00431
    20    20    -0.0000000    -0.0000000     5.7315604     0.00000     0.00000
    20    21    -0.0000000     0.6157595     0.0000000     0.01960     0.00018
    20    22    -0.0000000     0.0000000     0.0000000     0.02550     0.00000
    20    23     0.0000000    -0.0000000    -0.0223687     0.06810     0.00000
    20    24    -0.0000000     0.0963957     0.0000000     0.16180     0.00004
    20    25    -1.3098515    -0.0000000     0.0000000     0.47700     0.02005
    20    26     0.1570047     0.0000000    -0.0000000     0.76970     0.00046
    20    27     0.0000000    -0.0000000     0.0000000     0.77190     0.00000
    20    28     0.0000000    -0.0000000    -0.0000000     1.22460     0.00000
    20    29    -0.0000000     0.0000000     0.0000000     1.31470     0.00000
    20    30     0.0435856    -0.0000000    -0.0000000     1.38630     0.00006
    21    21    -0.0000000     0.0000000     5.1364650     0.00000     0.00000
    21    22    -1.9683200    -0.0000000     0.0000000     0.00590     0.00056
    21    23     0.0000000     0.2303929     0.0000000     0.04850     0.00006
    21    24    -0.0000000    -0.0000000    -0.4769114     0.14220     0.00079
    21    25    -0.0000000    -0.0000000     0.0000000     0.45740     0.00000
    21    26     0.0000000    -0.0000000    -0.0000000     0.75010     0.00000
    21    27    -0.1292260    -0.0000000    -0.0000000     0.75230     0.00031
    21    28    -0.1080521     0.0000000     0.0000000     1.20500     0.00034
    21    29     0.5019674    -0.0000000    -0.0000000     1.29510     0.00799
    21    30    -0.0000000     0.0000000     0.0000000     1.36670     0.00000
    22    22     0.0000000    -0.0000000     5.3347902     0.00000     0.00000
    22    23     0.0000000     0.0000000    -0.0000000     0.04260     0.00000
    22    24    -1.5093304    -0.0000000     0.0000000     0.13630     0.00761
    22    25    -0.0000000     0.7447900     0.0000000     0.45150     0.00614
    22    26     0.0000000    -2.8387819    -0.0000000     0.74420     0.14693
    22    27    -0.0000000     0.0000000    -2.4928814     0.74640     0.11364
    22    28    -0.0000000    -0.0000000     0.3295626     1.19910     0.00319
    22    29     0.0000000     0.0000000    -0.1073105     1.28920     0.00036
    22    30    -0.0000000     0.2175238     0.0000000     1.36080     0.00158
    23    23    -0.0000000    -0.0000000     5.6767453     0.00000     0.00000
    23    24     0.0000000    -0.4421099     0.0000000     0.09370     0.00045
    23    25     1.0149380     0.0000000    -0.0000000     0.40890     0.01032
    23    26     0.1000914     0.0000000    -0.0000000     0.70160     0.00017
    23    27    -0.0000000     0.0000000    -0.0000000     0.70380     0.00000
    23    28     0.0000000     0.0000000    -0.0000000     1.15650     0.00000
    23    29     0.0000000    -0.0000000     0.0000000     1.24660     0.00000
    23    30    -0.0556467    -0.0000000     0.0000000     1.31820     0.00010
    24    24    -0.0000000     0.0000000     5.9104606     0.00000     0.00000
    24    25    -0.0000000    -0.0000000     0.0000000     0.31520     0.00000
    24    26     0.0000000    -0.0000000    -0.0000000     0.60790     0.00000
    24    27     0.0218070     0.0000000    -0.0000000     0.61010     0.00001
    24    28     0.4780555    -0.0000000    -0.0000000     1.06280     0.00595
    24    29    -0.1031105     0.0000000     0.0000000     1.15290     0.00030
    24    30    -0.0000000     0.0000000    -0.0000000     1.22450     0.00000
    25    25     0.0000000     0.0000000     5.9649454     0.00000     0.00000
    25    26    -0.0000000     0.0000000    -0.2242511     0.29270     0.00036
    25    27     0.0000000    -0.4143408    -0.0000000     0.29490     0.00124
    25    28     0.0000000    -1.7553240    -0.0000000     0.74760     0.05643
    25    29    -0.0000000     1.5947462     0.0000000     0.83770     0.05220
    25    30    -0.0000000     0.0000000    -2.8049418     0.90930     0.17527
    26    26     0.0000000    -0.0000000     4.1550997     0.00000     0.00000
    26    27    -0.0000000    -0.6444039     0.0000000     0.00220     0.00002
    26    28    -0.0000000     0.6095751     0.0000000     0.45490     0.00414
    26    29     0.0000000    -0.4561387    -0.0000000     0.54500     0.00278
    26    30     0.0000000     0.0000000     0.1767837     0.61660     0.00047
    27    27    -0.0000000     0.0000000     4.6952528     0.00000     0.00000
    27    28    -0.0000000    -0.0000000     0.3251248     0.45270     0.00117
    27    29     0.0000000     0.0000000     0.0094413     0.54280     0.00000
    27    30    -0.0000000     0.4249315     0.0000000     0.61440     0.00272
    28    28     0.0000000    -0.0000000     5.7198726     0.00000     0.00000
    28    29     0.0000000    -0.0000000     1.2113538     0.09010     0.00324
    28    30     0.0000000    -0.4152520     0.0000000     0.16170     0.00068
    29    29     0.0000000    -0.0000000     7.1461945     0.00000     0.00000
    29    30    -0.0000000     0.3675686    -0.0000000     0.07160     0.00024
    30    30    -0.0000000     0.0000000     5.5252048     0.00000     0.00000
