   1    1   0.00000    3.39620    10.00 100.00     -0.00000  -0.00000  -0.00000 
   2    2   0.01950    6.94060    10.00 100.00     -0.00000   0.33820  -0.00000 
   3    3   0.02810    7.67680    10.00 100.00      0.00000   0.38670  -0.00000 
   4    4   0.03000    7.96050    10.00 100.00      0.00000   0.00000  -0.39230 
   5    5   0.00130    8.01980    10.00 100.00      0.08080   0.00000   0.00000 
   6    6   0.15870    8.25540    10.00 100.00     -0.00000   0.00000   0.88580 
   7    7   0.00000    8.48620    10.00 100.00      0.00000  -0.00000  -0.00000 
   8    8   0.00000    9.16470    10.00 100.00      0.00000   0.00000  -0.00000 
   9    9   0.03940    9.60620    10.00 100.00     -0.40910   0.00000  -0.00000 
  10   10   0.07250   10.28370    10.00 100.00     -0.00000   0.53640  -0.00000 
  11   11   0.05640   10.43490    10.00 100.00      0.46980   0.00000  -0.00000 
  12   12   0.00000   10.61230    10.00 100.00      0.00000   0.00000  -0.00000 
  13   13   0.01120   11.29250    10.00 100.00     -0.00000  -0.00000  -0.20090 
  14   14   0.00040   11.42230    10.00 100.00     -0.00000  -0.00000  -0.03890 
  15   15   0.00100   11.53490    10.00 100.00     -0.00000  -0.06030   0.00000 
  16   16   0.05910   12.00910    10.00 100.00      0.00000  -0.00000  -0.44810 
  17   17   0.33600   12.31420    10.00 100.00     -0.00000   0.00000   1.05530 
  18   18   0.00000   12.35750    10.00 100.00     -0.00000  -0.00000  -0.00000 
  19   19   0.04140   12.46850    10.00 100.00      0.00000  -0.36800   0.00000 
  20   20   0.10980   12.52720    10.00 100.00     -0.00000  -0.59810   0.00000 
  21   21   0.02180   12.72940    10.00 100.00      0.26430  -0.00000   0.00000 
  22   22   0.01330   12.99860    10.00 100.00     -0.20430  -0.00000   0.00000 
  23   23   0.00200   13.05280    10.00 100.00     -0.00000  -0.07830  -0.00000 
  24   24   0.07350   13.11640    10.00 100.00     -0.00000   0.00000  -0.47820 
  25   25   0.03540   13.45630    10.00 100.00     -0.00000   0.32770   0.00000 
  26   26   0.00000   13.69610    10.00 100.00     -0.00000  -0.00000  -0.00000 
  27   27   0.00530   13.86120    10.00 100.00     -0.00000   0.00000   0.12490 
  28   28   0.00000   14.08430    10.00 100.00      0.00000   0.00000  -0.00000 
  29   29   0.00020   14.24200    10.00 100.00      0.02260   0.00000   0.00000 
  30   30   0.03200   14.61360    10.00 100.00      0.00000   0.00000   0.29880 
state state   Osc.      E(eV)      dum   dum        TrDx      TrDy       TrDz 
