0.5	0.0
0.50475	0.0
0.5095	0.0
0.51425	0.0
0.519	0.0
0.52375	0.0
0.5285	0.0
0.53325	0.0
0.538	0.0
0.54275	0.0
0.5475	0.0
0.55225	0.0
0.5569999999999999	0.0
0.56175	0.0
0.5665	0.0
0.57125	0.0
0.576	0.0
0.58075	0.0
0.5855	0.0
0.5902499999999999	0.0
0.595	0.0
0.59975	0.0
0.6045	0.0
0.60925	0.0
0.614	0.0
0.61875	0.0
0.6234999999999999	0.0
0.62825	0.0
0.633	0.0
0.63775	0.0
0.6425	0.0
0.64725	0.0
0.652	0.0
0.65675	0.0
0.6615	0.0
0.66625	0.0
0.671	0.0
0.67575	0.0
0.6805	0.0
0.68525	0.0
0.69	0.0
0.69475	0.0
0.6995	0.0
0.70425	0.0
0.709	0.0
0.71375	0.0
0.7185	0.0
0.72325	0.0
0.728	0.0
0.73275	0.0
0.7375	0.0
0.74225	0.0
0.747	0.0
0.7517499999999999	0.0
0.7565	0.0
0.76125	0.0
0.766	0.0
0.77075	0.0
0.7755	0.0
0.78025	0.0
0.7849999999999999	0.0
0.78975	0.0
0.7945	0.0
0.79925	0.0
0.804	0.0
0.80875	0.0
0.8135	0.0
0.8182499999999999	0.0
0.823	0.0
0.82775	0.0
0.8325	0.0
0.83725	0.0
0.842	0.0
0.84675	0.0
0.8514999999999999	0.0
0.85625	0.0
0.861	0.0
0.86575	0.0
0.8705	0.0
0.87525	0.0
0.88	0.0
0.8847499999999999	0.0
0.8895	0.0
0.89425	0.0
0.899	0.0
0.90375	0.0
0.9085	0.0
0.91325	0.0
0.9179999999999999	0.0
0.92275	0.0
0.9275	0.0
0.93225	0.0
0.937	0.0
0.94175	0.0
0.9465	0.0
0.9512499999999999	0.0
0.956	0.0
0.96075	0.0
0.9655	0.0
0.9702500000000001	0.0
0.975	0.0
0.97975	0.0
0.9844999999999999	0.0
0.98925	0.0
0.994	0.0
0.99875	0.0
1.0034999999999998	0.0
1.0082499999999999	0.0
1.013	0.0
1.01775	0.0
1.0225	0.0
1.02725	0.0
1.032	0.0
1.03675	0.0
1.0415	0.0
1.0462500000000001	0.0
1.051	0.0
1.05575	0.0
1.0605	0.0
1.06525	0.0
1.0699999999999998	0.0
1.0747499999999999	0.0
1.0795	0.0
1.08425	0.0
1.089	0.0
1.09375	0.0
1.0985	0.0
1.10325	0.0
1.108	0.0
1.1127500000000001	0.0
1.1175	0.0
1.12225	0.0
1.127	0.0
1.13175	0.0
1.1364999999999998	0.0
1.1412499999999999	0.0
1.146	0.0
1.15075	0.0
1.1555	0.0
1.16025	0.0
1.165	0.0
1.16975	0.0
1.1745	0.0
1.1792500000000001	0.0
1.184	0.0
1.18875	0.0
1.1935	0.0
1.19825	0.0
1.2029999999999998	0.0
1.2077499999999999	0.0
1.2125	0.0
1.21725	0.0
1.222	0.0
1.22675	0.0
1.2315	0.0
1.23625	0.0
1.241	0.0
1.2457500000000001	0.0
1.2505	0.0
1.25525	0.0
1.26	0.0
1.2647499999999998	0.0
1.2694999999999999	0.0
1.2742499999999999	0.0
1.279	0.0
1.28375	0.0
1.2885	0.0
1.29325	0.0
1.298	0.0
1.30275	0.0
1.3075	0.0
1.3122500000000001	0.0
1.317	0.0
1.32175	0.0
1.3265	0.0
1.3312499999999998	0.0
1.3359999999999999	0.0
1.3407499999999999	0.0
1.3455	0.0
1.35025	0.0
1.355	0.0
1.35975	0.0
1.3645	0.0
1.36925	0.0
1.374	0.0
1.3787500000000001	0.0
1.3835	0.0
1.38825	0.0
1.393	0.0
1.3977499999999998	0.0
1.4024999999999999	0.0
1.40725	0.0
1.412	0.0
1.41675	0.0
1.4215	0.0
1.42625	0.0
1.431	0.0
1.43575	0.0
1.4405000000000001	0.0
1.44525	0.0
1.45	0.0
1.45475	0.0
1.4595	0.0
1.4642499999999998	0.0
1.4689999999999999	0.0
1.47375	0.0
1.4785	0.0
1.48325	0.0
1.488	0.0
1.49275	0.0
1.4975	0.0
1.50225	0.0
1.507	0.0
1.51175	0.0
1.5165	0.0
1.52125	0.0
1.526	0.0
1.53075	0.0
1.5354999999999999	0.0
1.54025	0.0
1.545	0.0
1.54975	0.0
1.5545	0.0
1.55925	0.0
1.564	0.0
1.5687499999999999	0.0
1.5735	0.0
1.57825	0.0
1.583	0.0
1.58775	0.0
1.5925	0.0
1.59725	0.0
1.6019999999999999	0.0
1.60675	0.0
1.6115	0.0
1.61625	0.0
1.621	0.0
1.62575	0.0
1.6305	0.0
1.6352499999999999	0.0
1.64	0.0
1.64475	0.0
1.6495	0.0
1.65425	0.0
1.659	0.0
1.66375	0.0
1.6684999999999999	0.0
1.67325	0.0
1.678	0.0
1.68275	0.0
1.6875	0.0
1.69225	0.0
1.697	0.0
1.7017499999999999	0.0
1.7065	0.0
1.71125	0.0
1.716	0.0
1.72075	0.0
1.7255	0.0
1.73025	0.0
1.7349999999999999	0.0
1.73975	0.0
1.7445	0.0
1.74925	0.0
1.754	0.0
1.75875	0.0
1.7635	0.0
1.7682499999999999	0.0
1.773	0.0
1.77775	0.0
1.7825	0.0
1.78725	0.0
1.792	0.0
1.79675	0.0
1.8014999999999999	0.0
1.80625	0.0
1.811	0.0
1.81575	0.0
1.8205	0.0
1.82525	0.0
1.83	0.0
1.8347499999999999	0.0
1.8395	0.0
1.84425	0.0
1.849	0.0
1.85375	0.0
1.8585	0.0
1.86325	0.0
1.8679999999999999	0.0
1.87275	0.0
1.8775	0.0
1.88225	0.0
1.887	0.0
1.89175	0.0
1.8965	0.0
1.9012499999999999	0.0
1.906	0.0
1.91075	0.0
1.9155	0.0
1.92025	0.0
1.925	0.0
1.9297499999999999	0.0
1.9344999999999999	0.0
1.93925	0.0
1.944	0.0
1.94875	0.0
1.9535	0.0
1.95825	0.0
1.9629999999999999	0.0
1.9677499999999999	0.0
1.9725	0.0
1.97725	0.0
1.982	0.0
1.98675	0.0
1.9915	0.0
1.9962499999999999	0.0
2.001	0.0
2.00575	0.0
2.0105	0.0
2.01525	0.0
2.02	0.0
2.02475	0.0
2.0294999999999996	0.0
2.03425	0.0
2.0389999999999997	0.0
2.04375	0.0
2.0484999999999998	0.0
2.0532500000000002	0.0
2.058	0.0
2.06275	0.0
2.0675	0.0
2.07225	0.0
2.077	0.0
2.08175	0.0
2.0865	0.0
2.09125	0.0
2.096	0.0
2.1007499999999997	0.0
2.1055	0.0
2.1102499999999997	0.0
2.115	0.0
2.11975	0.0
2.1245000000000003	0.0
2.12925	0.0
2.134	0.0
2.13875	0.0
2.1435	0.0
2.14825	0.0
2.153	0.0
2.15775	0.0
2.1624999999999996	0.0
2.16725	0.0
2.1719999999999997	0.0
2.17675	0.0
2.1814999999999998	0.0
2.1862500000000002	0.0
2.191	0.0
2.19575	0.0
2.2005	0.0
2.20525	0.0
2.21	0.0
2.21475	0.0
2.2195	0.0
2.22425	0.0
2.229	0.0
2.2337499999999997	0.0
2.2385	0.0
2.2432499999999997	0.0
2.248	0.0
2.25275	0.0
2.2575000000000003	0.0
2.26225	0.0
2.267	0.0
2.27175	0.0
2.2765	0.0
2.28125	0.0
2.286	0.0
2.29075	0.0
2.2954999999999997	0.0
2.30025	0.0
2.3049999999999997	0.0
2.30975	0.0
2.3145	0.0
2.3192500000000003	0.0
2.324	0.0
2.32875	0.0
2.3335	0.0
2.33825	0.0
2.343	0.0
2.34775	0.0
2.3525	0.0
2.3572499999999996	0.0
2.362	0.0
2.3667499999999997	0.0
2.3715	0.0
2.3762499999999998	0.0
2.3810000000000002	0.0
2.38575	0.0
2.3905	0.0
2.39525	0.0
2.4	0.0
2.40475	0.0
2.4095	0.0
2.41425	0.0
2.419	0.0
2.42375	0.0
2.4284999999999997	0.0
2.43325	0.0
2.4379999999999997	0.0
2.44275	0.0
2.4475	0.0
2.4522500000000003	0.0
2.457	0.0
2.46175	0.0
2.4665	0.0
2.47125	0.0
2.476	0.0
2.48075	0.0
2.4855	0.0
2.4902499999999996	0.0
2.495	0.0
2.4997499999999997	0.0
2.5045	0.0
2.5092499999999998	0.0
2.514	0.0
2.51875	0.0
2.5235	0.0
2.52825	0.0
2.533	0.0
2.53775	0.0
2.5425	0.0
2.54725	0.0
2.552	0.0
2.55675	0.0
2.5615	0.0
2.56625	0.0
2.5709999999999997	0.0
2.5757499999999998	0.0
2.5805	0.0
2.58525	0.0
2.59	0.0
2.59475	0.0
2.5995	0.0
2.60425	0.0
2.609	0.0
2.61375	0.0
2.6185	0.0
2.62325	0.0
2.628	0.0
2.63275	0.0
2.6374999999999997	0.0
2.6422499999999998	0.0
2.647	0.0
2.65175	0.0
2.6565	0.0
2.66125	0.0
2.666	0.0
2.67075	0.0
2.6755	0.0
2.68025	0.0
2.685	0.0
2.68975	0.0
2.6945	0.0
2.69925	0.0
2.7039999999999997	0.0
2.7087499999999998	0.0
2.7135	0.0
2.71825	0.0
2.723	0.0
2.72775	0.0
2.7325	0.0
2.73725	0.0
2.742	0.0
2.74675	0.0
2.7515	0.0
2.75625	0.0
2.761	0.0
2.76575	0.0
2.7704999999999997	0.0
2.7752499999999998	0.0
2.78	0.0
2.78475	0.0
2.7895	0.0
2.79425	0.0
2.799	0.0
2.80375	0.0
2.8085	0.0
2.81325	0.0
2.818	0.0
2.82275	0.0
2.8275	0.0
2.83225	0.0
2.8369999999999997	0.0
2.8417499999999998	0.0
2.8465	0.0
2.85125	0.0
2.856	0.0
2.86075	0.0
2.8655	0.0
2.87025	0.0
2.875	0.0
2.87975	0.0
2.8845	0.0
2.88925	0.0
2.894	0.0
2.89875	0.0
2.9034999999999997	0.0
2.90825	0.0
2.913	0.0
2.91775	0.0
2.9225	0.0
2.92725	0.0
2.932	0.0
2.93675	0.0
2.9415	0.0
2.94625	0.0
2.951	0.0
2.95575	0.0
2.9605	0.0
2.9652499999999997	0.0
2.9699999999999998	0.0
2.97475	0.0
2.9795	0.0
2.98425	0.0
2.989	0.0
2.99375	0.0
2.9985	0.0
3.00325	0.0
3.008	0.0
3.01275	0.0
3.0175	0.0
3.02225	0.0
3.027	0.0
3.0317499999999997	0.0
3.0364999999999998	0.0
3.04125	0.0
3.046	0.0
3.05075	0.0
3.0555	0.0
3.06025	0.0
3.065	0.0
3.06975	0.0
3.0745	0.0
3.07925	0.0
3.084	0.0
3.08875	0.0
3.0935	0.0
3.0982499999999997	0.0
3.1029999999999998	0.0
3.10775	0.0
3.1125	0.0
3.11725	0.0
3.122	0.0
3.12675	0.0
3.1315	0.0
3.13625	0.0
3.141	0.0
3.14575	0.0
3.1505	0.0
3.15525	0.0
3.16	0.0
3.1647499999999997	0.0
3.1694999999999998	0.0
3.17425	0.0
3.179	0.0
3.18375	0.0
3.1885	0.0
3.19325	0.0
3.198	0.0
3.20275	0.0
3.2075	0.0
3.21225	0.0
3.217	0.0
3.22175	0.0
3.2265	0.0
3.2312499999999997	0.0
3.2359999999999998	0.0
3.24075	0.0
3.2455	0.0
3.25025	0.0
3.255	0.0
3.25975	0.0
3.2645	0.0
3.26925	0.0
3.274	0.0
3.27875	0.0
3.2835	0.0
3.28825	0.0
3.293	0.0
3.2977499999999997	0.0
3.3024999999999998	0.0
3.30725	0.0
3.312	0.0
3.31675	0.0
3.3215	0.0
3.32625	0.0
3.331	0.0
3.33575	0.0
3.3405	0.0
3.34525	0.0
3.35	0.0
3.35475	0.0
3.3594999999999997	0.0
3.3642499999999997	0.0
3.3689999999999998	0.0
3.37375	0.0
3.3785	0.0
3.38325	0.0
3.388	0.0
3.39275	0.0
3.3975	0.0
3.40225	0.0
3.407	0.0
3.41175	0.0
3.4165	0.0
3.42125	0.0
3.4259999999999997	0.0
3.4307499999999997	0.0
3.4354999999999998	0.0
3.44025	0.0
3.445	0.0
3.44975	0.0
3.4545	0.0
3.45925	0.0
3.464	0.0
3.46875	0.0
3.4735	0.0
3.47825	0.0
3.483	0.0
3.48775	0.0
3.4924999999999997	0.0
3.4972499999999997	0.0
3.502	0.0
3.50675	0.0
3.5115	0.0
3.51625	0.0
3.521	0.0
3.52575	0.0
3.5305	0.0
3.53525	0.0
3.54	0.0
3.54475	0.0
3.5495	0.0
3.55425	0.0
3.5589999999999997	0.0
3.5637499999999998	0.0
3.5685	0.0
3.57325	0.0
3.578	0.0
3.58275	0.0
3.5875	0.0
3.59225	0.0
3.597	0.0
3.60175	0.0
3.6065	0.0
3.61125	0.0
3.616	0.0
3.62075	0.0
3.6254999999999997	0.0
3.6302499999999998	0.0
3.635	0.0
3.63975	0.0
3.6445	0.0
3.64925	0.0
3.654	0.0
3.65875	0.0
3.6635	0.0
3.66825	0.0
3.673	0.0
3.67775	0.0
3.6825	0.0
3.68725	0.0
3.6919999999999997	0.0
3.6967499999999998	0.0
3.7015	0.0
3.70625	0.0
3.711	0.0
3.71575	0.0
3.7205	0.0
3.72525	0.0
3.73	0.0
3.73475	0.0
3.7395	0.0
3.74425	0.0
3.749	0.0
3.7537499999999997	0.0
3.7584999999999997	0.0
3.7632499999999998	0.0
3.768	0.0
3.77275	0.0
3.7775	0.0
3.78225	0.0
3.787	0.0
3.79175	0.0
3.7965	0.0
3.80125	0.0
3.806	0.0
3.81075	0.0
3.8155	0.0
3.8202499999999997	0.0
3.8249999999999997	0.0
3.8297499999999998	0.0
3.8345	0.0
3.83925	0.0
3.844	0.0
3.84875	0.0
3.8535	0.0
3.85825	0.0
3.863	0.0
3.86775	0.0
3.8725	0.0
3.87725	0.0
3.882	0.0
3.8867499999999997	0.0
3.8914999999999997	0.0
3.8962499999999998	0.0
3.901	0.0
3.90575	0.0
3.9105	0.0
3.91525	0.0
3.92	0.0
3.92475	0.0
3.9295	0.0
3.93425	0.0
3.939	0.0
3.94375	0.0
3.9485	0.0
3.9532499999999997	0.0
3.9579999999999997	0.0
3.9627499999999998	0.0
3.9675	0.0
3.97225	0.0
3.977	0.0
3.98175	0.0
3.9865	0.0
3.99125	0.0
3.996	0.0
4.00075	0.0
4.0055	0.0
4.01025	0.0
4.015000000000001	0.0
4.01975	0.0
4.0245	0.0
4.029249999999999	0.0
4.034	0.0
4.03875	0.0
4.0435	0.0
4.0482499999999995	0.0
4.053	0.0
4.05775	0.0
4.0625	0.0
4.06725	0.0
4.072	0.0
4.0767500000000005	0.0
4.0815	0.0
4.08625	0.0
4.090999999999999	0.0
4.09575	0.0
4.1005	0.0
4.10525	0.0
4.109999999999999	0.0
4.11475	0.0
4.1195	0.0
4.12425	0.0
4.129	0.0
4.13375	0.0
4.1385000000000005	0.0
4.14325	0.0
4.148	0.0
4.152749999999999	0.0
4.1575	0.0
4.16225	0.0
4.167	0.0
4.171749999999999	0.0
4.1765	0.0
4.18125	0.0
4.186	0.0
4.1907499999999995	0.0
4.1955	0.0
4.2002500000000005	0.0
4.205	0.0
4.20975	0.0
4.214499999999999	0.0
4.21925	0.0
4.224	0.0
4.22875	0.0
4.233499999999999	0.0
4.23825	0.0
4.243	0.0
4.24775	0.0
4.2524999999999995	0.0
4.25725	0.0
4.2620000000000005	0.0
4.26675	0.0
4.2715	0.0
4.27625	0.0
4.281	0.0
4.28575	0.0
4.2905	0.0
4.295249999999999	0.0
4.3	0.0
4.30475	0.0
4.3095	0.0
4.3142499999999995	0.0
4.319	0.0
4.32375	0.0
4.3285	0.0
4.33325	0.0
4.338	0.0
4.3427500000000006	0.0
4.3475	0.0
4.35225	0.0
4.356999999999999	0.0
4.36175	0.0
4.3665	0.0
4.37125	0.0
4.3759999999999994	0.0
4.38075	0.0
4.3855	0.0
4.39025	0.0
4.395	0.0
4.39975	0.0
4.4045000000000005	0.0
4.40925	0.0
4.414	0.0
4.418749999999999	0.0
4.4235	0.0
4.42825	0.0
4.433	0.0
4.437749999999999	0.0
4.4425	0.0
4.44725	0.0
4.452	0.0
4.4567499999999995	0.0
4.4615	0.0
4.4662500000000005	0.0
4.471	0.0
4.47575	0.0
4.480499999999999	0.0
4.48525	0.0
4.49	0.0
4.49475	0.0
4.499499999999999	0.0
4.50425	0.0
4.509	0.0
4.51375	0.0
4.5184999999999995	0.0
4.52325	0.0
4.528	0.0
4.53275	0.0
4.5375	0.0
4.54225	0.0
4.547	0.0
4.55175	0.0
4.5565	0.0
4.56125	0.0
4.566	0.0
4.57075	0.0
4.5755	0.0
4.5802499999999995	0.0
4.585	0.0
4.5897499999999996	0.0
4.5945	0.0
4.59925	0.0
4.604	0.0
4.60875	0.0
4.6135	0.0
4.61825	0.0
4.623	0.0
4.62775	0.0
4.6325	0.0
4.63725	0.0
4.6419999999999995	0.0
4.64675	0.0
4.6514999999999995	0.0
4.65625	0.0
4.661	0.0
4.66575	0.0
4.6705	0.0
4.67525	0.0
4.68	0.0
4.68475	0.0
4.6895	0.0
4.69425	0.0
4.699	0.0
4.70375	0.0
4.7085	0.0
4.7132499999999995	0.0
4.718	0.0
4.72275	0.0
4.7275	0.0
4.73225	0.0
4.737	0.0
4.74175	0.0
4.7465	0.0
4.75125	0.0
4.756	0.0
4.76075	0.0
4.7655	0.0
4.77025	0.0
4.7749999999999995	0.0
4.77975	0.0
4.7844999999999995	0.0
4.78925	0.0
4.794	0.0
4.79875	0.0
4.8035	0.0
4.80825	0.0
4.813	0.0
4.81775	0.0
4.8225	0.0
4.82725	0.0
4.832	0.0
4.83675	0.0
4.8415	0.0
4.8462499999999995	0.0
4.851	0.0
4.85575	0.0
4.8605	0.0
4.86525	0.0
4.87	0.0
4.87475	0.0
4.8795	0.0
4.88425	0.0
4.889	0.0
4.89375	0.0
4.8985	0.0
4.90325	0.0
4.9079999999999995	0.0
4.91275	0.0
4.9174999999999995	0.0
4.92225	0.0
4.927	0.0
4.93175	0.0
4.9365	0.0
4.94125	0.0
4.946	0.0
4.95075	0.0
4.9555	0.0
4.96025	0.0
4.965	0.0
4.9697499999999994	0.0
4.9745	0.0
4.9792499999999995	0.0
4.984	0.0
4.98875	0.0
4.9935	0.0
4.99825	0.0
5.003	0.0
5.00775	0.0
5.0125	0.0
5.01725	0.0
5.022	0.0
5.02675	0.0
5.0315	0.0
5.03625	0.0
5.0409999999999995	0.0
5.04575	0.0
5.0504999999999995	0.0
5.05525	0.0
5.06	0.0
5.06475	0.0
5.0695	0.0
5.07425	0.0
5.079	0.0
5.08375	0.0
5.0885	0.0
5.09325	0.0
5.098	0.0
5.1027499999999995	0.0
5.1075	0.0
5.1122499999999995	0.0
5.117	0.0
5.12175	0.0
5.1265	0.0
5.13125	0.0
5.136	0.0
5.14075	0.0
5.1455	0.0
5.15025	0.0
5.155	0.0
5.15975	0.0
5.1645	0.0
5.16925	0.0
5.1739999999999995	0.0
5.17875	0.0
5.1834999999999996	0.0
5.18825	0.0
5.193	0.0
5.19775	0.0
5.2025	0.0
5.20725	0.0
5.212	0.0
5.21675	0.0
5.2215	0.0
5.22625	0.0
5.231	0.0
5.2357499999999995	0.0
5.2405	0.0
5.2452499999999995	0.0
5.25	0.0
5.25475	0.0
5.2595	0.0
5.26425	0.0
5.269	0.0
5.27375	0.0
5.2785	0.0
5.28325	0.0
5.288	0.0
5.29275	0.0
5.2975	0.0
5.30225	0.0
5.3069999999999995	0.0
5.31175	0.0
5.3165	0.0
5.32125	0.0
5.326	0.0
5.33075	0.0
5.3355	0.0
5.34025	0.0
5.345	0.0
5.34975	0.0
5.3545	0.0
5.35925	0.0
5.364	0.0
5.3687499999999995	0.0
5.3735	0.0
5.3782499999999995	0.0
5.383	0.0
5.38775	0.0
5.3925	0.0
5.39725	0.0
5.402	0.0
5.40675	0.0
5.4115	0.0
5.41625	0.0
5.421	0.0
5.42575	0.0
5.430499999999999	0.0
5.43525	0.0
5.4399999999999995	0.0
5.44475	0.0
5.4495	0.0
5.45425	0.0
5.459	0.0
5.46375	0.0
5.4685	0.0
5.47325	0.0
5.478	0.0
5.48275	0.0
5.4875	0.0
5.49225	0.0
5.497	0.0
5.5017499999999995	0.0
5.5065	0.0
5.5112499999999995	0.0
5.516	0.0
5.52075	0.0
5.5255	0.0
5.53025	0.0
5.535	0.0
5.53975	0.0
5.5445	0.0
5.54925	0.0
5.554	0.0
5.55875	0.0
5.5634999999999994	0.0
5.56825	0.0
5.5729999999999995	0.0
5.57775	0.0
5.5825	7.4e-323
5.58725	1.307e-320
5.592	2.21651e-318
5.59675	3.69292776e-316
5.6015	6.0427208764e-314
5.60625	9.71080517131e-312
5.611	1.532635682705196e-309
5.61575	2.3756562990624263e-307
5.6205	3.6165066632786606e-305
5.62525	5.406994340950578e-303
5.63	7.93932435488724e-301
5.6347499999999995	1.1449121381398813e-298
5.6395	1.6215179437156448e-296
5.6442499999999995	2.2554455280105826e-294
5.649	3.0810866427422973e-292
5.65375	4.133676294021093e-290
5.6585	5.44665668897796e-288
5.66325	7.0483023251621595e-286
5.668	8.957772551310802e-284
5.67275	1.1180893800495492e-281
5.6775	1.3706103230653024e-279
5.68225	1.6501083392991164e-277
5.687	1.9510657465097952e-275
5.69175	2.2656474635596408e-273
5.6964999999999995	2.583888378916518e-271
5.70125	2.894117422891942e-269
5.7059999999999995	3.1836075898640202e-267
5.71075	3.4394096043380384e-265
5.7155	3.649297356598448e-263
5.72025	3.802730867743689e-261
5.725	3.891731880487881e-259
5.72975	3.911571009681819e-257
5.7345	3.861184107630216e-255
5.73925	3.7432668298614924e-253
5.744	3.5640357060574134e-251
5.74875	3.332685188953614e-249
5.7535	3.0606066749986473e-247
5.75825	2.760461760127666e-245
5.763	2.445214341062488e-243
5.7677499999999995	2.127223478473403e-241
5.7725	1.8174827006432432e-239
5.7772499999999996	1.5250652959759258e-237
5.782	1.2568040622723899e-235
5.78675	1.0172031529527947e-233
5.7915	8.08553579596744e-232
5.79625	6.312056755704159e-230
5.801	4.839427309433318e-228
5.80575	3.6439971716891904e-226
5.8105	2.694778514848934e-224
5.81525	1.9571725031633915e-222
5.82	1.3960343991730729e-220
5.82475	9.779668152986815e-219
5.8294999999999995	6.728420133823337e-217
5.83425	4.546352123508439e-215
5.8389999999999995	3.016991052020152e-213
5.84375	1.96628270479229e-211
5.8485	1.2585743628713995e-209
5.85325	7.911754217766649e-208
5.858	4.8845850752988403e-206
5.86275	2.961716969327995e-204
5.8675	1.7636825329141832e-202
5.87225	1.0314739362510364e-200
5.877	5.924573447239906e-199
5.88175	3.3420804637686e-197
5.8865	1.851559617510177e-195
5.891249999999999	1.0074406797427727e-193
5.896	5.383469428109915e-192
5.9007499999999995	2.825309328606697e-190
5.9055	1.4562325704467328e-188
5.91025	7.37151004858628e-187
5.915	3.664739996339141e-185
5.91975	1.7893317112971422e-183
5.9245	8.580241942287616e-182
5.92925	4.040817106132741e-180
5.934	1.868959276904661e-178
5.93875	8.489682872248997e-177
5.9435	3.787425348013959e-175
5.94825	1.6594251953749073e-173
5.953	7.14055983516274e-172
5.95775	3.017642796263908e-170
5.9624999999999995	1.252461493243596e-168
5.96725	5.1053076619764626e-167
5.9719999999999995	2.0438096271565106e-165
5.97675	8.035630277437343e-164
5.9815	3.1028475414292983e-162
5.98625	1.1766895923078848e-160
5.991	4.38252469470102e-159
5.99575	1.603052760448291e-157
6.0005	5.758803305486429e-156
6.00525	2.031784574624004e-154
6.01	7.040184763751012e-153
6.01475	2.395804849999375e-151
6.0195	8.007183975781444e-150
6.024249999999999	2.628265044756515e-148
6.029	8.472654473835139e-147
6.0337499999999995	2.682444942792413e-145
6.0385	8.34071194412506e-144
6.04325	2.5470437979379692e-142
6.048	7.638897593695594e-141
6.05275	2.2500177672929043e-139
6.0575	6.508818955827214e-138
6.06225	1.8491809915158768e-136
6.067	5.159619006325464e-135
6.07175	1.4138939360503876e-133
6.0765	3.8051958502478685e-132
6.08125	1.005768851920231e-130
6.086	2.610840454766162e-129
6.09075	6.65615566107662e-128
6.0954999999999995	1.666585468763208e-126
6.10025	4.098195729361337e-125
6.1049999999999995	9.897346766615894e-124
6.10975	2.3475014079394582e-122
6.1145	5.468319996751707e-121
6.11925	1.251016289870488e-119
6.124	2.8108197306174448e-118
6.12875	6.202460492106874e-117
6.1335	1.3441755900188013e-115
6.13825	2.860941561355981e-114
6.143	5.980299766687156e-113
6.14775	1.2277159709122118e-111
6.1525	2.4753341968431675e-110
6.1572499999999994	4.901519812974964e-109
6.162	9.532101713732039e-108
6.1667499999999995	1.8205707374895556e-106
6.1715	3.4149742439612203e-105
6.17625	6.291124672374774e-104
6.181	1.1382302819787602e-102
6.18575	2.0225206478798036e-101
6.1905	3.5295291825168636e-100
6.19525	6.049250578199063e-99
6.2	1.0182334428436441e-97
6.20475	1.6832713194602424e-96
6.2095	2.7328882610546077e-95
6.21425	4.3576325990684184e-94
6.218999999999999	6.824020641567907e-93
6.22375	1.0495207685167056e-91
6.2284999999999995	1.5852681234005093e-90
6.23325	2.3516647063676524e-89
6.2379999999999995	3.4261712020507686e-88
6.24275	4.902343112613707e-87
6.2475	6.889049927962603e-86
6.25225	9.50771040578775e-85
6.257	1.2887050862268217e-83
6.26175	1.7155055389863933e-82
6.2665	2.2428059071792856e-81
6.27125	2.879733128420556e-80
6.276	3.6313974008726275e-79
6.28075	4.497345978017802e-78
6.2855	5.47015715916044e-77
6.2902499999999995	6.534378597174413e-76
6.295	7.666016820622974e-75
6.2997499999999995	8.832755862643927e-74
6.3045	9.995020061990509e-73
6.30925	1.1107903502048138e-71
6.314	1.2123876699175759e-70
6.31875	1.2996065998583888e-69
6.3235	1.368180165126806e-68
6.32825	1.4146065235402742e-67
6.333	1.4364450186664493e-66
6.33775	1.4325287385213447e-65
6.3425	1.4030678185712095e-64
6.34725	1.3496307617331819e-63
6.351999999999999	1.2750060863644874e-62
6.35675	1.1829612860453556e-61
6.3614999999999995	1.0779280930536712e-60
6.36625	9.646505893718874e-60
6.3709999999999996	8.478348455552361e-59
6.37575	7.318355031468069e-58
6.3805	6.204069745349202e-57
6.38525	5.165363069301042e-56
6.39	4.223631492587403e-55
6.39475	3.391815108260725e-54
6.3995	2.675095592629648e-53
6.40425	2.072084327725113e-52
6.409	1.576291489001622e-51
6.41375	1.1776781567231037e-50
6.4185	8.641272363692157e-50
6.4232499999999995	6.2271560966894164e-49
6.428	4.407200366350468e-48
6.4327499999999995	3.0633514364862615e-47
6.4375	2.0911820166480096e-46
6.44225	1.4019994149555117e-45
6.447	9.23134142695724e-45
6.45175	5.969566300752409e-44
6.4565	3.791243954140108e-43
6.46125	2.364730571828923e-42
6.466	1.4485803376547527e-41
6.47075	8.714941787231433e-41
6.4755	5.149290336020539e-40
6.48025	2.988073344601456e-39
6.484999999999999	1.7029273152642301e-38
6.48975	9.531515416159795e-38
6.4944999999999995	5.239487181234572e-37
6.49925	2.828632938585327e-36
6.504	1.4997725171575827e-35
6.50875	7.809714764699649e-35
6.5135	3.993980482933e-34
6.51825	2.0060312253409812e-33
6.523	9.895333232960518e-33
6.52775	4.793846720939885e-32
6.5325	2.2808611508619086e-31
6.53725	1.0657971069202106e-30
6.542	4.8911525763995094e-30
6.54675	2.2044937339362922e-29
6.5515	9.758150489243821e-29
6.5562499999999995	4.242160920260452e-28
6.561	1.811205593718912e-27
6.5657499999999995	7.594677685512579e-27
6.5705	3.127605214228295e-26
6.57525	1.2649562181704923e-25
6.58	5.024583231189635e-25
6.58475	1.9601331771205952e-24
6.5895	7.50986446576492e-24
6.59425	2.825788174337182e-23
6.599	1.0442586757292848e-22
6.60375	3.789985648669958e-22
6.6085	1.3509149984088122e-21
6.61325	4.729110545453962e-21
6.617999999999999	1.6258927450048737e-20
6.62275	5.489911013020532e-20
6.6274999999999995	1.8205378027855076e-19
6.63225	5.929186106815042e-19
6.637	1.8964938901193277e-18
6.64175	5.95756511874811e-18
6.6465	1.8380068806629193e-17
6.65125	5.569118414231334e-17
6.656	1.6572451481639332e-16
6.66075	4.843374431991872e-16
6.6655	1.3901777011122354e-15
6.67025	3.918804298965062e-15
6.675	1.0849202570708059e-14
6.679749999999999	2.949871141363937e-14
6.6845	7.877152561504252e-14
6.6892499999999995	2.0658389095435194e-13
6.694	5.320894325435673e-13
6.6987499999999995	1.3459651004135206e-12
6.7035	3.343828147206108e-12
6.70825	8.158589531601648e-12
6.713	1.9550019864467447e-11
6.71775	4.6008736506772576e-11
6.7225	1.0633944644218715e-10
6.72725	2.41384549410503e-10
6.732	5.381279205921272e-10
6.73675	1.1782096299728331e-09
6.7415	2.5334981698008e-09
6.74625	5.350318134507891e-09
6.7509999999999994	1.1096847106759125e-08
6.75575	2.2603754561819927e-08
6.7604999999999995	4.521916600094588e-08
6.76525	8.88434670049186e-08
6.77	1.7143102918558822e-07
6.77475	3.2487354799793544e-07
6.7795	6.046447064954258e-07
6.78425	1.1052159486868125e-06
6.789	1.9840609805443814e-06
6.79375	3.4980327692617027e-06
6.7985	6.05694619320062e-06
6.80325	1.0300173549419869e-05
6.808	1.7202689614867332e-05
6.812749999999999	2.8216890274499387e-05
6.8175	4.545513268233952e-05
6.8222499999999995	7.1914703602647e-05
6.827	0.00011174122920495994
6.8317499999999995	0.00017051797980266358
6.8365	0.00025555706844146783
6.84125	0.00037615479389137036
6.846	0.0005437587882395155
6.85075	0.0007719816223936256
6.8555	0.0010763874338558684
6.86025	0.0014739788803882583
6.865	0.001982325133454973
6.86975	0.0026183005586300936
6.8745	0.003396448971097321
6.87925	0.004327047615984715
6.8839999999999995	0.0054140123134941796
6.88875	0.006652850873411973
6.8934999999999995	0.00802892355117373
6.89825	0.00951629379323064
6.903	0.011077438425645722
6.90775	0.012664027138867036
6.9125	0.014218877250113306
6.91725	0.015679050614894535
6.922	0.01697990295425405
6.92675	0.018059745673301198
6.9315	0.01886466254879254
6.93625	0.01935296166854731
6.941	0.019498752039935147
6.945749999999999	0.01929421800069053
6.9505	0.01875031337424275
6.9552499999999995	0.017895789569007267
6.96	0.016774677633090554
6.9647499999999996	0.015442531147272709
6.9695	0.013961875906595488
6.97425	0.012397383788717301
6.979	0.010811284670989558
6.98375	0.009259457536491352
6.9885	0.007788516969486762
6.99325	0.006434058142730691
6.998	0.005220068192829647
7.00275	0.004159377674347405
7.007499999999999	0.003254929008928593
7.01225	0.002501587337954016
7.0169999999999995	0.001888212219060297
7.02175	0.0013997385449447573
7.0264999999999995	0.0010190700192499221
7.03125	0.0007286552736760131
7.036	0.0005116832312214433
7.04075	0.00035289153539645154
7.0455	0.00023902442528428384
7.05025	0.00015900263025247734
7.055	0.0001038788944897115
7.05975	6.665171278884814e-05
7.0645	4.200067730873744e-05
7.06925	2.5993350220309662e-05
7.074	1.579898574395464e-05
7.078749999999999	9.430986881395144e-06
7.0835	5.5289932391210466e-06
7.0882499999999995	3.183434815566299e-06
7.093	1.8001423489978576e-06
7.09775	9.997207835400526e-07
7.1025	5.452699665766421e-07
7.10725	2.920824202394181e-07
7.112	1.5365979318829381e-07
7.11675	7.939187424512585e-08
7.1215	4.028587952399892e-08
7.12625	2.007662139677512e-08
7.131	9.826285840409169e-09
7.13575	4.7233392776497595e-09
7.140499999999999	2.2298203541147282e-09
7.14525	1.0338358628899002e-09
7.1499999999999995	4.70754300310969e-10
7.15475	2.105222403721875e-10
7.1594999999999995	9.246186622741461e-11
7.16425	3.9883045250269784e-11
7.169	1.689565186137689e-11
7.17375	7.0294699347399595e-12
7.1785	2.8723091912624094e-12
7.18325	1.1526588330819532e-12
7.188	4.542881014631892e-13
7.19275	1.7584212606666523e-13
7.1975	6.684600770019414e-14
7.20225	2.495680627274607e-14
7.207	9.150894018902192e-15
7.211749999999999	3.2953308792391777e-15
7.2165	1.1654550149045008e-15
7.2212499999999995	4.0481163513413275e-16
7.226	1.3809292947000112e-16
7.23075	4.626482071326979e-17
7.2355	1.5222686689576695e-17
7.24025	4.919180051815389e-18
7.245	1.5611876730570351e-18
7.24975	4.866071575070995e-19
7.2545	1.4895766520938554e-19
7.25925	4.478248662596662e-20
7.264	1.3222529294610181e-20
7.26875	3.834262618541084e-21
7.273499999999999	1.0919686202685509e-21
7.27825	3.05421393746949e-22
7.2829999999999995	8.389766674218051e-23
7.28775	2.26341251209739e-23
7.2924999999999995	5.997609227822185e-24
7.29725	1.5631594984109202e-24
7.302	4.0991449536269972e-25
7.30675	1.4583751775287876e-25
7.3115	2.0964027153186985e-25
7.31625	7.405472798447896e-25
7.321	2.8665123873412823e-24
7.32575	1.0975283008030689e-23
7.3305	4.128843230089125e-23
7.33525	1.5255049278840987e-22
7.34	5.535546795951683e-22
7.3447499999999994	1.9727337095526652e-21
7.3495	6.904582007406081e-21
7.3542499999999995	2.37338013707712e-20
7.359	8.012318398679554e-20
7.36375	2.656501586822122e-19
7.3685	8.650136180622577e-19
7.37325	2.766284187927546e-18
7.378	8.68823638683084e-18
7.38275	2.679954664789211e-17
7.3875	8.118658070449576e-17
7.39225	2.415472174203918e-16
7.397	7.05798630755863e-16
7.40175	2.0254455322170417e-15
7.406499999999999	5.708490867171475e-15
7.41125	1.580094411352386e-14
7.4159999999999995	4.2954211189273475e-14
7.42075	1.1468046459864237e-13
7.4254999999999995	3.0070048180407717e-13
7.43025	7.743544327839557e-13
7.435	1.958422717474153e-12
7.43975	4.8644536797353574e-12
7.4445	1.1866501295093476e-11
7.44925	2.842970113469911e-11
7.454	6.689334017907113e-11
7.45875	1.5458040988601758e-10
7.4635	3.5082215469760295e-10
7.468249999999999	7.819528255061871e-10
7.473	1.711729279879349e-09
7.4777499999999995	3.68002348628774e-09
7.4825	7.77010854707077e-09
7.4872499999999995	1.611256068041101e-08
7.492	3.2814291412953756e-08
7.49675	6.56330338705745e-08
7.5015	1.2892671398765245e-07
7.50625	2.487278021089765e-07
7.511	4.7126668044426056e-07
7.51575	8.769404904932649e-07
7.5205	1.6026345283248842e-06
7.52525	2.8764700212749226e-06
7.53	5.070446370882604e-06
7.53475	8.77795842798e-06
7.539499999999999	1.4924570107134634e-05
7.54425	2.492132481736625e-05
7.5489999999999995	4.0869695836194245e-05
7.55375	6.582527317033145e-05
7.5584999999999996	0.00010412257962530284
7.56325	0.00016175516345634178
7.568	0.00024679273512703907
7.57275	0.00036980056814962456
7.5775	0.0005442065462062939
7.58225	0.0007865402169938876
7.587	0.001116449517523764
7.59175	0.0015563892829955981
7.5965	0.002130876881245384
7.601249999999999	0.00286522985720568
7.606	0.0037837424135354985
7.6107499999999995	0.004907322985600158
7.6155	0.006250700742976469
7.6202499999999995	0.007819405872909451
7.625	0.009606823011024855
7.62975	0.011591691324466349
7.6345	0.013736459514584774
7.63925	0.015986883045242085
7.644	0.01827316474677117
7.64875	0.020512789636975264
7.6535	0.022615003921665135
7.65825	0.02448666237210446
7.663	0.02603895214542616
7.66775	0.02719433219322412
7.672499999999999	0.027892939055239808
7.67725	0.02809772399217991
7.6819999999999995	0.0277977081413562
7.68675	0.02700895766465075
7.6915	0.02577315835021056
7.69625	0.024153965664809957
7.701	0.022231575014975972
7.70575	0.02009615646930822
7.7105	0.017840900036630688
7.71525	0.015555411373883141
7.72	0.013320092060554824
7.72475	0.011201957915788024
7.7295	0.009252127990396344
7.734249999999999	0.007504993368396527
7.739	0.0059788819846147475
7.7437499999999995	0.00467789686249765
7.7485	0.0035945316564945187
7.7532499999999995	0.002712657979263858
7.758	0.002010522621815088
7.76275	0.0014634722655162934
7.7675	0.0010462195876540584
7.77225	0.000734560497317689
7.777	0.0005065345933827013
7.78175	0.00034308218271365847
7.7865	0.000228288949532056
7.79125	0.00014932544345708535
7.795999999999999	9.618747664211466e-05
7.80075	6.133098020027863e-05
7.805499999999999	3.927644625822612e-05
7.81025	2.6238376690840895e-05
7.8149999999999995	1.981736416694086e-05
7.81975	1.8778252084140748e-05
7.8245	2.2927647283105515e-05
7.82925	3.309725905945486e-05
7.834	5.1234779768342125e-05
7.83875	8.059959651460088e-05
7.8435	0.0001260547385101133
7.84825	0.00019443754421371253
7.853	0.0002949785338578748
7.85775	0.00043972073461741735
7.8625	0.0006438712916459235
7.867249999999999	0.0009259961685469431
7.872	0.0013079512323706734
7.8767499999999995	0.0018144345047393477
7.8815	0.0024720509823834354
7.8862499999999995	0.0033078088544594864
7.891	0.004347017841364679
7.89575	0.005610636755281001
7.9005	0.007112213145144114
7.90525	0.008854662133042266
7.91	0.010827228002192312
7.91475	0.0130030410088152
7.9195	0.015337703342550095
7.92425	0.01776929635606391
7.928999999999999	0.020220088900827788
7.93375	0.022600048714490444
7.9384999999999994	0.02481203377120204
7.94325	0.026758299066207955
7.9479999999999995	0.028347735122397202
7.95275	0.029503097353398518
7.9575	0.030167423184830032
7.96225	0.030308885117070368
7.967	0.029923492008668597
7.97175	0.029035306575600446
7.9765	0.0276941559009577
7.98125	0.02597112474317484
7.986	0.023952388732587836
7.99075	0.021732124899973688
7.9955	0.01940530548554179
8.00025	0.017061133215283707
8.004999999999999	0.014777728014585195
8.00975	0.012618458137432488
8.0145	0.010630063243099773
8.01925	0.008842483709800411
8.024000000000001	0.007270122956145965
8.028749999999999	0.005914148969799575
8.0335	0.004765394504424818
8.03825	0.0038074361078655897
8.043	0.003019504067317353
8.04775	0.0023789771816054997
8.0525	0.0018633263694840308
8.05725	0.0014514714318465509
8.062	0.0011245936588029173
8.066749999999999	0.0008664978861840252
8.0715	0.0006636414592734853
8.07625	0.0005049490588681875
8.081	0.000381518519767406
8.08575	0.00028630113737571165
8.090499999999999	0.00021381710526590232
8.09525	0.00015994750279506905
8.1	0.0001218314822472102
8.10475	9.789190755672784e-05
8.1095	8.801400046738622e-05
8.11425	9.390764053237415e-05
8.119	0.0001196919444031867
8.123750000000001	0.00017274687964632685
8.128499999999999	0.00026487645814602713
8.13325	0.0004138164177200448
8.138	0.0006450909522584436
8.14275	0.0009941732996799364
8.1475	0.0015088310291064353
8.152249999999999	0.0022514394693357643
8.157	0.0033009321978363475
8.16175	0.004753939352651048
8.1665	0.006724564150219468
8.17125	0.009342193807078757
8.176	0.012746765300473402
8.18075	0.01708103937856438
8.185500000000001	0.022479698488240663
8.190249999999999	0.02905547778950804
8.195	0.036883038781647975
8.19975	0.04598184729575641
8.2045	0.0562998378436759
8.20925	0.06770003106082838
8.213999999999999	0.07995241395251391
8.21875	0.0927332070841589
8.2235	0.10563308512337513
8.22825	0.11817500604635398
8.233	0.12984113019112498
8.23775	0.14010702958756463
8.2425	0.14848020171254697
8.247250000000001	0.15453902099770286
8.251999999999999	0.15796786520071981
8.25675	0.15858434985982725
8.2615	0.15635540098969475
8.26625	0.15140019478065525
8.271	0.14397960067077017
8.275749999999999	0.13447342925687367
8.2805	0.12334824653757055
8.28525	0.11111954764098916
8.29	0.09831254391756902
8.29475	0.08542566884030303
8.2995	0.07290021786326899
8.30425	0.06109845793823939
8.309000000000001	0.05029127624304676
8.313749999999999	0.04065519505797884
8.3185	0.03227753984548826
8.32325	0.02516783090222352
8.328	0.019273124789522648
8.33275	0.014495041530534679
8.337499999999999	0.01070650635825298
8.34225	0.007766709815503636
8.347	0.005533340088641057
8.35175	0.003871672667670084
8.3565	0.002660546698777626
8.36125	0.0017955773748763433
8.366	0.0011901408096168038
8.370750000000001	0.000774735674886041
8.375499999999999	0.0004953016181083207
8.38025	0.000310990357387746
8.385	0.0001917719501629773
8.38975	0.0001161406441805018
8.3945	6.907873261716396e-05
8.399249999999999	4.035203820255355e-05
8.404	2.3149817717206784e-05
8.40875	1.3043395406187e-05
8.413499999999999	7.2176318935088446e-06
8.41825	3.9224713693430525e-06
8.423	2.0935619685954636e-06
8.42775	1.0974199299216805e-06
8.432500000000001	5.649640978484955e-07
8.437249999999999	2.85647115042782e-07
8.442	1.4184035796640586e-07
8.44675	6.917207118030584e-08
8.4515	3.31300983692423e-08
8.45625	1.5583882163530584e-08
8.460999999999999	7.199288383387773e-09
8.46575	3.2663631698275735e-09
8.4705	1.455460267274532e-09
8.475249999999999	6.369380922820883e-10
8.48	2.73750597692158e-10
8.48475	1.1555105471729192e-10
8.4895	4.790200992913577e-11
8.494250000000001	1.9502691164407475e-11
8.498999999999999	7.798235299767036e-12
8.50375	3.0623802237039488e-12
8.5085	1.181089673502576e-12
8.51325	4.473707832308147e-13
8.518	1.6642300057772954e-13
8.52275	6.080230767670649e-14
8.5275	2.1816634809406827e-14
8.53225	7.688054368136919e-15
8.536999999999999	2.66076252024734e-15
8.54175	9.043921155105404e-16
8.5465	3.0190367889437186e-16
8.55125	9.897853638558165e-17
8.556	3.186945483688824e-17
8.56075	1.0077881001537828e-17
8.5655	3.1298592091651665e-18
8.57025	9.546438141417519e-19
8.575	2.8596896799683244e-19
8.57975	8.413126867837781e-20
8.5845	2.4308432373935758e-20
8.58925	6.897908856711114e-21
8.594	1.922378653760452e-21
8.598749999999999	5.26164331058861e-22
8.6035	1.4143759292636737e-22
8.60825	3.733956843774168e-23
8.613	9.681323144292309e-24
8.61775	2.4652508829965928e-24
8.6225	6.165219088171629e-25
8.62725	1.5142475870784477e-25
8.632	3.6526347861388467e-26
8.63675	8.653197098245693e-27
8.6415	2.013297367690626e-27
8.64625	4.600449206818364e-28
8.651	1.0324131771433987e-28
8.65575	2.2754527540636032e-29
8.660499999999999	4.925417971693134e-30
8.66525	1.047078744148755e-30
8.67	2.1861330038082895e-31
8.67475	4.4826497084193564e-32
8.679499999999999	9.027219638951831e-33
8.68425	1.7853945323823046e-33
8.689	3.467970353683998e-34
8.69375	6.615726405082613e-35
8.6985	1.2394833050997189e-35
8.70325	2.280682399782036e-36
8.708	4.121448953719677e-37
8.71275	7.314691663535352e-38
8.7175	1.2749792224043602e-38
8.722249999999999	2.182585046232535e-39
8.727	3.669443693088059e-40
8.73175	6.058850897983357e-41
8.7365	9.825197450538354e-42
8.741249999999999	1.5647800238939182e-42
8.746	2.4475201965386914e-43
8.75075	3.7597611832373625e-44
8.7555	5.67224812169308e-45
8.76025	8.404486129101078e-46
8.765	1.2230046101940526e-46
8.76975	1.7478574424939674e-47
8.7745	2.4532675068470246e-48
8.77925	3.3817756279169017e-49
8.783999999999999	4.578314870663585e-50
8.78875	6.087339309395304e-51
8.7935	7.94896064976238e-52
8.79825	1.0194223916900529e-52
8.802999999999999	1.2839821165304716e-53
8.80775	1.5882715829774817e-54
8.8125	1.929530025621443e-55
8.81725	2.3021801291485805e-56
8.822	2.697665175844019e-57
8.82675	3.1045436818075016e-58
8.8315	3.5088797787989183e-59
8.83625	3.894934754896437e-60
8.841	4.2461259293372924e-61
8.84575	4.546179064785592e-62
8.8505	4.78036645205619e-63
8.85525	4.936701028738833e-64
8.86	5.006952232524632e-65
8.864749999999999	4.987363862767226e-66
8.8695	4.8789868185082394e-67
8.87425	4.6875856922618344e-68
8.879	4.4231307734718706e-69
8.88375	4.098937763763443e-70
8.8885	3.730558487975202e-71
8.89325	3.334551021678886e-72
8.898	2.9272638206599874e-73
8.90275	2.523755904231841e-74
8.9075	2.1369473166951102e-75
8.91225	1.7770566292966535e-76
8.917	1.451341922073902e-77
8.92175	1.1641400382279081e-78
8.926499999999999	9.192266302728347e-80
8.93125	9.959336131330267e-81
8.936	3.743817675002736e-80
8.94075	4.668501098278273e-79
8.9455	5.799967413504471e-78
8.95025	7.077365265912232e-77
8.955	8.48162115004848e-76
8.95975	9.98267920665205e-75
8.9645	1.1539217127581123e-73
8.96925	1.3099857154194887e-72
8.974	1.4605544733628708e-71
8.97875	1.5993000214153846e-70
8.9835	1.7198996634338311e-69
8.988249999999999	1.8165077896002052e-68
8.993	1.8842234401418366e-67
8.99775	1.9195018033141402e-66
9.0025	1.920461615601651e-65
9.007249999999999	1.8870513696588726e-64
9.012	1.821053893659787e-63
9.01675	1.725928735434693e-62
9.0215	1.6065117441762598e-61
9.02625	1.4686081521170093e-60
9.031	1.3185267620768048e-59
9.03575	1.1626070392058385e-58
9.0405	1.00678777118298e-57
9.04525	8.562565369748263e-57
9.049999999999999	7.152055121512581e-56
9.05475	5.867036504886595e-55
9.0595	4.7268052855945354e-54
9.06425	3.740051816487321e-53
9.068999999999999	2.9063539952117672e-52
9.07375	2.2180962435264593e-51
9.0785	1.6625443784968766e-50
9.08325	1.223846899342406e-49
9.088	8.84793496080247e-49
9.09275	6.282286465228635e-48
9.0975	4.380811179510269e-47
9.10225	3.0002145868139113e-46
9.107	2.017953183190028e-45
9.111749999999999	1.333002116623083e-44
9.1165	8.64791826574452e-44
9.12125	5.510021560127215e-43
9.126	3.447910664409147e-42
9.130749999999999	2.1189450567191864e-41
9.1355	1.2789229227317936e-40
9.14025	7.581061709664226e-40
9.145	4.413434409749013e-39
9.14975	2.523389584899713e-38
9.1545	1.4169447627229889e-37
9.15925	7.814163950917419e-37
9.164	4.232267430863465e-36
9.16875	2.2512548955854904e-35
9.1735	1.1760809699678907e-34
9.17825	6.034075777757187e-34
9.183	3.0405019171799313e-33
9.18775	1.504668357016161e-32
9.192499999999999	7.313028717054043e-32
9.19725	3.4907179107206498e-31
9.202	1.6364141059436958e-30
9.20675	7.534122186448475e-30
9.2115	3.4066937090355703e-29
9.21625	1.5128452376220257e-28
9.221	6.598069730334204e-28
9.22575	2.8261830287046035e-27
9.2305	1.1888981516002326e-26
9.23525	4.911905515260727e-26
9.24	1.9930414965703644e-25
9.24475	7.942251999400625e-25
9.2495	3.10836470377723e-24
9.254249999999999	1.1947616102887163e-23
9.259	4.5101556999314644e-23
9.26375	1.672102109697295e-22
9.2685	6.088285915213635e-22
9.273249999999999	2.1771495823332755e-21
9.278	7.64614416609866e-21
9.28275	2.6372887404929456e-20
9.2875	8.933751408411906e-20
9.29225	2.9721521029854122e-19
9.297	9.711116926938507e-19
9.30175	3.1162215031432193e-18
9.3065	9.82083560804019e-18
9.31125	3.039691768146457e-17
9.315999999999999	9.239992908920269e-17
9.32075	2.7585109553944107e-16
9.3255	8.087955868016556e-16
9.33025	2.3289695865567544e-15
9.334999999999999	6.586426445965904e-15
9.33975	1.8293502318472094e-14
9.3445	4.990049548326729e-14
9.34925	1.336822789887598e-13
9.354	3.5172546145264214e-13
9.35875	9.088553333051907e-13
9.3635	2.3064640863094668e-12
9.36825	5.7485672695631055e-12
9.373	1.4071277362464517e-11
9.377749999999999	3.382738404272717e-11
9.3825	7.986643311110007e-11
9.38725	1.85191542301423e-10
9.392	4.2173436678662074e-10
9.396749999999999	9.432304696504873e-10
9.4015	2.0718467809982608e-09
9.40625	4.469494764978232e-09
9.411	9.469351015393528e-09
9.41575	1.9703482056624208e-08
9.4205	4.026491016972376e-08
9.42525	8.08111842002682e-08
9.43	1.5928584799486647e-07
9.43475	3.0834996078733316e-07
9.439499999999999	5.862347896524057e-07
9.44425	1.0946121452656657e-06
9.449	2.0072890799390022e-06
9.45375	3.6151020878676713e-06
9.458499999999999	6.394288021968308e-06
9.46325	1.110771703665248e-05
9.468	1.8950401057451467e-05
9.47275	3.175213906788174e-05
9.4775	5.2250271932754055e-05
9.48225	8.444328244131764e-05
9.487	0.00013403019297595484
9.49175	0.00020893017292138144
9.4965	0.0003198605422345812
9.50125	0.0004809292141208345
9.506	0.0007101705093990058
9.51075	0.0010299237973032459
9.5155	0.0014669271170593763
9.520249999999999	0.0020519792523233217
9.525	0.0028190214362423
9.52975	0.003803511870166563
9.5345	0.005040018820507056
9.53925	0.006559043709270967
9.544	0.008383200948352465
9.54875	0.0105230155587431
9.5535	0.01297273459738385
9.55825	0.015706659844142313
9.563	0.018676570358719394
9.56775	0.021810790323450104
9.5725	0.02501535449917557
9.57725	0.028177528999446703
9.581999999999999	0.03117167457607366
9.58675	0.033867126234613874
9.5915	0.03613745334512378
9.59625	0.0378702111027447
9.600999999999999	0.038976145934853754
9.60575	0.03939680872924822
9.6105	0.03910967255432184
9.61525	0.03813013126025013
9.62	0.036510132189672244
9.62475	0.0343336120092848
9.6295	0.03170929375493208
9.63425	0.02876170504259165
9.639	0.025621448079102636
9.643749999999999	0.02241577195667455
9.6485	0.019260373838954584
9.65325	0.01625311879658271
9.658	0.01347006500478218
9.662749999999999	0.010963864462371697
9.6675	0.00876432773214456
9.67225	0.0068807304495603645
9.677	0.005305318544245503
9.68175	0.004017439728608891
9.6865	0.0029877775487922886
9.69125	0.002182268247331774
9.696	0.0015654132025066296
9.70075	0.0011028357490946324
9.705499999999999	0.0007630511715490927
9.71025	0.0005185104051634922
9.715	0.0003460367887546384
9.71975	0.00022680261352953259
9.724499999999999	0.0001459939372682304
9.72925	9.229593462316125e-05
9.734	5.730484042512645e-05
9.73875	3.494306753751709e-05
9.7435	2.0926265559471954e-05
9.74825	1.2307884770903092e-05
9.753	7.109451495115801e-06
9.75775	4.033199958655941e-06
9.7625	2.2471103350889833e-06
9.76725	1.2295891574886372e-06
9.772	6.607796159965014e-07
9.77675	3.487500143449706e-07
9.7815	1.8077268793998243e-07
9.786249999999999	9.202638912814824e-08
9.791	4.601007408079032e-08
9.79575	2.2591988996732876e-08
9.8005	1.0894742945003143e-08
9.80525	5.159890582197768e-09
9.81	2.4000759297948937e-09
9.81475	1.096403605869885e-09
9.8195	4.919001030279557e-10
9.82425	2.1674263877256555e-10
9.829	9.379350900551566e-11
9.83375	3.986228557676035e-11
9.8385	1.6638439538316118e-11
9.84325	6.820621885465234e-12
9.847999999999999	2.7459734899820106e-12
9.85275	1.085749631732475e-12
9.8575	4.2162273961141066e-13
9.86225	1.6079751975752703e-13
9.866999999999999	6.022761284191102e-14
9.87175	2.2155060429634263e-14
9.8765	8.004076162510894e-15
9.88125	2.8399485398345757e-15
9.886	9.896251263979246e-16
9.89075	3.38681863571694e-16
9.8955	1.138345651163687e-16
9.90025	3.7576588540404967e-17
9.905	1.2182082344831112e-17
9.909749999999999	3.878704556701441e-18
9.9145	1.2128662211942127e-18
9.91925	3.724780583111385e-19
9.924	1.1234596025075328e-19
9.928749999999999	3.328741189428028e-20
9.9335	9.717097928255606e-21
9.93825	2.9008125203346433e-21
9.943	1.272506623161945e-21
9.94775	2.009169641066223e-21
9.9525	6.4351754403639194e-21
9.95725	2.226394721656616e-20
9.962	7.623456227434983e-20
9.96675	2.565186190732692e-19
9.971499999999999	8.477472538658823e-19
9.97625	2.7515433710337423e-18
9.981	8.770966087679123e-18
9.98575	2.7458669775544213e-17
9.990499999999999	8.442528624428051e-17
9.99525	2.549333036854075e-16
