0.5	0.0
0.50475	0.0
0.5095	0.0
0.51425	0.0
0.519	0.0
0.52375	0.0
0.5285	0.0
0.53325	0.0
0.538	0.0
0.54275	0.0
0.5475	0.0
0.55225	0.0
0.5569999999999999	0.0
0.56175	0.0
0.5665	0.0
0.57125	0.0
0.576	0.0
0.58075	0.0
0.5855	0.0
0.5902499999999999	0.0
0.595	0.0
0.59975	0.0
0.6045	0.0
0.60925	0.0
0.614	0.0
0.61875	0.0
0.6234999999999999	0.0
0.62825	0.0
0.633	0.0
0.63775	0.0
0.6425	0.0
0.64725	0.0
0.652	0.0
0.65675	0.0
0.6615	0.0
0.66625	0.0
0.671	0.0
0.67575	0.0
0.6805	0.0
0.68525	0.0
0.69	0.0
0.69475	0.0
0.6995	0.0
0.70425	0.0
0.709	0.0
0.71375	0.0
0.7185	0.0
0.72325	0.0
0.728	0.0
0.73275	0.0
0.7375	0.0
0.74225	0.0
0.747	0.0
0.7517499999999999	0.0
0.7565	0.0
0.76125	0.0
0.766	0.0
0.77075	0.0
0.7755	0.0
0.78025	0.0
0.7849999999999999	0.0
0.78975	0.0
0.7945	0.0
0.79925	0.0
0.804	0.0
0.80875	0.0
0.8135	0.0
0.8182499999999999	0.0
0.823	0.0
0.82775	0.0
0.8325	0.0
0.83725	0.0
0.842	0.0
0.84675	0.0
0.8514999999999999	0.0
0.85625	0.0
0.861	0.0
0.86575	0.0
0.8705	0.0
0.87525	0.0
0.88	0.0
0.8847499999999999	0.0
0.8895	0.0
0.89425	0.0
0.899	0.0
0.90375	0.0
0.9085	0.0
0.91325	0.0
0.9179999999999999	0.0
0.92275	0.0
0.9275	0.0
0.93225	0.0
0.937	0.0
0.94175	0.0
0.9465	0.0
0.9512499999999999	0.0
0.956	0.0
0.96075	0.0
0.9655	0.0
0.9702500000000001	0.0
0.975	0.0
0.97975	0.0
0.9844999999999999	0.0
0.98925	0.0
0.994	0.0
0.99875	0.0
1.0034999999999998	0.0
1.0082499999999999	0.0
1.013	0.0
1.01775	0.0
1.0225	0.0
1.02725	0.0
1.032	0.0
1.03675	0.0
1.0415	0.0
1.0462500000000001	0.0
1.051	0.0
1.05575	0.0
1.0605	0.0
1.06525	0.0
1.0699999999999998	0.0
1.0747499999999999	0.0
1.0795	0.0
1.08425	0.0
1.089	0.0
1.09375	0.0
1.0985	0.0
1.10325	0.0
1.108	0.0
1.1127500000000001	0.0
1.1175	0.0
1.12225	0.0
1.127	0.0
1.13175	0.0
1.1364999999999998	0.0
1.1412499999999999	0.0
1.146	0.0
1.15075	0.0
1.1555	0.0
1.16025	0.0
1.165	0.0
1.16975	0.0
1.1745	0.0
1.1792500000000001	0.0
1.184	0.0
1.18875	0.0
1.1935	0.0
1.19825	0.0
1.2029999999999998	0.0
1.2077499999999999	0.0
1.2125	0.0
1.21725	0.0
1.222	0.0
1.22675	0.0
1.2315	0.0
1.23625	0.0
1.241	0.0
1.2457500000000001	0.0
1.2505	0.0
1.25525	0.0
1.26	0.0
1.2647499999999998	0.0
1.2694999999999999	0.0
1.2742499999999999	0.0
1.279	0.0
1.28375	0.0
1.2885	0.0
1.29325	0.0
1.298	0.0
1.30275	0.0
1.3075	0.0
1.3122500000000001	0.0
1.317	0.0
1.32175	0.0
1.3265	0.0
1.3312499999999998	0.0
1.3359999999999999	0.0
1.3407499999999999	0.0
1.3455	0.0
1.35025	0.0
1.355	0.0
1.35975	0.0
1.3645	0.0
1.36925	0.0
1.374	0.0
1.3787500000000001	0.0
1.3835	0.0
1.38825	0.0
1.393	0.0
1.3977499999999998	0.0
1.4024999999999999	0.0
1.40725	0.0
1.412	0.0
1.41675	0.0
1.4215	0.0
1.42625	0.0
1.431	0.0
1.43575	0.0
1.4405000000000001	0.0
1.44525	0.0
1.45	0.0
1.45475	0.0
1.4595	0.0
1.4642499999999998	0.0
1.4689999999999999	0.0
1.47375	0.0
1.4785	0.0
1.48325	0.0
1.488	0.0
1.49275	0.0
1.4975	0.0
1.50225	0.0
1.507	0.0
1.51175	0.0
1.5165	0.0
1.52125	0.0
1.526	0.0
1.53075	0.0
1.5354999999999999	0.0
1.54025	0.0
1.545	0.0
1.54975	0.0
1.5545	0.0
1.55925	0.0
1.564	0.0
1.5687499999999999	0.0
1.5735	0.0
1.57825	0.0
1.583	0.0
1.58775	0.0
1.5925	0.0
1.59725	0.0
1.6019999999999999	0.0
1.60675	0.0
1.6115	0.0
1.61625	0.0
1.621	0.0
1.62575	0.0
1.6305	0.0
1.6352499999999999	0.0
1.64	0.0
1.64475	0.0
1.6495	0.0
1.65425	0.0
1.659	0.0
1.66375	0.0
1.6684999999999999	0.0
1.67325	0.0
1.678	0.0
1.68275	0.0
1.6875	0.0
1.69225	0.0
1.697	0.0
1.7017499999999999	0.0
1.7065	0.0
1.71125	0.0
1.716	0.0
1.72075	0.0
1.7255	0.0
1.73025	0.0
1.7349999999999999	0.0
1.73975	0.0
1.7445	0.0
1.74925	0.0
1.754	0.0
1.75875	0.0
1.7635	0.0
1.7682499999999999	0.0
1.773	0.0
1.77775	0.0
1.7825	0.0
1.78725	0.0
1.792	0.0
1.79675	0.0
1.8014999999999999	0.0
1.80625	0.0
1.811	0.0
1.81575	0.0
1.8205	0.0
1.82525	0.0
1.83	0.0
1.8347499999999999	0.0
1.8395	0.0
1.84425	0.0
1.849	0.0
1.85375	0.0
1.8585	0.0
1.86325	0.0
1.8679999999999999	0.0
1.87275	0.0
1.8775	0.0
1.88225	0.0
1.887	0.0
1.89175	0.0
1.8965	0.0
1.9012499999999999	0.0
1.906	0.0
1.91075	0.0
1.9155	0.0
1.92025	0.0
1.925	0.0
1.9297499999999999	0.0
1.9344999999999999	0.0
1.93925	0.0
1.944	0.0
1.94875	0.0
1.9535	0.0
1.95825	0.0
1.9629999999999999	0.0
1.9677499999999999	0.0
1.9725	0.0
1.97725	0.0
1.982	0.0
1.98675	0.0
1.9915	0.0
1.9962499999999999	0.0
2.001	0.0
2.00575	0.0
2.0105	0.0
2.01525	0.0
2.02	0.0
2.02475	0.0
2.0294999999999996	0.0
2.03425	0.0
2.0389999999999997	0.0
2.04375	0.0
2.0484999999999998	0.0
2.0532500000000002	0.0
2.058	0.0
2.06275	0.0
2.0675	0.0
2.07225	0.0
2.077	0.0
2.08175	0.0
2.0865	0.0
2.09125	0.0
2.096	0.0
2.1007499999999997	0.0
2.1055	0.0
2.1102499999999997	0.0
2.115	0.0
2.11975	0.0
2.1245000000000003	0.0
2.12925	0.0
2.134	0.0
2.13875	0.0
2.1435	0.0
2.14825	0.0
2.153	0.0
2.15775	0.0
2.1624999999999996	0.0
2.16725	0.0
2.1719999999999997	0.0
2.17675	0.0
2.1814999999999998	0.0
2.1862500000000002	0.0
2.191	0.0
2.19575	0.0
2.2005	0.0
2.20525	0.0
2.21	0.0
2.21475	0.0
2.2195	0.0
2.22425	0.0
2.229	0.0
2.2337499999999997	0.0
2.2385	0.0
2.2432499999999997	0.0
2.248	0.0
2.25275	0.0
2.2575000000000003	0.0
2.26225	0.0
2.267	0.0
2.27175	0.0
2.2765	0.0
2.28125	0.0
2.286	0.0
2.29075	0.0
2.2954999999999997	0.0
2.30025	0.0
2.3049999999999997	0.0
2.30975	0.0
2.3145	0.0
2.3192500000000003	0.0
2.324	0.0
2.32875	0.0
2.3335	0.0
2.33825	0.0
2.343	0.0
2.34775	0.0
2.3525	0.0
2.3572499999999996	0.0
2.362	0.0
2.3667499999999997	0.0
2.3715	0.0
2.3762499999999998	0.0
2.3810000000000002	0.0
2.38575	0.0
2.3905	0.0
2.39525	0.0
2.4	0.0
2.40475	0.0
2.4095	0.0
2.41425	0.0
2.419	0.0
2.42375	0.0
2.4284999999999997	0.0
2.43325	0.0
2.4379999999999997	0.0
2.44275	0.0
2.4475	0.0
2.4522500000000003	0.0
2.457	0.0
2.46175	0.0
2.4665	0.0
2.47125	0.0
2.476	0.0
2.48075	0.0
2.4855	0.0
2.4902499999999996	0.0
2.495	0.0
2.4997499999999997	0.0
2.5045	0.0
2.5092499999999998	0.0
2.514	0.0
2.51875	0.0
2.5235	0.0
2.52825	0.0
2.533	0.0
2.53775	0.0
2.5425	0.0
2.54725	0.0
2.552	0.0
2.55675	0.0
2.5615	0.0
2.56625	0.0
2.5709999999999997	0.0
2.5757499999999998	0.0
2.5805	0.0
2.58525	0.0
2.59	0.0
2.59475	0.0
2.5995	0.0
2.60425	0.0
2.609	0.0
2.61375	0.0
2.6185	0.0
2.62325	0.0
2.628	0.0
2.63275	0.0
2.6374999999999997	0.0
2.6422499999999998	0.0
2.647	0.0
2.65175	0.0
2.6565	0.0
2.66125	0.0
2.666	0.0
2.67075	0.0
2.6755	0.0
2.68025	0.0
2.685	0.0
2.68975	0.0
2.6945	0.0
2.69925	0.0
2.7039999999999997	0.0
2.7087499999999998	0.0
2.7135	0.0
2.71825	0.0
2.723	0.0
2.72775	0.0
2.7325	0.0
2.73725	0.0
2.742	0.0
2.74675	0.0
2.7515	0.0
2.75625	0.0
2.761	0.0
2.76575	0.0
2.7704999999999997	0.0
2.7752499999999998	0.0
2.78	0.0
2.78475	0.0
2.7895	0.0
2.79425	0.0
2.799	0.0
2.80375	0.0
2.8085	0.0
2.81325	0.0
2.818	0.0
2.82275	0.0
2.8275	0.0
2.83225	0.0
2.8369999999999997	0.0
2.8417499999999998	0.0
2.8465	0.0
2.85125	0.0
2.856	0.0
2.86075	0.0
2.8655	0.0
2.87025	0.0
2.875	0.0
2.87975	0.0
2.8845	0.0
2.88925	0.0
2.894	0.0
2.89875	0.0
2.9034999999999997	0.0
2.90825	0.0
2.913	0.0
2.91775	0.0
2.9225	0.0
2.92725	0.0
2.932	0.0
2.93675	0.0
2.9415	0.0
2.94625	0.0
2.951	0.0
2.95575	0.0
2.9605	0.0
2.9652499999999997	0.0
2.9699999999999998	0.0
2.97475	0.0
2.9795	0.0
2.98425	0.0
2.989	0.0
2.99375	0.0
2.9985	0.0
3.00325	0.0
3.008	0.0
3.01275	0.0
3.0175	0.0
3.02225	0.0
3.027	0.0
3.0317499999999997	0.0
3.0364999999999998	0.0
3.04125	0.0
3.046	0.0
3.05075	0.0
3.0555	0.0
3.06025	0.0
3.065	0.0
3.06975	0.0
3.0745	0.0
3.07925	0.0
3.084	0.0
3.08875	0.0
3.0935	0.0
3.0982499999999997	0.0
3.1029999999999998	0.0
3.10775	0.0
3.1125	0.0
3.11725	0.0
3.122	0.0
3.12675	0.0
3.1315	0.0
3.13625	0.0
3.141	0.0
3.14575	0.0
3.1505	0.0
3.15525	0.0
3.16	0.0
3.1647499999999997	0.0
3.1694999999999998	0.0
3.17425	0.0
3.179	0.0
3.18375	0.0
3.1885	0.0
3.19325	0.0
3.198	0.0
3.20275	0.0
3.2075	0.0
3.21225	0.0
3.217	0.0
3.22175	0.0
3.2265	0.0
3.2312499999999997	0.0
3.2359999999999998	0.0
3.24075	0.0
3.2455	0.0
3.25025	0.0
3.255	0.0
3.25975	0.0
3.2645	0.0
3.26925	0.0
3.274	0.0
3.27875	0.0
3.2835	0.0
3.28825	0.0
3.293	0.0
3.2977499999999997	0.0
3.3024999999999998	0.0
3.30725	0.0
3.312	0.0
3.31675	0.0
3.3215	0.0
3.32625	0.0
3.331	0.0
3.33575	0.0
3.3405	0.0
3.34525	0.0
3.35	0.0
3.35475	0.0
3.3594999999999997	0.0
3.3642499999999997	0.0
3.3689999999999998	0.0
3.37375	0.0
3.3785	0.0
3.38325	0.0
3.388	0.0
3.39275	0.0
3.3975	0.0
3.40225	0.0
3.407	0.0
3.41175	0.0
3.4165	0.0
3.42125	0.0
3.4259999999999997	0.0
3.4307499999999997	0.0
3.4354999999999998	0.0
3.44025	0.0
3.445	0.0
3.44975	0.0
3.4545	0.0
3.45925	0.0
3.464	0.0
3.46875	0.0
3.4735	0.0
3.47825	0.0
3.483	0.0
3.48775	0.0
3.4924999999999997	0.0
3.4972499999999997	0.0
3.502	0.0
3.50675	0.0
3.5115	0.0
3.51625	0.0
3.521	0.0
3.52575	0.0
3.5305	0.0
3.53525	0.0
3.54	0.0
3.54475	0.0
3.5495	0.0
3.55425	0.0
3.5589999999999997	0.0
3.5637499999999998	0.0
3.5685	0.0
3.57325	0.0
3.578	0.0
3.58275	0.0
3.5875	0.0
3.59225	0.0
3.597	0.0
3.60175	0.0
3.6065	0.0
3.61125	0.0
3.616	0.0
3.62075	0.0
3.6254999999999997	0.0
3.6302499999999998	0.0
3.635	0.0
3.63975	0.0
3.6445	0.0
3.64925	0.0
3.654	0.0
3.65875	0.0
3.6635	0.0
3.66825	0.0
3.673	0.0
3.67775	0.0
3.6825	0.0
3.68725	0.0
3.6919999999999997	0.0
3.6967499999999998	0.0
3.7015	0.0
3.70625	0.0
3.711	0.0
3.71575	0.0
3.7205	0.0
3.72525	0.0
3.73	0.0
3.73475	0.0
3.7395	0.0
3.74425	0.0
3.749	0.0
3.7537499999999997	0.0
3.7584999999999997	0.0
3.7632499999999998	0.0
3.768	0.0
3.77275	0.0
3.7775	0.0
3.78225	0.0
3.787	0.0
3.79175	0.0
3.7965	0.0
3.80125	0.0
3.806	0.0
3.81075	0.0
3.8155	0.0
3.8202499999999997	0.0
3.8249999999999997	0.0
3.8297499999999998	0.0
3.8345	0.0
3.83925	0.0
3.844	0.0
3.84875	0.0
3.8535	0.0
3.85825	0.0
3.863	0.0
3.86775	0.0
3.8725	0.0
3.87725	0.0
3.882	0.0
3.8867499999999997	0.0
3.8914999999999997	0.0
3.8962499999999998	0.0
3.901	0.0
3.90575	0.0
3.9105	0.0
3.91525	0.0
3.92	0.0
3.92475	0.0
3.9295	0.0
3.93425	0.0
3.939	0.0
3.94375	0.0
3.9485	0.0
3.9532499999999997	0.0
3.9579999999999997	0.0
3.9627499999999998	0.0
3.9675	0.0
3.97225	0.0
3.977	0.0
3.98175	0.0
3.9865	0.0
3.99125	0.0
3.996	0.0
4.00075	0.0
4.0055	0.0
4.01025	0.0
4.015000000000001	0.0
4.01975	0.0
4.0245	0.0
4.029249999999999	0.0
4.034	0.0
4.03875	0.0
4.0435	0.0
4.0482499999999995	0.0
4.053	0.0
4.05775	0.0
4.0625	0.0
4.06725	0.0
4.072	0.0
4.0767500000000005	0.0
4.0815	0.0
4.08625	0.0
4.090999999999999	0.0
4.09575	0.0
4.1005	0.0
4.10525	0.0
4.109999999999999	0.0
4.11475	0.0
4.1195	0.0
4.12425	0.0
4.129	0.0
4.13375	0.0
4.1385000000000005	0.0
4.14325	0.0
4.148	0.0
4.152749999999999	0.0
4.1575	0.0
4.16225	0.0
4.167	0.0
4.171749999999999	0.0
4.1765	0.0
4.18125	0.0
4.186	0.0
4.1907499999999995	0.0
4.1955	0.0
4.2002500000000005	0.0
4.205	0.0
4.20975	0.0
4.214499999999999	0.0
4.21925	0.0
4.224	0.0
4.22875	0.0
4.233499999999999	0.0
4.23825	0.0
4.243	0.0
4.24775	0.0
4.2524999999999995	0.0
4.25725	0.0
4.2620000000000005	0.0
4.26675	0.0
4.2715	0.0
4.27625	0.0
4.281	0.0
4.28575	0.0
4.2905	0.0
4.295249999999999	0.0
4.3	0.0
4.30475	0.0
4.3095	0.0
4.3142499999999995	0.0
4.319	0.0
4.32375	0.0
4.3285	0.0
4.33325	0.0
4.338	0.0
4.3427500000000006	0.0
4.3475	0.0
4.35225	0.0
4.356999999999999	0.0
4.36175	0.0
4.3665	0.0
4.37125	0.0
4.3759999999999994	0.0
4.38075	0.0
4.3855	0.0
4.39025	0.0
4.395	0.0
4.39975	0.0
4.4045000000000005	0.0
4.40925	0.0
4.414	0.0
4.418749999999999	0.0
4.4235	0.0
4.42825	0.0
4.433	0.0
4.437749999999999	0.0
4.4425	0.0
4.44725	0.0
4.452	0.0
4.4567499999999995	0.0
4.4615	0.0
4.4662500000000005	0.0
4.471	0.0
4.47575	0.0
4.480499999999999	0.0
4.48525	0.0
4.49	0.0
4.49475	0.0
4.499499999999999	0.0
4.50425	0.0
4.509	0.0
4.51375	0.0
4.5184999999999995	0.0
4.52325	0.0
4.528	0.0
4.53275	0.0
4.5375	0.0
4.54225	0.0
4.547	0.0
4.55175	0.0
4.5565	0.0
4.56125	0.0
4.566	0.0
4.57075	0.0
4.5755	0.0
4.5802499999999995	0.0
4.585	0.0
4.5897499999999996	0.0
4.5945	0.0
4.59925	0.0
4.604	0.0
4.60875	0.0
4.6135	0.0
4.61825	0.0
4.623	0.0
4.62775	0.0
4.6325	0.0
4.63725	0.0
4.6419999999999995	0.0
4.64675	0.0
4.6514999999999995	0.0
4.65625	0.0
4.661	0.0
4.66575	0.0
4.6705	0.0
4.67525	0.0
4.68	0.0
4.68475	0.0
4.6895	0.0
4.69425	0.0
4.699	0.0
4.70375	0.0
4.7085	0.0
4.7132499999999995	0.0
4.718	0.0
4.72275	0.0
4.7275	0.0
4.73225	0.0
4.737	0.0
4.74175	0.0
4.7465	0.0
4.75125	0.0
4.756	0.0
4.76075	0.0
4.7655	0.0
4.77025	0.0
4.7749999999999995	0.0
4.77975	0.0
4.7844999999999995	0.0
4.78925	0.0
4.794	0.0
4.79875	0.0
4.8035	0.0
4.80825	0.0
4.813	0.0
4.81775	0.0
4.8225	0.0
4.82725	0.0
4.832	0.0
4.83675	0.0
4.8415	0.0
4.8462499999999995	0.0
4.851	0.0
4.85575	0.0
4.8605	0.0
4.86525	0.0
4.87	0.0
4.87475	0.0
4.8795	0.0
4.88425	0.0
4.889	0.0
4.89375	0.0
4.8985	0.0
4.90325	0.0
4.9079999999999995	0.0
4.91275	0.0
4.9174999999999995	0.0
4.92225	0.0
4.927	0.0
4.93175	0.0
4.9365	0.0
4.94125	0.0
4.946	0.0
4.95075	0.0
4.9555	0.0
4.96025	0.0
4.965	0.0
4.9697499999999994	0.0
4.9745	0.0
4.9792499999999995	0.0
4.984	0.0
4.98875	0.0
4.9935	0.0
4.99825	0.0
5.003	0.0
5.00775	0.0
5.0125	0.0
5.01725	0.0
5.022	0.0
5.02675	0.0
5.0315	0.0
5.03625	0.0
5.0409999999999995	0.0
5.04575	0.0
5.0504999999999995	0.0
5.05525	0.0
5.06	0.0
5.06475	0.0
5.0695	0.0
5.07425	0.0
5.079	0.0
5.08375	0.0
5.0885	0.0
5.09325	0.0
5.098	0.0
5.1027499999999995	0.0
5.1075	0.0
5.1122499999999995	0.0
5.117	0.0
5.12175	0.0
5.1265	0.0
5.13125	0.0
5.136	0.0
5.14075	0.0
5.1455	0.0
5.15025	0.0
5.155	0.0
5.15975	0.0
5.1645	0.0
5.16925	0.0
5.1739999999999995	0.0
5.17875	0.0
5.1834999999999996	0.0
5.18825	0.0
5.193	0.0
5.19775	0.0
5.2025	0.0
5.20725	0.0
5.212	0.0
5.21675	0.0
5.2215	0.0
5.22625	0.0
5.231	0.0
5.2357499999999995	0.0
5.2405	0.0
5.2452499999999995	0.0
5.25	0.0
5.25475	0.0
5.2595	0.0
5.26425	0.0
5.269	0.0
5.27375	0.0
5.2785	0.0
5.28325	0.0
5.288	0.0
5.29275	0.0
5.2975	0.0
5.30225	0.0
5.3069999999999995	0.0
5.31175	0.0
5.3165	0.0
5.32125	0.0
5.326	0.0
5.33075	0.0
5.3355	0.0
5.34025	0.0
5.345	0.0
5.34975	0.0
5.3545	0.0
5.35925	0.0
5.364	0.0
5.3687499999999995	0.0
5.3735	0.0
5.3782499999999995	0.0
5.383	0.0
5.38775	0.0
5.3925	0.0
5.39725	0.0
5.402	0.0
5.40675	0.0
5.4115	0.0
5.41625	0.0
5.421	0.0
5.42575	0.0
5.430499999999999	0.0
5.43525	0.0
5.4399999999999995	0.0
5.44475	0.0
5.4495	0.0
5.45425	0.0
5.459	0.0
5.46375	0.0
5.4685	1.5e-323
5.47325	2.594e-321
5.478	4.4336e-319
5.48275	7.4431266e-317
5.4875	1.227206838e-314
5.49225	1.98719786355e-312
5.497	3.1602791163634e-310
5.5017499999999995	4.935950043340477e-308
5.5065	7.571415057866103e-306
5.5112499999999995	1.1406288130175034e-303
5.516	1.6876120046958325e-301
5.52075	2.4522337128573556e-299
5.5255	3.4995491388940866e-297
5.53025	4.90482275481295e-295
5.535	6.751426195326316e-293
5.53975	9.127013975633039e-291
5.5445	1.211777519214514e-288
5.54925	1.5800762728098538e-286
5.554	2.0234580097403422e-284
5.55875	2.5449035407935196e-282
5.5634999999999994	3.143470869315607e-280
5.56825	3.8133664277505925e-278
5.5729999999999995	4.543270784889914e-276
5.57775	5.316057748152468e-274
5.5825	6.109022751300038e-272
5.58725	6.894690563855092e-270
5.592	7.642207077211093e-268
5.59675	8.319242956794742e-266
5.6015	8.894259547129064e-264
5.60625	9.338922559650339e-262
5.611	9.630409054000368e-260
5.61575	9.753347076250904e-258
5.6205	9.701158680588962e-256
5.62525	9.47664304136769e-254
5.63	9.091727717009046e-252
5.6347499999999995	8.566418826177309e-250
5.6395	7.927078732745996e-248
5.6442499999999995	7.204237539450217e-246
5.649	6.430190818255699e-244
5.65375	5.636644987093474e-242
5.6585	4.85264463585367e-240
5.66325	4.102959965704556e-238
5.668	3.407038606377926e-236
5.67275	2.7785474304438193e-234
5.6775	2.225458803376653e-232
5.68225	1.7505813138823976e-230
5.687	1.352402615947509e-228
5.69175	1.0261023931505067e-226
5.6964999999999995	7.646036791819779e-225
5.70125	5.59555348150352e-223
5.7059999999999995	4.021709557093102e-221
5.71075	2.8388296983593456e-219
5.7155	1.9680175243005253e-217
5.72025	1.3399221526353216e-215
5.725	8.959652334066932e-214
5.72975	5.883878999759695e-212
5.7345	3.7948734062579486e-210
5.73925	2.4037640580073825e-208
5.744	1.4953655324690338e-206
5.74875	9.136163849901033e-205
5.7535	5.482029621615459e-203
5.75825	3.2305752434028864e-201
5.763	1.8697318583383888e-199
5.7677499999999995	1.0627712074695112e-197
5.7725	5.932820606967863e-196
5.7772499999999996	3.252697214639133e-194
5.782	1.7514068484390122e-192
5.78675	9.26171545082513e-191
5.7915	4.810129945175691e-189
5.79625	2.453483652005043e-187
5.801	1.2290527213246887e-185
5.80575	6.046705839472944e-184
5.8105	2.9216497757379486e-182
5.81525	1.3864316144617335e-180
5.82	6.461446243505701e-179
5.82475	2.957481268977551e-177
5.8294999999999995	1.3294599371364943e-175
5.83425	5.869343011372803e-174
5.8389999999999995	2.5448647838739168e-172
5.84375	1.0836796488990316e-170
5.8485	4.532085638998157e-169
5.85325	1.8614710337628495e-167
5.858	7.508884808322886e-166
5.86275	2.9747850209787442e-164
5.8675	1.15743527621998e-162
5.87225	4.422815549983658e-161
5.877	1.659823563315403e-159
5.88175	6.117669458514948e-158
5.8865	2.2144764958579207e-156
5.891249999999999	7.872580800532288e-155
5.896	2.748679876733745e-153
5.9007499999999995	9.425234923574083e-152
5.9055	3.1741042692304664e-150
5.91025	1.0498111455646718e-148
5.915	3.4100610475135156e-147
5.91975	1.0878627674756094e-145
5.9245	3.408372534126211e-144
5.92925	1.0487717616435828e-142
5.934	3.1693915698541866e-141
5.93875	9.406580924507064e-140
5.9435	2.741881481106923e-138
5.94825	7.84922078406663e-137
5.953	2.2068123035782436e-135
5.95775	6.093477791839037e-134
5.9624999999999995	1.652441347167953e-132
5.96725	4.4009644308128467e-131
5.9719999999999995	1.151146635228426e-129
5.97675	2.95715727481349e-128
5.9815	7.460693211936434e-127
5.98625	1.8486084146878777e-125
5.991	4.498540697634355e-124
5.99575	1.0751260051253638e-122
6.0005	2.5235276299229226e-121
6.00525	5.817250240297567e-120
6.01	1.3170079995390742e-118
6.01475	2.9283303196101648e-117
6.0195	6.394589938795482e-116
6.024249999999999	1.3714068693046258e-114
6.029	2.8885568912863425e-113
6.0337499999999995	5.975255980591082e-112
6.0385	1.213928449209292e-110
6.04325	2.4220920734183955e-109
6.048	4.746234500197265e-108
6.05275	9.134162213122731e-107
6.0575	1.7264310277613768e-105
6.06225	3.204724716793264e-104
6.067	5.842425885219879e-103
6.07175	1.0460601993070544e-101
6.0765	1.8394209535070156e-100
6.08125	3.1766295028047906e-99
6.086	5.3878188497326443e-98
6.09075	8.97470930046448e-97
6.0954999999999995	1.4682120352466678e-95
6.10025	2.3589468394057965e-94
6.1049999999999995	3.72227548930888e-93
6.10975	5.768459606646925e-92
6.1145	8.779548529238739e-91
6.11925	1.312337370974029e-89
6.124	1.9265478199814415e-88
6.12875	2.777634354972419e-87
6.1335	3.933066969905028e-86
6.13825	5.469512161027196e-85
6.143	7.470107089656746e-84
6.14775	1.0019961386563546e-82
6.1525	1.3199766618490958e-81
6.1572499999999994	1.707762378500887e-80
6.162	2.1699494449796137e-79
6.1667499999999995	2.707900948566625e-78
6.1715	3.3187681802963153e-77
6.17625	3.9946804600647416e-76
6.181	4.722241108628584e-75
6.18575	5.4824572572603004e-74
6.1905	6.251199167050859e-73
6.19525	7.000231493987426e-72
6.2	7.69878963376893e-71
6.20475	8.315598040006896e-70
6.2095	8.821156113848373e-69
6.21425	9.190063509868572e-68
6.218999999999999	9.403131330857915e-67
6.22375	9.449035389532962e-66
6.2284999999999995	9.32531334941446e-65
6.23325	9.038583549506322e-64
6.2379999999999995	8.603958449028254e-63
6.24275	8.043725038476635e-62
6.2475	7.38545256784977e-61
6.25225	6.65975104451209e-60
6.257	5.897933351575401e-59
6.26175	5.1298269063524395e-58
6.2665	4.381941207074836e-57
6.27125	3.676134274528554e-56
6.276	3.0288458464035378e-55
6.28075	2.4508907874408e-54
6.2855	1.9477433620062256e-53
6.2902499999999995	1.5201991700429143e-52
6.295	1.1652798423560083e-51
6.2997499999999995	8.77245120510313e-51
6.3045	6.485936212605787e-50
6.30925	4.709614606767401e-49
6.314	3.358605933786225e-48
6.31875	2.35230546040999e-47
6.3235	1.6180404223465144e-46
6.32825	1.0930650343903455e-45
6.333	7.252097288745214e-45
6.33775	4.725439702021304e-44
6.3425	3.0240001933355852e-43
6.34725	1.900563515409528e-42
6.351999999999999	1.173124070772694e-41
6.35675	7.111586364248948e-41
6.3614999999999995	4.233991830741574e-40
6.36625	2.4756801102060882e-39
6.3709999999999996	1.4216740096010354e-38
6.37575	8.018008363262354e-38
6.3805	4.441134955054237e-37
6.38525	2.4159192857359096e-36
6.39	1.290719452853438e-35
6.39475	6.77239491410991e-35
6.3995	3.489905593601193e-34
6.40425	1.7662251619200033e-33
6.409	8.778886631941768e-33
6.41375	4.285424010014942e-32
6.4185	2.054514169896246e-31
6.4232499999999995	9.67354080470601e-31
6.428	4.473245972012096e-30
6.4327499999999995	2.0315198760666132e-29
6.4375	9.061088173874674e-29
6.44225	3.9691784246072005e-28
6.447	1.707583194642518e-27
6.45175	7.214796843757555e-27
6.4565	2.9938313088844174e-26
6.46125	1.220089050577468e-25
6.466	4.883337247634931e-25
6.47075	1.9195653023188666e-24
6.4755	7.410543291891343e-24
6.48025	2.809688610312734e-23
6.484999999999999	1.0462303584667094e-22
6.48975	3.826109801492585e-22
6.4944999999999995	1.3741955101755883e-21
6.49925	4.847307888885107e-21
6.504	1.679243481538402e-20
6.50875	5.713309102488444e-20
6.5135	1.9090739668789122e-19
6.51825	6.264966808404604e-19
6.523	2.019183450775049e-18
6.52775	6.391367152607524e-18
6.5325	1.9868850371668546e-17
6.53725	6.066143736418125e-17
6.542	1.818920169253523e-16
6.54675	5.356431623059902e-16
6.5515	1.5491678540603044e-15
6.5562499999999995	4.4003008712565544e-15
6.561	1.2275162580223054e-14
6.5657499999999995	3.3630484028817164e-14
6.5705	9.04898706948171e-14
6.57525	2.391265520834091e-13
6.58	6.206069299085812e-13
6.58475	1.5818540990105475e-12
6.5895	3.959836115500775e-12
6.59425	9.73529206033114e-12
6.599	2.3506162937687877e-11
6.60375	5.574109348357512e-11
6.6085	1.2981659406510946e-10
6.61325	2.969244233054307e-10
6.617999999999999	6.669950598959375e-10
6.62275	1.4715001055976135e-09
6.6274999999999995	3.188298409251721e-09
6.63225	6.784511953277854e-09
6.637	1.4178792473389786e-08
6.64175	2.91018678805725e-08
6.6465	5.866289182766254e-08
6.65125	1.161360513662869e-07
6.656	2.2580399866837291e-07
6.66075	4.311785875098582e-07
6.6655	8.086186006391171e-07
6.67025	1.4893310828515739e-06
6.675	2.694013479416775e-06
6.679749999999999	4.785962152389312e-06
6.6845	8.350255034674492e-06
6.6892499999999995	1.4308404350856642e-05
6.694	2.4079288712120062e-05
6.6987499999999995	3.9797618804626794e-05
6.7035	6.459984952626976e-05
6.70825	0.00010298332495380795
6.713	0.00016123647585165668
6.71775	0.0002479251984389798
6.7225	0.0003744027469333454
6.72725	0.0005552881018385049
6.732	0.0008088326873135409
6.73675	0.0011570709890767125
6.7415	0.001625632226355226
6.74625	0.002243084219391966
6.7509999999999994	0.0030396938481122844
6.75575	0.0040455269035675106
6.7604999999999995	0.005287876790715862
6.76525	0.006788104910144918
6.77	0.008558088015155145
6.77475	0.010596585244676495
6.7795	0.012885940103079859
6.78425	0.015389597628141955
6.789	0.018050922698249868
6.79375	0.020793736311569007
6.7985	0.02352483807839463
6.80325	0.026138564804217154
6.808	0.028523171798370633
6.812749999999999	0.030568553051785678
6.8175	0.03217458330449158
6.8222499999999995	0.033259212702684754
6.827	0.03376540651488721
6.8317499999999995	0.033666113673174396
6.8365	0.032966661805020434
6.84125	0.03170428364430188
6.846	0.029944833409617195
6.85075	0.027777096174000086
6.8555	0.025305374461679686
6.86025	0.022641212385307193
6.865	0.019895166295242312
6.86975	0.017169452759262523
6.8745	0.014552121673755315
6.87925	0.012113151976154372
6.8839999999999995	0.009902594588884718
6.88875	0.007950635022251159
6.8934999999999995	0.006269250452788754
6.89825	0.004855013112137951
6.903	0.003692548250454927
6.90775	0.002758182097770285
6.9125	0.0020233950177869576
6.91725	0.001457804887316184
6.922	0.001031523465818954
6.92675	0.0007168359984639754
6.9315	0.0004892394691024559
6.93625	0.00032793226616718255
6.941	0.00021587770816978237
6.945749999999999	0.00013957011360313034
6.9505	8.862128639064883e-05
6.9552499999999995	5.526429729386746e-05
6.96	3.3846381022988694e-05
6.9647499999999996	2.035826722983952e-05
6.9695	1.2026253857753984e-05
6.97425	6.977195753044462e-06
6.979	3.975506182351265e-06
6.98375	2.2246666439974265e-06
6.9885	1.222639543018358e-06
6.99325	6.599224713395485e-07
6.998	3.498230168516884e-07
7.00275	1.8212301410851312e-07
7.007499999999999	9.311984881702563e-08
7.01225	4.676066511192672e-08
7.0169999999999995	2.3061103346216568e-08
7.02175	1.1169673252925663e-08
7.0264999999999995	5.313269444918685e-09
7.03125	2.4822424378906258e-09
7.036	1.1389050979044689e-09
7.04075	5.132061618722785e-10
7.0455	2.2712093738765427e-10
7.05025	9.871507194935559e-11
7.055	4.2137692100042495e-11
7.05975	1.7665218316445596e-11
7.0645	7.273245673455878e-12
7.06925	2.941023468872021e-12
7.074	1.1679646744084823e-12
7.078749999999999	4.55535166739808e-13
7.0835	1.7449182953852584e-13
7.0882499999999995	6.564312796465187e-14
7.093	2.425294172848808e-14
7.09775	8.800362540481796e-15
7.1025	3.136156226645563e-15
7.10725	1.0976295702121755e-15
7.112	3.7728965096492123e-16
7.11675	1.2736642869691172e-16
7.1215	4.22275646008282e-17
7.12625	1.374985388347388e-17
7.131	4.3970470798143594e-18
7.13575	1.3809728262923762e-18
7.140499999999999	4.259612911866947e-19
7.14525	1.2903755375575237e-19
7.1499999999999995	3.8390440234826765e-20
7.15475	1.121737007421302e-20
7.1594999999999995	3.2189926737742174e-21
7.16425	9.072143541861256e-22
7.169	2.51108158170759e-22
7.17375	6.826101106677979e-23
7.1785	1.822407925014402e-23
7.18325	4.778366517562588e-24
7.188	1.2304792843097778e-24
7.19275	3.1119323001043064e-25
7.1975	7.729421385490664e-26
7.20225	1.885494748235737e-26
7.207	4.517258752298261e-27
7.211749999999999	1.0633897665196004e-27
7.2165	2.4819849984874596e-28
7.2212499999999995	6.758082957218545e-29
7.226	6.538893975662085e-29
7.23075	2.3535259225896535e-28
7.2355	1.0040633359179095e-27
7.24025	4.251265530050463e-27
7.245	1.7687428304097714e-26
7.24975	7.227423815438926e-26
7.2545	2.900440124082348e-25
7.25925	1.143155471351098e-24
7.264	4.4249429946958735e-24
7.26875	1.682174501865665e-23
7.273499999999999	6.280517005569265e-23
7.27825	2.302929964501164e-22
7.2829999999999995	8.293293779387849e-22
7.28775	2.9331505454730034e-21
7.2924999999999995	1.0188321535438351e-20
7.29725	3.4756170230238007e-20
7.302	1.1644535612490731e-19
7.30675	3.831540458611335e-19
7.3115	1.238185297385929e-18
7.31625	3.92969509086265e-18
7.321	1.2248786095662806e-17
7.32575	3.7496284116842886e-17
7.3305	1.127312692108285e-16
7.33525	3.328599522980072e-16
7.34	9.652497130357114e-16
7.3447499999999994	2.7490257024005428e-15
7.3495	7.689160108305533e-15
7.3542499999999995	2.1122240951487187e-14
7.359	5.698519851096606e-14
7.36375	1.509889354352332e-13
7.3685	3.9290645630469213e-13
7.37325	1.0041398253853215e-12
7.378	2.520346217251665e-12
7.38275	6.21279751419355e-12
7.3875	1.5040946968711788e-11
7.39225	3.576219321301283e-11
7.397	8.350915611230203e-11
7.40175	1.9151598541421155e-10
7.406499999999999	4.313570976474683e-10
7.41125	9.541789952383524e-10
7.4159999999999995	2.072925720452351e-09
7.42075	4.42281336225649e-09
7.4254999999999995	9.267753421952968e-09
7.43025	1.907266200098415e-08
7.435	3.854864695317887e-08
7.43975	7.651876469638608e-08
7.4445	1.4917214891922537e-07
7.44925	2.856067889175507e-07
7.454	5.37044522578998e-07
7.45875	9.917747360492266e-07
7.4635	1.7987747198532876e-06
7.468249999999999	3.204066300142521e-06
7.473	5.605149461539136e-06
7.4777499999999995	9.630168489016829e-06
7.4825	1.6249558219606935e-05
7.4872499999999995	2.6928379269332097e-05
7.492	4.382680962039527e-05
7.49675	7.005360410478994e-05
7.5015	0.00010997199274017986
7.50625	0.00016954878828962945
7.511	0.00025672506388250044
7.51575	0.00038177091200630893
7.5205	0.0005575686985945636
7.52525	0.0007997512340889192
7.53	0.001126606979829829
7.53475	0.00155865838705485
7.539499999999999	0.002117826745728766
7.54425	0.0028261219691170423
7.5489999999999995	0.0037038411988585805
7.55375	0.004767325439011032
7.5584999999999996	0.006026403770177548
7.56325	0.0074817404346416575
7.568	0.009122377343780975
7.57275	0.010923816926650114
7.5775	0.012847001610839905
7.58225	0.014838504386524343
7.587	0.01683214510879072
7.59175	0.018752094872848974
7.5965	0.02051734249291535
7.601249999999999	0.022047199062366254
7.606	0.023267340840914356
7.6107499999999995	0.024115769462730398
7.6155	0.024548027408443838
7.6202499999999995	0.02454105928005986
7.625	0.0240952531365192
7.62975	0.02323441198236982
7.6345	0.02200366095923633
7.63925	0.02046555085592692
7.644	0.018694833347679633
7.64875	0.01677252576714318
7.6535	0.01477993468100867
7.65825	0.012793266035491014
7.663	0.010879328854424048
7.66775	0.009092665057798214
7.672499999999999	0.007474241511604521
7.67725	0.00605165290675646
7.6819999999999995	0.00484063016728459
7.68675	0.0038475434757941607
7.6915	0.0030725352320595234
7.69625	0.0025129101546497463
7.701	0.0021664346669656898
7.70575	0.002034240816100626
7.7105	0.0021230783061654424
7.71525	0.002446703925747303
7.72	0.003026239525844015
7.72475	0.0038893729756658427
7.7295	0.005068330756753828
7.734249999999999	0.006596626553775369
7.739	0.008504694700764781
7.7437499999999995	0.01081465091078115
7.7485	0.013534575796534238
7.7532499999999995	0.01665286917435911
7.758	0.020133346287630683
7.76275	0.023911808137304175
7.7675	0.027894787136568726
7.77225	0.03196102699728827
7.777	0.03596600042571667
7.78175	0.03974942013413519
7.7865	0.043145300140811194
7.79125	0.04599373455874657
7.795999999999999	0.04815324650989388
7.80075	0.04951238137545487
7.805499999999999	0.04999921865443911
7.81025	0.04958766870781986
7.8149999999999995	0.04829978430229327
7.81975	0.04620380015855649
7.8245	0.04340814198583864
7.82925	0.040052136420657976
7.834	0.03629452888789531
7.83875	0.03230112333980026
7.8435	0.028232872955067694
7.84825	0.024235584960819827
7.853	0.02043209616207715
7.85775	0.01691738862313649
7.8625	0.013756714132787656
7.867249999999999	0.010986442421087548
7.872	0.008617086249600427
7.8767499999999995	0.006637809439952043
7.8815	0.005021692385289057
7.8862499999999995	0.003731095929687378
7.891	0.0027225991814038165
7.89575	0.001951155976564339
7.9005	0.0013732868203304724
7.90525	0.0009492738125182742
7.91	0.0006444403620384582
7.91475	0.00042966991931547393
7.9195	0.00028135079862182414
7.92425	0.00018093489753005576
7.928999999999999	0.00011427665245044827
7.93375	7.088488933730879e-05
7.9384999999999994	4.318280071642132e-05
7.94325	2.583621744289301e-05
7.9479999999999995	1.5181267771818955e-05
7.95275	8.76088812910513e-06
7.9575	4.965342531838928e-06
7.96225	2.7638296834350047e-06
7.967	1.5108951419304442e-06
7.97175	8.111820974641475e-07
7.9765	4.277237586077209e-07
7.98125	2.214977792315748e-07
7.986	1.1265134015029411e-07
7.99075	5.626836987874018e-08
7.9955	2.760280956546472e-08
8.00025	1.3298517507221261e-08
8.004999999999999	6.292368584807968e-09
8.00975	2.924058543466113e-09
8.0145	1.334501165726246e-09
8.01925	5.981537586414769e-10
8.024000000000001	2.633102098850749e-10
8.028749999999999	1.1383702751625437e-10
8.0335	4.833485047387649e-11
8.03825	2.0155714422870777e-11
8.043	8.254618338919455e-12
8.04775	3.3201429604386454e-12
8.0525	1.31152796416631e-12
8.05725	5.088143022285235e-13
8.062	1.9386617886105882e-13
8.066749999999999	7.254471434658937e-14
8.0715	2.6660634691671834e-14
8.07625	9.622682975318078e-15
8.081	3.411008929737719e-15
8.08575	1.1874915265406377e-15
8.090499999999999	4.0601227792501883e-16
8.09525	1.363354510105525e-16
8.1	4.496135757661101e-17
8.10475	1.4562334993437705e-17
8.1095	4.632160548217096e-18
8.11425	1.4470954366886916e-18
8.119	4.43988508047341e-19
8.123750000000001	1.3378495257782444e-19
8.128499999999999	3.959166749477931e-20
8.13325	1.1506978521969088e-20
8.138	3.2845796368557885e-21
8.14275	9.207872017935573e-22
8.1475	2.5351270960994866e-22
8.152249999999999	6.854900961698503e-23
8.157	1.8203865439235744e-23
8.16175	4.747741153482777e-24
8.1665	1.2161060091279291e-24
8.17125	3.059263042874973e-25
8.176	7.558283727837222e-26
8.18075	1.833962899393332e-26
8.185500000000001	4.370376833381752e-27
8.190249999999999	1.0228411919011038e-27
8.195	2.3510318814717995e-28
8.19975	5.307253253044653e-29
8.2045	1.1766358866416608e-29
8.20925	2.5619777434711543e-30
8.213999999999999	5.478600084335538e-31
8.21875	1.1506012240254236e-31
8.2235	2.3732366587552098e-32
8.22825	4.807488446480692e-33
8.233	9.564371460035844e-34
8.23775	1.868768930695271e-34
8.2425	3.586045205597229e-35
8.247250000000001	6.758291181049529e-36
8.251999999999999	1.250889720137855e-36
8.25675	2.2738516761318005e-37
8.2615	4.059440922117984e-38
8.26625	7.117562727116473e-39
8.271	1.2256243078223377e-39
8.275749999999999	2.072738015796534e-40
8.2805	3.4426466108701127e-41
8.28525	5.6156684718797385e-42
8.29	8.996456028632654e-43
8.29475	1.415475794618963e-43
8.2995	2.1872298143559697e-44
8.30425	3.3193066182056487e-45
8.309000000000001	4.9472209969545085e-46
8.313749999999999	7.241628392265617e-47
8.3185	1.0410513304075212e-47
8.32325	1.4698365294633035e-48
8.328	2.0381066887377726e-49
8.33275	2.775529045759065e-50
8.337499999999999	3.712150911528353e-51
8.34225	4.876030965220925e-52
8.347	6.290255281170912e-53
8.35175	7.969499940610037e-54
8.3565	9.916418731230649e-55
8.36125	1.2118242163559696e-55
8.366	1.454405075387228e-56
8.370750000000001	1.7143209027155822e-57
8.375499999999999	1.9845399421559766e-58
8.38025	2.2562569266880603e-59
8.385	2.519290479408615e-60
8.38975	2.7626694355065994e-61
8.3945	2.9753672955810328e-62
8.399249999999999	3.147119484383487e-63
8.404	3.269240444847696e-64
8.40875	3.3353504992083704e-65
8.413499999999999	3.341927926804851e-66
8.41825	3.2886197801624246e-67
8.423	3.1782732623101268e-68
8.42775	3.0166837832564896e-69
8.432500000000001	2.812090722433092e-70
8.437249999999999	2.5744819490073544e-71
8.442	2.3147887299597706e-72
8.44675	2.0440609993276162e-73
8.4515	1.772708508923859e-74
8.45625	1.5098777707073029e-75
8.460999999999999	1.2630113046910645e-76
8.46575	1.0376088538448073e-77
8.4705	8.371843180447384e-79
8.475249999999999	6.63390862023317e-80
8.48	5.162723544581033e-81
8.48475	3.9459287530770584e-82
8.4895	2.9619695777693104e-83
8.494250000000001	2.1835992292325773e-84
8.498999999999999	1.5809795620916633e-85
8.50375	1.1241921894767252e-86
8.5085	7.850835112721321e-88
8.51325	5.384583714170205e-89
8.518	3.6270153625861795e-90
8.52275	2.399427552001196e-91
8.5275	1.5589309250817678e-92
8.53225	9.947342876178457e-94
8.536999999999999	6.233734309841124e-95
8.54175	3.8366349263138e-96
8.5465	2.319073813657626e-97
8.55125	1.3775644080627097e-98
8.556	9.52100338338719e-100
8.56075	2.569805969506008e-99
8.5655	4.1860016846343415e-98
8.57025	6.817783366770951e-97
8.575	1.0906229042999225e-95
8.57975	1.713432915757301e-94
8.5845	2.6437512011567225e-93
8.58925	4.006222290745223e-92
8.594	5.96225420665356e-91
8.598749999999999	8.714589186288734e-90
8.6035	1.250962622799607e-88
8.60825	1.76361073274577e-87
8.613	2.44186762643908e-86
8.61775	3.3204923635194216e-85
8.6225	4.434491624877745e-84
8.62725	5.816291667957829e-83
8.632	7.492202366401991e-82
8.63675	9.478373238440314e-81
8.6415	1.177657759448161e-79
8.64625	1.4370284760795326e-78
8.651	1.7221565786595887e-77
8.65575	2.0269399404367536e-76
8.660499999999999	2.342988249255049e-75
8.66525	2.6598694729329726e-74
8.67	2.965592839315474e-73
8.67475	3.247309688153066e-72
8.679499999999999	3.4921820577336677e-71
8.68425	3.688340689546814e-70
8.689	3.8258343962270797e-69
8.69375	3.897465590485564e-68
8.6985	3.8994144479221344e-67
8.70325	3.831576385097425e-66
8.708	3.6975713576848477e-65
8.71275	3.5044238282937935e-64
8.7175	3.2619527800533195e-63
8.722249999999999	2.9819454865319987e-62
8.727	2.677211699648335e-61
8.73175	2.3606234298595708e-60
8.7365	2.044239129305543e-59
8.741249999999999	1.7385919532483785e-58
8.746	1.452193933303182e-57
8.75075	1.1912764476927098e-56
8.7555	9.597574183948296e-56
8.76025	7.594013840583394e-55
8.765	5.901226386221315e-54
8.76975	4.5037487178202225e-53
8.7745	3.375724626389597e-52
8.77925	2.4849683235378804e-51
8.783999999999999	1.7965350174218214e-50
8.78875	1.275591160452515e-49
8.7935	8.895048080223897e-49
8.79825	6.09180626764246e-48
8.802999999999999	4.0973668694213768e-47
8.80775	2.7066032824853026e-46
8.8125	1.755922490506502e-45
8.81725	1.11878610357913e-44
8.822	7.000833836363751e-44
8.82675	4.30242651110782e-43
8.8315	2.5967978126533882e-42
8.83625	1.539301869982584e-41
8.841	8.961288141622364e-41
8.84575	5.1236336749266984e-40
8.8505	2.877045203498455e-39
8.85525	1.5866322742979533e-38
8.86	8.5934364078446e-38
8.864749999999999	4.571075930122823e-37
8.8695	2.387981664909423e-36
8.87425	1.2251930513212565e-35
8.879	6.173607953664836e-35
8.88375	3.0551641766825607e-34
8.8885	1.4848789273214832e-33
8.89325	7.087752102986092e-33
8.898	3.322668235418672e-32
8.90275	1.5297710023245635e-31
8.9075	6.917144586878089e-31
8.91225	3.0717669799432e-30
8.917	1.3397095899155744e-29
8.92175	5.738442697877368e-29
8.926499999999999	2.4140063991882897e-28
8.93125	9.973412213727366e-28
8.936	4.046784764609877e-27
8.94075	1.6126399998782997e-26
8.9455	6.311400413760874e-26
8.95025	2.42591189906459e-25
8.955	9.157676548084194e-25
8.95975	3.39513118720263e-24
8.9645	1.2362001858301798e-23
8.96925	4.420608289003679e-23
8.974	1.5525165819489665e-22
8.97875	5.354900995924764e-22
8.9835	1.813959676834905e-21
8.988249999999999	6.034826605046523e-21
8.993	1.97180039125655e-20
8.99775	6.327353305874557e-20
9.0025	1.99407829604877e-19
9.007249999999999	6.171962981008035e-19
9.012	1.8761406921673387e-18
9.01675	5.601037472882052e-18
9.0215	1.64222454172925e-17
9.02625	4.72887225696803e-17
9.031	1.3373454712626208e-16
9.03575	3.714416714410578e-16
9.0405	1.0132080301171026e-15
9.04525	2.7143609946956307e-15
9.049999999999999	7.141633735079028e-15
9.05475	1.8453915397059712e-14
9.0595	4.683175809765415e-14
9.06425	1.1672217806219504e-13
9.068999999999999	2.857112154815131e-13
9.07375	6.868504374160023e-13
9.0785	1.6216534641847733e-12
9.08325	3.7602343614502134e-12
9.088	8.563134350997377e-12
9.09275	1.9151887708644985e-11
9.0975	4.206795494412713e-11
9.10225	9.075116274067478e-11
9.107	1.922710866069752e-10
9.111749999999999	4.0007070165734436e-10
9.1165	8.1756162781165e-10
9.12125	1.6408362274166135e-09
9.126	3.234230416139421e-09
9.130749999999999	6.260912909387476e-09
9.1355	1.1903244459950138e-08
9.14025	2.22256273150389e-08
9.145	4.0757138678964514e-08
9.14975	7.34030880785314e-08
9.1545	1.2983325932933298e-07
9.15925	2.2553740175944123e-07
9.164	3.8477971690256793e-07
9.16875	6.447134836118119e-07
9.1735	1.0609192270611893e-06
9.17825	1.714584415052135e-06
9.183	2.7214252380904536e-06
9.18775	4.242237013632111e-06
9.192499999999999	6.494630299179313e-06
9.19725	9.76506018519461e-06
9.202	1.4419705774599105e-05
9.20675	2.0912158320878088e-05
9.2115	2.9785322173794445e-05
9.21625	4.166455334667152e-05
9.221	5.723901393385381e-05
9.22575	7.72286674145495e-05
9.2305	0.00010233540752298591
9.23525	0.00013317855247251963
9.24	0.00017021727813913636
9.24475	0.00021366529053285484
9.2495	0.0002634057786270833
9.254249999999999	0.00031891695115009774
9.259	0.00037921970271511464
9.26375	0.0004428586867705605
9.2685	0.0005079259796786918
9.273249999999999	0.0005721325685166844
9.278	0.0006329274025598931
9.28275	0.0006876573854743936
9.2875	0.0007337553978705336
9.29225	0.0007689382965024306
9.297	0.000791393826088407
9.30175	0.0007999352026243295
9.3065	0.0007941050264836922
9.31125	0.000774215863152287
9.315999999999999	0.0007413224810085737
9.32075	0.0006971291778534985
9.3255	0.0006438435280189256
9.33025	0.0005839940110170895
9.334999999999999	0.0005202324483066526
9.33975	0.00045514257780047426
9.3445	0.0003910735804863875
9.34925	0.0003300125643976185
9.354	0.0002735038579651204
9.35875	0.0002226165373070217
9.3635	0.00017795589303846827
9.36825	0.00013971026293523584
9.373	0.00010772220394407113
9.377749999999999	8.157238027632268e-05
9.3825	6.066553398563024e-05
9.38725	4.431001517424925e-05
9.392	3.178503964480474e-05
9.396749999999999	2.2392604042530856e-05
9.4015	1.549342480302592e-05
9.40625	1.0528130054083786e-05
9.411	7.026127690458258e-06
9.41575	4.605129208749054e-06
9.4205	2.964343904008375e-06
9.42525	1.8740291296640724e-06
9.43	1.1635500601694304e-06
9.43475	7.095039116677394e-07
9.439499999999999	4.2489879964484956e-07
9.44425	2.499063083245932e-07
9.449	1.4435439665762378e-07
9.45375	8.18925257236336e-08
9.458499999999999	4.5626983140118705e-08
9.46325	2.496727070815968e-08
9.468	1.3419413391575917e-08
9.47275	7.0877402770078766e-09
9.4775	3.6867752315859278e-09
9.48225	1.908389170102037e-09
9.487	1.0300280361467418e-09
9.49175	6.850647913830397e-10
9.4965	7.463514621692941e-10
9.50125	1.3013422852875147e-09
9.506	2.7264549052541497e-09
9.51075	5.907349344362004e-09
9.5155	1.2712840415332674e-08
9.520249999999999	2.6932803298329987e-08
9.525	5.6065494430183435e-08
9.52975	1.1463448127034165e-07
9.5345	2.3019989719061455e-07
9.53925	4.540021288565234e-07
9.544	8.793707945179998e-07
9.54875	1.6728124576622689e-06
9.5535	3.1252407051081643e-06
9.55825	5.734303544351359e-06
9.563	1.0333296003395214e-05
9.56775	1.828765611731984e-05
9.5725	3.178617043215419e-05
9.57725	5.425994551689101e-05
9.581999999999999	9.096649965851179e-05
9.58675	0.00014977681755274933
9.5915	0.0002421969657370311
9.59625	0.00038463941196689754
9.600999999999999	0.0005999289929427269
9.60575	0.0009189817863005816
9.6105	0.0013825312029913433
9.61525	0.002042697062518587
9.62	0.002964107644657609
9.62475	0.004224204774900864
9.6295	0.005912306488917652
9.63425	0.008126993273806853
9.639	0.010971445391046945
9.643749999999999	0.014546508862933183
9.6485	0.01894151405550114
9.65325	0.024223204179100323
9.658	0.03042352093253973
9.662749999999999	0.03752738841526248
9.6675	0.04546196417405058
9.67225	0.05408901006750847
9.677	0.06320200492429452
9.68175	0.07252932944584077
9.6865	0.08174429522282212
9.69125	0.09048200798406926
9.696	0.09836214493898834
9.70075	0.1050158219596169
9.705499999999999	0.11011398143044054
9.71025	0.11339428850808278
9.715	0.11468348438915249
9.71975	0.11391254719544877
9.724499999999999	0.11112281422622489
9.72925	0.1064623098228125
9.734	0.10017273282630021
9.73875	0.0925686956105241
9.7435	0.0840116957386834
9.74825	0.07488181151632463
9.753	0.0655501844530839
9.75775	0.05635500318074962
9.7625	0.04758302234240438
9.76725	0.03945777150185093
9.772	0.032134686534632424
9.77675	0.025702570957005344
9.7815	0.02019017346940167
9.786249999999999	0.015576307723515863
9.791	0.011801846757929904
9.79575	0.008782060174433429
9.8005	0.006418060852219868
9.80525	0.004606512320416522
9.81	0.003247144595423864
9.81475	0.00224797772715989
9.8195	0.0015284222957660377
9.82425	0.00102060034137818
9.829	0.0006693126585978551
9.83375	0.00043108543827612166
9.8385	0.0002726833694247555
9.84325	0.00016940059644144162
9.847999999999999	0.0001033551693851754
9.85275	6.193133696964347e-05
9.8575	3.644598505909786e-05
9.86225	2.1064439840365542e-05
9.866999999999999	1.1956694169919389e-05
9.87175	6.66550888875572e-06
9.8765	3.649358151100135e-06
9.88125	1.962278509919373e-06
9.886	1.0362529798968386e-06
9.89075	5.374423949645795e-07
9.8955	2.7375309365771645e-07
9.90025	1.3694530083181326e-07
9.905	6.728158556843277e-08
9.909749999999999	3.246431811682518e-08
9.9145	1.538428574219459e-08
9.91925	7.159939864322589e-09
9.924	3.272671363378619e-09
9.928749999999999	1.4691170617939071e-09
9.9335	6.476962659508521e-10
9.93825	2.804447851164731e-10
9.943	1.1925712317185927e-10
9.94775	4.9806069847035874e-11
9.9525	2.0428722189473875e-11
9.95725	8.229266298519156e-12
9.962	3.2556822720411307e-12
9.96675	1.2649806948594719e-12
9.971499999999999	4.827105217208397e-13
9.97625	1.8090501963081138e-13
9.981	6.65848544207266e-14
9.98575	2.4069179075609448e-14
9.990499999999999	8.544922073341095e-15
9.99525	2.97931299412918e-15
