 Ground state dipole moment in X,Y,Z:   -0.000000    0.000000    0.530917 a.u.

 Transition dipole moment between ground state (0) and excited states (a.u.)
     i     j         X             Y             Z        Diff.(eV)   Oscil.str
     0     1    -0.0000000     1.0693310     0.0000000     4.68130     0.13114
     0     2     0.0000000    -0.0000000     0.0000000     5.03030     0.00000
     0     3    -0.0000000     0.5061719     0.0000000     5.66570     0.03556
     0     4    -0.0000000    -0.0000000     0.1853575     5.85340     0.00493
     0     5     0.0000000     0.0000000     0.0000000     8.25890     0.00000
     0     6    -0.0000000    -0.6730495    -0.0000000     8.89470     0.09872
     0     7     0.0000000     0.0000000    -0.2121035     9.30240     0.01025
     0     8     0.0000000    -1.3089297    -0.0000000     9.47840     0.39786
     0     9     0.0000000     0.0000000    -0.0000000    10.06420     0.00000
     0    10     0.0000000     0.4581283     0.0000000    10.58840     0.05445
     0    11    -0.0000000    -0.0000000     0.9301471    12.33970     0.26156
     0    12     0.0000000     0.0000000     0.2881463    13.72560     0.02792
     0    13    -0.0000000    -0.1933242     0.0000000    13.86640     0.01270
     0    14     0.0969758    -0.0000000    -0.0000000    14.22250     0.00328
     0    15    -0.0000000    -0.3183291    -0.0000000    14.84590     0.03686
     0    16    -0.0000000    -0.0000000     0.0469972    15.01480     0.00081
     0    17    -0.0000000     0.0000000    -0.1513440    15.33280     0.00860
     0    18    -0.5314944    -0.0000000     0.0000000    15.50510     0.10731
     0    19     0.0000000    -0.1401303     0.0000000    16.12640     0.00776
     0    20     0.0000000    -0.0000000    -0.5421065    16.15760     0.11633
     0    21     0.0000000     0.0000000    -0.2406980    17.31100     0.02457
     0    22    -0.6054548     0.0000000    -0.0000000    17.50710     0.15723
     0    23    -0.0000000    -0.0000000     0.3927683    18.16610     0.06866
     0    24     0.0000000    -0.3167262     0.0000000    18.22080     0.04478
     0    25     0.0000000     0.0000000     0.1339265    18.78250     0.00825
     0    26     0.2484165    -0.0000000     0.0000000    18.81340     0.02844
     0    27    -0.0000000    -0.2176479     0.0000000    19.12470     0.02220
     0    28     0.1683102     0.0000000     0.0000000    19.20840     0.01333
     0    29     0.0000000    -0.0000000     0.3089959    19.68840     0.04605
     0    30    -0.0000000    -0.3592913    -0.0000000    19.72830     0.06239
 
 Note: In below output the case of i=j corresponds to electronic contribution to dipole moment of excited state i
 Transition dipole moment between excited states (a.u.):
     i     j         X             Y             Z        Diff.(eV)   Oscil.str
     1     1     0.0000000     0.0000000     7.6106811     0.00000     0.00000
     1     2     2.8886213     0.0000000     0.0000000     0.34900     0.07135
     1     3     0.0000000     0.0000000     2.8726191     0.98440     0.19901
     1     4    -0.0000000     3.0656326    -0.0000000     1.17210     0.26988
     1     5     0.9363584    -0.0000000     0.0000000     3.57760     0.07685
     1     6    -0.0000000    -0.0000000     0.5524945     4.21340     0.03151
     1     7     0.0000000    -0.5983074     0.0000000     4.62110     0.04053
     1     8     0.0000000    -0.0000000    -0.4910725     4.79710     0.02834
     1     9    -0.9570917    -0.0000000    -0.0000000     5.38290     0.12080
     1    10     0.0000000     0.0000000    -0.1289579     5.90710     0.00241
     1    11    -0.0000000     0.0230261    -0.0000000     7.65840     0.00010
     1    12     0.0000000    -0.6282382     0.0000000     9.04430     0.08745
     1    13     0.0000000     0.0000000    -0.6159228     9.18510     0.08537
     1    14    -0.0000000    -0.0000000    -0.0000000     9.54120     0.00000
     1    15     0.0000000     0.0000000    -0.0449539    10.16460     0.00050
     1    16    -0.0000000     0.3948457    -0.0000000    10.33350     0.03947
     1    17     0.0000000     0.7875442     0.0000000    10.65150     0.16185
     1    18     0.0000000     0.0000000    -0.0000000    10.82380     0.00000
     1    19    -0.0000000     0.0000000     0.0293113    11.44510     0.00024
     1    20     0.0000000     0.0465462     0.0000000    11.47630     0.00061
     1    21    -0.0000000    -0.0309458     0.0000000    12.62970     0.00030
     1    22    -0.0000000     0.0000000    -0.0000000    12.82580     0.00000
     1    23     0.0000000     0.0133636     0.0000000    13.48480     0.00006
     1    24     0.0000000     0.0000000    -0.0014874    13.53950     0.00000
     1    25    -0.0000000     0.0250518    -0.0000000    14.10120     0.00022
     1    26    -0.0000000     0.0000000     0.0000000    14.13210     0.00000
     1    27     0.0000000    -0.0000000     0.0252768    14.44340     0.00023
     1    28    -0.0000000     0.0000000     0.0000000    14.52710     0.00000
     1    29     0.0000000     0.0980643    -0.0000000    15.00710     0.00354
     1    30     0.0000000    -0.0000000     0.0048957    15.04700     0.00001
     2     2    -0.0000000     0.0000000     8.7989040     0.00000     0.00000
     2     3     0.4713964    -0.0000000    -0.0000000     0.63540     0.00346
     2     4    -0.0000000    -0.0000000    -0.0000000     0.82310     0.00000
     2     5     0.0000000    -0.0000000    -1.0282920     3.22860     0.08364
     2     6     1.8382740    -0.0000000     0.0000000     3.86440     0.31993
     2     7     0.0000000    -0.0000000    -0.0000000     4.27210     0.00000
     2     8     0.8464098     0.0000000    -0.0000000     4.44810     0.07807
     2     9    -0.0000000     0.0000000    -0.7940888     5.03390     0.07777
     2    10     0.6800303     0.0000000    -0.0000000     5.55810     0.06297
     2    11    -0.0000000    -0.0000000     0.0000000     7.30940     0.00000
     2    12     0.0000000     0.0000000    -0.0000000     8.69530     0.00000
     2    13     0.2395070    -0.0000000     0.0000000     8.83610     0.01242
     2    14     0.0000000    -0.6117359    -0.0000000     9.19220     0.08428
     2    15     0.0796145    -0.0000000    -0.0000000     9.81560     0.00152
     2    16    -0.0000000     0.0000000     0.0000000     9.98450     0.00000
     2    17     0.0000000    -0.0000000    -0.0000000    10.30250     0.00000
     2    18    -0.0000000     0.9806938     0.0000000    10.47480     0.24681
     2    19    -0.1287727     0.0000000    -0.0000000    11.09610     0.00451
     2    20     0.0000000    -0.0000000    -0.0000000    11.12730     0.00000
     2    21     0.0000000    -0.0000000    -0.0000000    12.28070     0.00000
     2    22    -0.0000000     0.0955907     0.0000000    12.47680     0.00279
     2    23     0.0000000     0.0000000    -0.0000000    13.13580     0.00000
     2    24    -0.0252466     0.0000000    -0.0000000    13.19050     0.00021
     2    25    -0.0000000     0.0000000     0.0000000    13.75220     0.00000
     2    26     0.0000000    -0.0538281    -0.0000000    13.78310     0.00098
     2    27    -0.6351756     0.0000000    -0.0000000    14.09440     0.13931
     2    28     0.0000000    -0.0356427    -0.0000000    14.17810     0.00044
     2    29    -0.0000000     0.0000000    -0.0000000    14.65810     0.00000
     2    30    -0.2035618     0.0000000    -0.0000000    14.69800     0.01492
     3     3    -0.0000000     0.0000000     9.6394410     0.00000     0.00000
     3     4    -0.0000000    -0.3470222    -0.0000000     0.18770     0.00055
     3     5    -1.0533905     0.0000000    -0.0000000     2.59320     0.07050
     3     6     0.0000000     0.0000000    -1.2982578     3.22900     0.13334
     3     7    -0.0000000    -1.4176630    -0.0000000     3.63670     0.17907
     3     8    -0.0000000    -0.0000000     1.7802470     3.81270     0.29604
     3     9    -1.0868534     0.0000000    -0.0000000     4.39850     0.12729
     3    10    -0.0000000     0.0000000    -0.0882148     4.92270     0.00094
     3    11     0.0000000     1.3557730    -0.0000000     6.67400     0.30055
     3    12     0.0000000    -0.0897834     0.0000000     8.05990     0.00159
     3    13     0.0000000    -0.0000000    -0.4988735     8.20070     0.05000
     3    14    -0.0000000     0.0000000     0.0000000     8.55680     0.00000
     3    15    -0.0000000    -0.0000000    -0.0468958     9.18020     0.00049
     3    16     0.0000000    -0.5249101    -0.0000000     9.34910     0.06311
     3    17    -0.0000000    -0.0707420     0.0000000     9.66710     0.00119
     3    18     0.0000000    -0.0000000    -0.0000000     9.83940     0.00000
     3    19    -0.0000000     0.0000000     0.0222466    10.46070     0.00013
     3    20    -0.0000000     0.8917929     0.0000000    10.49190     0.20443
     3    21     0.0000000    -0.0102092     0.0000000    11.64530     0.00003
     3    22     0.0000000    -0.0000000     0.0000000    11.84140     0.00000
     3    23    -0.0000000    -0.0221365    -0.0000000    12.50040     0.00015
     3    24    -0.0000000    -0.0000000     0.0157037    12.55510     0.00008
     3    25     0.0000000     0.0784687    -0.0000000    13.11680     0.00198
     3    26    -0.0000000     0.0000000     0.0000000    13.14770     0.00000
     3    27    -0.0000000     0.0000000     0.2329614    13.45900     0.01790
     3    28    -0.0000000     0.0000000     0.0000000    13.54270     0.00000
     3    29    -0.0000000    -0.0845800    -0.0000000    14.02270     0.00246
     3    30    -0.0000000     0.0000000     0.0604871    14.06260     0.00126
     4     4    -0.0000000    -0.0000000     7.4875626     0.00000     0.00000
     4     5     0.0000000    -0.0000000     0.0000000     2.40550     0.00000
     4     6    -0.0000000    -0.0854559     0.0000000     3.04130     0.00054
     4     7     0.0000000     0.0000000    -1.4945102     3.44900     0.18873
     4     8    -0.0000000     0.0888566    -0.0000000     3.62500     0.00070
     4     9     0.0000000    -0.0000000     0.0000000     4.21080     0.00000
     4    10    -0.0000000     1.5003547     0.0000000     4.73500     0.26114
     4    11     0.0000000    -0.0000000     0.8423596     6.48630     0.11276
     4    12     0.0000000    -0.0000000    -0.0627500     7.87220     0.00076
     4    13    -0.0000000    -0.3845255     0.0000000     8.01300     0.02903
     4    14     0.0157689     0.0000000     0.0000000     8.36910     0.00005
     4    15    -0.0000000    -0.6569210    -0.0000000     8.99250     0.09507
     4    16    -0.0000000    -0.0000000     0.0497362     9.16140     0.00056
     4    17     0.0000000     0.0000000    -0.1208672     9.47940     0.00339
     4    18     0.0307431     0.0000000    -0.0000000     9.65170     0.00022
     4    19     0.0000000     1.1408906    -0.0000000    10.27300     0.32760
     4    20     0.0000000     0.0000000    -0.0234523    10.30420     0.00014
     4    21    -0.0000000    -0.0000000    -0.0204359    11.45760     0.00012
     4    22     0.0364653    -0.0000000     0.0000000    11.65370     0.00038
     4    23     0.0000000     0.0000000    -0.1009792    12.31270     0.00308
     4    24     0.0000000     0.0104975     0.0000000    12.36740     0.00003
     4    25    -0.0000000     0.0000000     0.1101829    12.92910     0.00385
     4    26    -0.0071377     0.0000000     0.0000000    12.96000     0.00002
     4    27     0.0000000     0.4158603    -0.0000000    13.27130     0.05623
     4    28     0.0066577    -0.0000000     0.0000000    13.35500     0.00001
     4    29    -0.0000000    -0.0000000    -0.2858077    13.83500     0.02769
     4    30     0.0000000     0.1315930    -0.0000000    13.87490     0.00589
     5     5     0.0000000     0.0000000     6.8805203     0.00000     0.00000
     5     6     0.1978062    -0.0000000    -0.0000000     0.63580     0.00061
     5     7    -0.0000000     0.0000000    -0.0000000     1.04350     0.00000
     5     8     0.1158378    -0.0000000    -0.0000000     1.21950     0.00040
     5     9     0.0000000    -0.0000000    -0.6441202     1.80530     0.01835
     5    10    -0.5077711    -0.0000000     0.0000000     2.32950     0.01471
     5    11     0.0000000     0.0000000     0.0000000     4.08080     0.00000
     5    12    -0.0000000    -0.0000000    -0.0000000     5.46670     0.00000
     5    13    -0.0069716     0.0000000     0.0000000     5.60750     0.00001
     5    14    -0.0000000    -0.0322545    -0.0000000     5.96360     0.00015
     5    15     0.0135819    -0.0000000     0.0000000     6.58700     0.00003
     5    16     0.0000000     0.0000000     0.0000000     6.75590     0.00000
     5    17    -0.0000000    -0.0000000    -0.0000000     7.07390     0.00000
     5    18     0.0000000     0.0678455     0.0000000     7.24620     0.00082
     5    19    -0.0865996     0.0000000     0.0000000     7.86750     0.00145
     5    20    -0.0000000    -0.0000000    -0.0000000     7.89870     0.00000
     5    21    -0.0000000    -0.0000000    -0.0000000     9.05210     0.00000
     5    22     0.0000000    -0.4234822    -0.0000000     9.24820     0.04063
     5    23     0.0000000     0.0000000     0.0000000     9.90720     0.00000
     5    24    -0.0376751     0.0000000     0.0000000     9.96190     0.00035
     5    25     0.0000000     0.0000000    -0.0000000    10.52360     0.00000
     5    26    -0.0000000     1.0111938     0.0000000    10.55450     0.26440
     5    27    -0.5910352     0.0000000     0.0000000    10.86580     0.09299
     5    28    -0.0000000     0.3408391     0.0000000    10.94950     0.03116
     5    29     0.0000000    -0.0000000    -0.0000000    11.42950     0.00000
     5    30    -0.2015575     0.0000000     0.0000000    11.46940     0.01142
     6     6    -0.0000000     0.0000000     7.3460913     0.00000     0.00000
     6     7     0.0000000     0.0877263    -0.0000000     0.40770     0.00008
     6     8     0.0000000     0.0000000     1.5016717     0.58370     0.03225
     6     9    -0.0397957     0.0000000     0.0000000     1.16950     0.00005
     6    10     0.0000000    -0.0000000    -0.3600160     1.69370     0.00538
     6    11    -0.0000000    -0.9024940     0.0000000     3.44500     0.06874
     6    12     0.0000000     0.0327841     0.0000000     4.83090     0.00013
     6    13    -0.0000000    -0.0000000    -0.0237162     4.97170     0.00007
     6    14     0.0000000    -0.0000000    -0.0000000     5.32780     0.00000
     6    15    -0.0000000     0.0000000     0.0139094     5.95120     0.00003
     6    16    -0.0000000    -0.0211227     0.0000000     6.12010     0.00007
     6    17    -0.0000000     0.1890263    -0.0000000     6.43810     0.00564
     6    18    -0.0000000     0.0000000     0.0000000     6.61040     0.00000
     6    19     0.0000000    -0.0000000    -0.0214410     7.23170     0.00008
     6    20     0.0000000     0.0642895    -0.0000000     7.26290     0.00074
     6    21     0.0000000    -0.4416732     0.0000000     8.41630     0.04022
     6    22    -0.0000000     0.0000000     0.0000000     8.61240     0.00000
     6    23    -0.0000000     0.4783602     0.0000000     9.27140     0.05198
     6    24     0.0000000    -0.0000000     0.0260977     9.32610     0.00016
     6    25    -0.0000000     0.8098746    -0.0000000     9.88780     0.15889
     6    26     0.0000000    -0.0000000    -0.0000000     9.91870     0.00000
     6    27     0.0000000    -0.0000000    -0.0055104    10.23000     0.00001
     6    28     0.0000000    -0.0000000    -0.0000000    10.31370     0.00000
     6    29     0.0000000    -0.8498028     0.0000000    10.79370     0.19097
     6    30     0.0000000     0.0000000     0.0008542    10.83360     0.00000
     7     7    -0.0000000     0.0000000     7.5930801     0.00000     0.00000
     7     8    -0.0000000    -0.9073212    -0.0000000     0.17600     0.00355
     7     9     0.0000000     0.0000000     0.0000000     0.76180     0.00000
     7    10    -0.0000000    -2.0535168    -0.0000000     1.28600     0.13286
     7    11    -0.0000000    -0.0000000    -0.4066255     3.03730     0.01230
     7    12    -0.0000000     0.0000000     0.0365191     4.42320     0.00014
     7    13     0.0000000     0.5723771     0.0000000     4.56400     0.03663
     7    14    -0.0050234    -0.0000000     0.0000000     4.92010     0.00000
     7    15     0.0000000     0.0193814     0.0000000     5.54350     0.00005
     7    16     0.0000000     0.0000000    -0.0414386     5.71240     0.00024
     7    17    -0.0000000     0.0000000     0.1053386     6.03040     0.00164
     7    18    -0.0394901    -0.0000000     0.0000000     6.20270     0.00024
     7    19     0.0000000    -0.1320771     0.0000000     6.82400     0.00292
     7    20    -0.0000000    -0.0000000     0.0026530     6.85520     0.00000
     7    21    -0.0000000    -0.0000000    -0.0016045     8.00860     0.00000
     7    22    -0.0184134     0.0000000    -0.0000000     8.20470     0.00007
     7    23    -0.0000000     0.0000000     0.0031392     8.86370     0.00000
     7    24     0.0000000    -0.6391009    -0.0000000     8.91840     0.08925
     7    25     0.0000000     0.0000000     0.0198445     9.48010     0.00009
     7    26    -0.0219949    -0.0000000    -0.0000000     9.51100     0.00011
     7    27     0.0000000    -0.5630867     0.0000000     9.82230     0.07630
     7    28     0.0049566    -0.0000000    -0.0000000     9.90600     0.00001
     7    29    -0.0000000    -0.0000000    -0.2727731    10.38600     0.01893
     7    30     0.0000000     0.8393683     0.0000000    10.42590     0.17996
     8     8    -0.0000000    -0.0000000     8.7343345     0.00000     0.00000
     8     9    -1.1960996     0.0000000    -0.0000000     0.58580     0.02053
     8    10    -0.0000000    -0.0000000    -0.1381792     1.11000     0.00052
     8    11    -0.0000000    -1.6560092    -0.0000000     2.86130     0.19224
     8    12     0.0000000     0.0177667     0.0000000     4.24720     0.00003
     8    13     0.0000000    -0.0000000    -0.9278374     4.38800     0.09255
     8    14     0.0000000     0.0000000     0.0000000     4.74410     0.00000
     8    15     0.0000000    -0.0000000    -0.0664590     5.36750     0.00058
     8    16    -0.0000000    -0.0246517     0.0000000     5.53640     0.00008
     8    17    -0.0000000     0.3330196     0.0000000     5.85440     0.01591
     8    18    -0.0000000    -0.0000000     0.0000000     6.02670     0.00000
     8    19    -0.0000000    -0.0000000    -0.0446490     6.64800     0.00032
     8    20    -0.0000000     0.1528667    -0.0000000     6.67920     0.00382
     8    21     0.0000000    -0.2485019    -0.0000000     7.83260     0.01185
     8    22    -0.0000000    -0.0000000    -0.0000000     8.02870     0.00000
     8    23    -0.0000000    -0.2746479     0.0000000     8.68770     0.01606
     8    24    -0.0000000    -0.0000000     0.0370097     8.74240     0.00029
     8    25    -0.0000000     0.4134684     0.0000000     9.30410     0.03897
     8    26     0.0000000     0.0000000     0.0000000     9.33500     0.00000
     8    27    -0.0000000    -0.0000000    -0.1267314     9.64630     0.00380
     8    28     0.0000000     0.0000000    -0.0000000     9.73000     0.00000
     8    29     0.0000000     0.9015524    -0.0000000    10.21000     0.20331
     8    30    -0.0000000     0.0000000    -0.0766586    10.24990     0.00148
     9     9     0.0000000     0.0000000     8.5292598     0.00000     0.00000
     9    10    -1.9095732     0.0000000     0.0000000     0.52420     0.04683
     9    11    -0.0000000     0.0000000     0.0000000     2.27550     0.00000
     9    12     0.0000000    -0.0000000     0.0000000     3.66140     0.00000
     9    13     0.7086965    -0.0000000     0.0000000     3.80220     0.04679
     9    14    -0.0000000    -0.0073369     0.0000000     4.15830     0.00001
     9    15    -0.0026254     0.0000000     0.0000000     4.78170     0.00000
     9    16    -0.0000000     0.0000000    -0.0000000     4.95060     0.00000
     9    17     0.0000000    -0.0000000     0.0000000     5.26860     0.00000
     9    18    -0.0000000    -0.0172012    -0.0000000     5.44090     0.00004
     9    19     0.0978418    -0.0000000     0.0000000     6.06220     0.00142
     9    20     0.0000000    -0.0000000    -0.0000000     6.09340     0.00000
     9    21     0.0000000    -0.0000000     0.0000000     7.24680     0.00000
     9    22     0.0000000    -0.1294167    -0.0000000     7.44290     0.00305
     9    23     0.0000000     0.0000000     0.0000000     8.10190     0.00000
     9    24     0.0128345     0.0000000    -0.0000000     8.15660     0.00003
     9    25    -0.0000000     0.0000000    -0.0000000     8.71830     0.00000
     9    26    -0.0000000     0.2480046     0.0000000     8.74920     0.01318
     9    27     0.7633195    -0.0000000     0.0000000     9.06050     0.12934
     9    28    -0.0000000    -0.4476071    -0.0000000     9.14420     0.04488
     9    29    -0.0000000     0.0000000     0.0000000     9.62420     0.00000
     9    30     0.2762739     0.0000000     0.0000000     9.66410     0.01807
    10    10    -0.0000000     0.0000000     5.6605965     0.00000     0.00000
    10    11    -0.0000000    -0.7503840     0.0000000     1.75130     0.02416
    10    12     0.0000000     0.0046483    -0.0000000     3.13720     0.00000
    10    13     0.0000000    -0.0000000    -0.6186362     3.27800     0.03074
    10    14    -0.0000000     0.0000000     0.0000000     3.63410     0.00000
    10    15     0.0000000    -0.0000000    -0.0773957     4.25750     0.00062
    10    16     0.0000000    -0.0336058     0.0000000     4.42640     0.00012
    10    17     0.0000000     0.0259837    -0.0000000     4.74440     0.00008
    10    18     0.0000000     0.0000000    -0.0000000     4.91670     0.00000
    10    19    -0.0000000     0.0000000    -0.0303092     5.53800     0.00012
    10    20     0.0000000     0.0283551    -0.0000000     5.56920     0.00011
    10    21     0.0000000     0.0641840    -0.0000000     6.72260     0.00068
    10    22     0.0000000    -0.0000000     0.0000000     6.91870     0.00000
    10    23     0.0000000    -0.0127076    -0.0000000     7.57770     0.00003
    10    24    -0.0000000    -0.0000000    -0.0323139     7.63240     0.00020
    10    25     0.0000000    -0.1290737     0.0000000     8.19410     0.00334
    10    26    -0.0000000     0.0000000    -0.0000000     8.22500     0.00000
    10    27    -0.0000000     0.0000000    -0.1947889     8.53630     0.00794
    10    28    -0.0000000     0.0000000    -0.0000000     8.62000     0.00000
    10    29     0.0000000     0.1441788     0.0000000     9.10000     0.00463
    10    30    -0.0000000    -0.0000000    -0.0562834     9.13990     0.00071
    11    11     0.0000000    -0.0000000     9.2421585     0.00000     0.00000
    11    12     0.0000000    -0.0000000    -0.1569199     1.38590     0.00084
    11    13     0.0000000     0.1317774    -0.0000000     1.52670     0.00065
    11    14     0.0986257     0.0000000     0.0000000     1.88280     0.00045
    11    15    -0.0000000     0.0676770    -0.0000000     2.50620     0.00028
    11    16     0.0000000    -0.0000000     0.0042895     2.67510     0.00000
    11    17     0.0000000     0.0000000    -0.0716300     2.99310     0.00038
    11    18     0.2926640     0.0000000    -0.0000000     3.16540     0.00664
    11    19    -0.0000000     0.5214016    -0.0000000     3.78670     0.02522
    11    20     0.0000000     0.0000000     0.2385405     3.81790     0.00532
    11    21    -0.0000000     0.0000000     0.0291732     4.97130     0.00010
    11    22     0.2137807    -0.0000000     0.0000000     5.16740     0.00579
    11    23     0.0000000     0.0000000    -0.2223077     5.82640     0.00705
    11    24     0.0000000     0.2303246     0.0000000     5.88110     0.00764
    11    25    -0.0000000    -0.0000000     0.0468260     6.44280     0.00035
    11    26     0.0055068     0.0000000     0.0000000     6.47370     0.00000
    11    27     0.0000000     1.0876441    -0.0000000     6.78500     0.19664
    11    28     0.0334203    -0.0000000    -0.0000000     6.86870     0.00019
    11    29     0.0000000     0.0000000     0.3018817     7.34870     0.01641
    11    30     0.0000000     0.2730339    -0.0000000     7.38860     0.01349
    12    12     0.0000000     0.0000000     9.7309573     0.00000     0.00000
    12    13     0.0000000    -0.3021243     0.0000000     0.14080     0.00031
    12    14     2.6988370     0.0000000     0.0000000     0.49690     0.08867
    12    15    -0.0000000     3.0519662    -0.0000000     1.12030     0.25565
    12    16     0.0000000     0.0000000     2.9119842     1.28920     0.26783
    12    17    -0.0000000    -0.0000000    -0.3012073     1.60720     0.00357
    12    18    -0.1787114    -0.0000000    -0.0000000     1.77950     0.00139
    12    19     0.0000000    -0.2013404     0.0000000     2.40080     0.00238
    12    20    -0.0000000     0.0000000     0.0114969     2.43200     0.00001
    12    21     0.0000000    -0.0000000     0.1360964     3.58540     0.00163
    12    22     0.6473259    -0.0000000     0.0000000     3.78150     0.03882
    12    23     0.0000000     0.0000000    -0.6363359     4.44050     0.04405
    12    24     0.0000000    -0.5350919     0.0000000     4.49520     0.03153
    12    25    -0.0000000    -0.0000000     0.1138117     5.05690     0.00160
    12    26     0.1840624     0.0000000    -0.0000000     5.08780     0.00422
    12    27    -0.0000000     0.1007266    -0.0000000     5.39910     0.00134
    12    28    -1.0588167    -0.0000000    -0.0000000     5.48280     0.15059
    12    29    -0.0000000    -0.0000000     0.0981163     5.96280     0.00141
    12    30    -0.0000000     0.0961382     0.0000000     6.00270     0.00136
    13    13    -0.0000000    -0.0000000    10.2489701     0.00000     0.00000
    13    14     0.0000000     0.0000000     0.0000000     0.35610     0.00000
    13    15    -0.0000000    -0.0000000     0.0305590     0.97950     0.00002
    13    16    -0.0000000     0.0564587     0.0000000     1.14840     0.00009
    13    17    -0.0000000     0.0391670     0.0000000     1.46640     0.00006
    13    18    -0.0000000     0.0000000    -0.0000000     1.63870     0.00000
    13    19    -0.0000000    -0.0000000    -0.0592888     2.26000     0.00019
    13    20    -0.0000000     0.0009004     0.0000000     2.29120     0.00000
    13    21     0.0000000    -0.0068693     0.0000000     3.44460     0.00000
    13    22    -0.0000000     0.0000000    -0.0000000     3.64070     0.00000
    13    23    -0.0000000     0.0217467     0.0000000     4.29970     0.00005
    13    24     0.0000000    -0.0000000     0.1741411     4.35440     0.00324
    13    25    -0.0000000    -0.0157237    -0.0000000     4.91610     0.00003
    13    26     0.0000000    -0.0000000     0.0000000     4.94700     0.00000
    13    27    -0.0000000     0.0000000     0.4551860     5.25830     0.02669
    13    28    -0.0000000     0.0000000    -0.0000000     5.34200     0.00000
    13    29     0.0000000     0.3096711    -0.0000000     5.82200     0.01368
    13    30    -0.0000000     0.0000000     0.1258883     5.86190     0.00228
    14    14    -0.0000000     0.0000000    10.8073798     0.00000     0.00000
    14    15    -0.0000000    -0.0000000    -0.0000000     0.62340     0.00000
    14    16     0.2536657    -0.0000000    -0.0000000     0.79230     0.00125
    14    17    -0.1297200     0.0000000     0.0000000     1.11030     0.00046
    14    18    -0.0000000    -0.0000000     0.8835276     1.28260     0.02453
    14    19     0.0000000     0.0000000     0.0000000     1.90390     0.00000
    14    20    -0.0489261     0.0000000     0.0000000     1.93510     0.00011
    14    21     2.1765886     0.0000000     0.0000000     3.08850     0.35847
    14    22     0.0000000    -0.0000000    -1.1637865     3.28460     0.10899
    14    23    -0.4293884     0.0000000    -0.0000000     3.94360     0.01781
    14    24     0.0000000     0.0000000    -0.0000000     3.99830     0.00000
    14    25    -0.0436457    -0.0000000     0.0000000     4.56000     0.00021
    14    26    -0.0000000     0.0000000     0.4176076     4.59090     0.01962
    14    27    -0.0000000    -0.0000000    -0.0000000     4.90220     0.00000
    14    28    -0.0000000     0.0000000    -0.6310482     4.98590     0.04864
    14    29    -0.2186744    -0.0000000     0.0000000     5.46590     0.00640
    14    30     0.0000000     0.0000000    -0.0000000     5.50580     0.00000
    15    15    -0.0000000    -0.0000000     9.7725300     0.00000     0.00000
    15    16    -0.0000000    -0.2597982    -0.0000000     0.16890     0.00028
    15    17     0.0000000     0.3151112     0.0000000     0.48690     0.00118
    15    18    -0.0000000     0.0000000    -0.0000000     0.65920     0.00000
    15    19     0.0000000     0.0000000     0.7606145     1.28050     0.01815
    15    20     0.0000000     0.0759927     0.0000000     1.31170     0.00019
    15    21    -0.0000000     0.2272544    -0.0000000     2.46510     0.00312
    15    22     0.0000000    -0.0000000     0.0000000     2.66120     0.00000
    15    23     0.0000000     0.1575072    -0.0000000     3.32020     0.00202
    15    24    -0.0000000     0.0000000    -1.5949943     3.37490     0.21035
    15    25    -0.0000000    -0.0698971     0.0000000     3.93660     0.00047
    15    26    -0.0000000     0.0000000    -0.0000000     3.96750     0.00000
    15    27    -0.0000000    -0.0000000    -0.0374986     4.27880     0.00015
    15    28     0.0000000    -0.0000000     0.0000000     4.36250     0.00000
    15    29     0.0000000    -0.4340670    -0.0000000     4.84250     0.02235
    15    30    -0.0000000     0.0000000    -0.1036070     4.88240     0.00128
    16    16     0.0000000     0.0000000    10.8429680     0.00000     0.00000
    16    17     0.0000000     0.0000000    -1.6430190     0.31800     0.02103
    16    18     1.1043005     0.0000000     0.0000000     0.49030     0.01465
    16    19    -0.0000000     1.2235428    -0.0000000     1.11160     0.04077
    16    20     0.0000000     0.0000000     1.6731092     1.14280     0.07837
    16    21     0.0000000    -0.0000000     0.3270508     2.29620     0.00602
    16    22    -0.9089621     0.0000000    -0.0000000     2.49230     0.05045
    16    23    -0.0000000    -0.0000000     2.1549584     3.15130     0.35853
    16    24    -0.0000000    -1.3593192    -0.0000000     3.20600     0.14513
    16    25     0.0000000    -0.0000000    -0.2394523     3.76770     0.00529
    16    26     0.7308448    -0.0000000     0.0000000     3.79860     0.04971
    16    27     0.0000000    -0.1186415    -0.0000000     4.10990     0.00142
    16    28    -0.6938745     0.0000000     0.0000000     4.19360     0.04947
    16    29     0.0000000    -0.0000000    -0.4148001     4.67360     0.01970
    16    30     0.0000000    -0.2516072     0.0000000     4.71350     0.00731
    17    17     0.0000000     0.0000000     8.0970110     0.00000     0.00000
    17    18     2.5787752     0.0000000     0.0000000     0.17230     0.02807
    17    19    -0.0000000     2.7939101    -0.0000000     0.79360     0.15177
    17    20     0.0000000     0.0000000     2.1929548     0.82480     0.09718
    17    21    -0.0000000     0.0000000    -0.1716755     1.97820     0.00143
    17    22     0.8196751     0.0000000     0.0000000     2.17430     0.03579
    17    23     0.0000000     0.0000000    -0.8806061     2.83330     0.05383
    17    24     0.0000000     0.4359050     0.0000000     2.88800     0.01344
    17    25    -0.0000000    -0.0000000     0.4111185     3.44970     0.01428
    17    26     0.5730150    -0.0000000     0.0000000     3.48060     0.02800
    17    27     0.0000000    -0.4285217    -0.0000000     3.79190     0.01706
    17    28     0.3162569    -0.0000000     0.0000000     3.87560     0.00950
    17    29     0.0000000    -0.0000000    -0.6832957     4.35560     0.04982
    17    30     0.0000000    -0.4987269     0.0000000     4.39550     0.02679
    18    18    -0.0000000     0.0000000     8.9677408     0.00000     0.00000
    18    19    -0.0000000    -0.0000000    -0.0000000     0.62130     0.00000
    18    20     0.6562742     0.0000000    -0.0000000     0.65250     0.00689
    18    21     0.2085066     0.0000000     0.0000000     1.80590     0.00192
    18    22     0.0000000     0.0000000    -0.1855502     2.00200     0.00169
    18    23     0.4897756     0.0000000    -0.0000000     2.66100     0.01564
    18    24     0.0000000    -0.0000000     0.0000000     2.71570     0.00000
    18    25     1.8906957    -0.0000000     0.0000000     3.27740     0.28703
    18    26     0.0000000    -0.0000000    -1.1580068     3.30830     0.10869
    18    27    -0.0000000     0.0000000     0.0000000     3.61960     0.00000
    18    28     0.0000000    -0.0000000    -0.3448230     3.70330     0.01079
    18    29    -0.1682727    -0.0000000    -0.0000000     4.18330     0.00290
    18    30     0.0000000     0.0000000    -0.0000000     4.22320     0.00000
    19    19    -0.0000000    -0.0000000     7.8436065     0.00000     0.00000
    19    20    -0.0000000     0.0313500    -0.0000000     0.03120     0.00000
    19    21    -0.0000000     0.1307100    -0.0000000     1.18460     0.00050
    19    22    -0.0000000     0.0000000     0.0000000     1.38070     0.00000
    19    23    -0.0000000     0.1223417    -0.0000000     2.03970     0.00075
    19    24    -0.0000000    -0.0000000     0.0658749     2.09440     0.00022
    19    25    -0.0000000    -0.2256109     0.0000000     2.65610     0.00331
    19    26     0.0000000    -0.0000000     0.0000000     2.68700     0.00000
    19    27    -0.0000000    -0.0000000     0.7992076     2.99830     0.04692
    19    28     0.0000000    -0.0000000     0.0000000     3.08200     0.00000
    19    29     0.0000000    -0.0705085    -0.0000000     3.56200     0.00043
    19    30    -0.0000000     0.0000000    -1.3326040     3.60190     0.15671
    20    20    -0.0000000     0.0000000    10.2735523     0.00000     0.00000
    20    21    -0.0000000     0.0000000     0.0462356     1.15340     0.00006
    20    22    -0.0385298     0.0000000    -0.0000000     1.34950     0.00005
    20    23    -0.0000000     0.0000000     0.2984714     2.00850     0.00438
    20    24     0.0000000     0.0430511     0.0000000     2.06320     0.00009
    20    25     0.0000000    -0.0000000    -0.2132037     2.62490     0.00292
    20    26    -1.0436658     0.0000000    -0.0000000     2.65580     0.07087
    20    27     0.0000000     0.5603045     0.0000000     2.96710     0.02282
    20    28    -0.3780459     0.0000000    -0.0000000     3.05080     0.01068
    20    29    -0.0000000    -0.0000000     1.7627255     3.53080     0.26878
    20    30    -0.0000000    -1.4445143    -0.0000000     3.57070     0.18254
    21    21     0.0000000     0.0000000    11.5480206     0.00000     0.00000
    21    22     0.0462162    -0.0000000    -0.0000000     0.19610     0.00001
    21    23     0.0000000    -0.0000000     1.2237087     0.85510     0.03137
    21    24     0.0000000    -0.4396335    -0.0000000     0.90980     0.00431
    21    25     0.0000000    -0.0000000     0.5798304     1.47150     0.01212
    21    26     0.2084618    -0.0000000     0.0000000     1.50240     0.00160
    21    27    -0.0000000     0.0956255     0.0000000     1.81370     0.00041
    21    28    -0.8746872     0.0000000    -0.0000000     1.89740     0.03556
    21    29    -0.0000000     0.0000000     0.1279917     2.37740     0.00095
    21    30    -0.0000000    -0.0239919    -0.0000000     2.41730     0.00003
    22    22     0.0000000     0.0000000     9.2379743     0.00000     0.00000
    22    23    -0.1071700    -0.0000000    -0.0000000     0.65900     0.00019
    22    24    -0.0000000     0.0000000    -0.0000000     0.71370     0.00000
    22    25     0.2205673    -0.0000000    -0.0000000     1.27540     0.00152
    22    26    -0.0000000    -0.0000000     0.5209149     1.30630     0.00868
    22    27     0.0000000    -0.0000000     0.0000000     1.61760     0.00000
    22    28     0.0000000    -0.0000000    -0.2820923     1.70130     0.00332
    22    29     0.2541793     0.0000000    -0.0000000     2.18130     0.00345
    22    30     0.0000000     0.0000000    -0.0000000     2.22120     0.00000
    23    23    -0.0000000    -0.0000000     9.2642928     0.00000     0.00000
    23    24    -0.0000000    -0.7893313     0.0000000     0.05470     0.00083
    23    25     0.0000000     0.0000000    -0.0242132     0.61640     0.00001
    23    26     0.2220631    -0.0000000    -0.0000000     0.64730     0.00078
    23    27     0.0000000     0.1065449     0.0000000     0.95860     0.00027
    23    28    -0.9171435     0.0000000    -0.0000000     1.04230     0.02148
    23    29     0.0000000     0.0000000     0.8056445     1.52230     0.02421
    23    30    -0.0000000    -0.1622664    -0.0000000     1.56220     0.00101
    24    24    -0.0000000     0.0000000     9.8287407     0.00000     0.00000
    24    25     0.0000000     0.1978915     0.0000000     0.56170     0.00054
    24    26    -0.0000000    -0.0000000    -0.0000000     0.59260     0.00000
    24    27    -0.0000000     0.0000000    -0.3571686     0.90390     0.00283
    24    28     0.0000000     0.0000000     0.0000000     0.98760     0.00000
    24    29     0.0000000     0.6992898     0.0000000     1.46760     0.01758
    24    30     0.0000000    -0.0000000     0.8464426     1.50750     0.02646
    25    25     0.0000000     0.0000000     9.1059975     0.00000     0.00000
    25    26     0.0261862    -0.0000000    -0.0000000     0.03090     0.00000
    25    27     0.0000000     0.0147540     0.0000000     0.34220     0.00000
    25    28     0.1387229    -0.0000000    -0.0000000     0.42590     0.00020
    25    29     0.0000000     0.0000000     1.0224044     0.90590     0.02320
    25    30     0.0000000    -0.1141334    -0.0000000     0.94580     0.00030
    26    26     0.0000000     0.0000000     7.1030575     0.00000     0.00000
    26    27    -0.0000000    -0.0000000    -0.0000000     0.31130     0.00000
    26    28     0.0000000     0.0000000    -1.0216728     0.39500     0.01010
    26    29    -0.2695932     0.0000000    -0.0000000     0.87500     0.00156
    26    30    -0.0000000     0.0000000    -0.0000000     0.91490     0.00000
    27    27    -0.0000000    -0.0000000     8.8152642     0.00000     0.00000
    27    28     0.0000000    -0.0000000    -0.0000000     0.08370     0.00000
    27    29    -0.0000000    -0.1496785     0.0000000     0.56370     0.00031
    27    30    -0.0000000    -0.0000000     0.4904641     0.60360     0.00356
    28    28     0.0000000     0.0000000    10.7620304     0.00000     0.00000
    28    29     0.5911334    -0.0000000    -0.0000000     0.48000     0.00411
    28    30     0.0000000     0.0000000     0.0000000     0.51990     0.00000
    29    29    -0.0000000     0.0000000     7.3756793     0.00000     0.00000
    29    30    -0.0000000    -0.6176049     0.0000000     0.03990     0.00037
    30    30    -0.0000000     0.0000000     7.9844465     0.00000     0.00000
