   1    1   0.00000    2.93890    10.00 100.00     -0.00000  -0.00000  -0.00000 
   2    2   0.01370    6.94970    10.00 100.00      0.00000   0.28380  -0.00000 
   3    3   0.00150    7.18300    10.00 100.00      0.09110  -0.00000   0.00000 
   4    4   0.13100    7.25020    10.00 100.00     -0.00000   0.00000   0.85860 
   5    5   0.02800    7.58430    10.00 100.00     -0.00000   0.38800   0.00000 
   6    6   0.03990    8.02090    10.00 100.00      0.00000  -0.00000  -0.45070 
   7    7   0.00000    8.53500    10.00 100.00      0.00000   0.00000  -0.00000 
   8    8   0.00000    8.56680    10.00 100.00      0.00000  -0.00000  -0.00000 
   9    9   0.03310    9.00620    10.00 100.00     -0.38730   0.00000  -0.00000 
  10   10   0.07220    9.75740    10.00 100.00      0.54960  -0.00000  -0.00000 
  11   11   0.00000   10.07150    10.00 100.00     -0.00000   0.00000   0.00000 
  12   12   0.03940   10.17210    10.00 100.00     -0.00000   0.39760  -0.00000 
  13   13   0.00350   10.72860    10.00 100.00     -0.00000  -0.00000  -0.11500 
  14   14   0.01090   11.06920    10.00 100.00     -0.00000  -0.00000   0.20060 
  15   15   0.00830   11.49110    10.00 100.00     -0.00000  -0.17180   0.00000 
  16   16   0.00510   11.62190    10.00 100.00      0.00000  -0.00000  -0.13370 
  17   17   0.00590   11.95380    10.00 100.00     -0.00000  -0.14220  -0.00000 
  18   18   0.37070   12.05020    10.00 100.00     -0.00000   0.00000   1.12060 
  19   19   0.02430   12.10200    10.00 100.00      0.28620   0.00000   0.00000 
  20   20   0.04600   12.17430    10.00 100.00      0.00000  -0.39280   0.00000 
  21   21   0.09800   12.31350    10.00 100.00     -0.00000  -0.56990   0.00000 
  22   22   0.00000   12.35710    10.00 100.00      0.00000   0.00000   0.00000 
  23   23   0.01060   12.70450    10.00 100.00     -0.18430  -0.00000  -0.00000 
  24   24   0.00000   12.96700    10.00 100.00      0.00000   0.00000  -0.00000 
  25   25   0.04170   13.19070    10.00 100.00      0.00000   0.35930   0.00000 
  26   26   0.07230   13.21120    10.00 100.00      0.00000   0.00000  -0.47260 
  27   27   0.00010   13.65440    10.00 100.00      0.02010  -0.00000  -0.00000 
  28   28   0.01750   13.69260    10.00 100.00      0.00000  -0.00000   0.22850 
  29   29   0.00000   13.92450    10.00 100.00      0.00000  -0.00000   0.00000 
  30   30   0.00960   14.03430    10.00 100.00     -0.16750   0.00000   0.00000 
state state   Osc.      E(eV)      dum   dum        TrDx      TrDy       TrDz 
