0.5	0.0
0.50475	0.0
0.5095	0.0
0.51425	0.0
0.519	0.0
0.52375	0.0
0.5285	0.0
0.53325	0.0
0.538	0.0
0.54275	0.0
0.5475	0.0
0.55225	0.0
0.5569999999999999	0.0
0.56175	0.0
0.5665	0.0
0.57125	0.0
0.576	0.0
0.58075	0.0
0.5855	0.0
0.5902499999999999	0.0
0.595	0.0
0.59975	0.0
0.6045	0.0
0.60925	0.0
0.614	0.0
0.61875	0.0
0.6234999999999999	0.0
0.62825	0.0
0.633	0.0
0.63775	0.0
0.6425	0.0
0.64725	0.0
0.652	0.0
0.65675	0.0
0.6615	0.0
0.66625	0.0
0.671	0.0
0.67575	0.0
0.6805	0.0
0.68525	0.0
0.69	0.0
0.69475	0.0
0.6995	0.0
0.70425	0.0
0.709	0.0
0.71375	0.0
0.7185	0.0
0.72325	0.0
0.728	0.0
0.73275	0.0
0.7375	0.0
0.74225	0.0
0.747	0.0
0.7517499999999999	0.0
0.7565	0.0
0.76125	0.0
0.766	0.0
0.77075	0.0
0.7755	0.0
0.78025	0.0
0.7849999999999999	0.0
0.78975	0.0
0.7945	0.0
0.79925	0.0
0.804	0.0
0.80875	0.0
0.8135	0.0
0.8182499999999999	0.0
0.823	0.0
0.82775	0.0
0.8325	0.0
0.83725	0.0
0.842	0.0
0.84675	0.0
0.8514999999999999	0.0
0.85625	0.0
0.861	0.0
0.86575	0.0
0.8705	0.0
0.87525	0.0
0.88	0.0
0.8847499999999999	0.0
0.8895	0.0
0.89425	0.0
0.899	0.0
0.90375	0.0
0.9085	0.0
0.91325	0.0
0.9179999999999999	0.0
0.92275	0.0
0.9275	0.0
0.93225	0.0
0.937	0.0
0.94175	0.0
0.9465	0.0
0.9512499999999999	0.0
0.956	0.0
0.96075	0.0
0.9655	0.0
0.9702500000000001	0.0
0.975	0.0
0.97975	0.0
0.9844999999999999	0.0
0.98925	0.0
0.994	0.0
0.99875	0.0
1.0034999999999998	0.0
1.0082499999999999	0.0
1.013	0.0
1.01775	0.0
1.0225	0.0
1.02725	0.0
1.032	0.0
1.03675	0.0
1.0415	0.0
1.0462500000000001	0.0
1.051	0.0
1.05575	0.0
1.0605	0.0
1.06525	0.0
1.0699999999999998	0.0
1.0747499999999999	0.0
1.0795	0.0
1.08425	0.0
1.089	0.0
1.09375	0.0
1.0985	0.0
1.10325	0.0
1.108	0.0
1.1127500000000001	0.0
1.1175	0.0
1.12225	0.0
1.127	0.0
1.13175	0.0
1.1364999999999998	0.0
1.1412499999999999	0.0
1.146	0.0
1.15075	0.0
1.1555	0.0
1.16025	0.0
1.165	0.0
1.16975	0.0
1.1745	0.0
1.1792500000000001	0.0
1.184	0.0
1.18875	0.0
1.1935	0.0
1.19825	0.0
1.2029999999999998	0.0
1.2077499999999999	0.0
1.2125	0.0
1.21725	0.0
1.222	0.0
1.22675	0.0
1.2315	0.0
1.23625	0.0
1.241	0.0
1.2457500000000001	0.0
1.2505	0.0
1.25525	0.0
1.26	0.0
1.2647499999999998	0.0
1.2694999999999999	0.0
1.2742499999999999	0.0
1.279	0.0
1.28375	0.0
1.2885	0.0
1.29325	0.0
1.298	0.0
1.30275	0.0
1.3075	0.0
1.3122500000000001	0.0
1.317	0.0
1.32175	0.0
1.3265	0.0
1.3312499999999998	0.0
1.3359999999999999	0.0
1.3407499999999999	0.0
1.3455	0.0
1.35025	0.0
1.355	0.0
1.35975	0.0
1.3645	0.0
1.36925	0.0
1.374	0.0
1.3787500000000001	0.0
1.3835	0.0
1.38825	0.0
1.393	0.0
1.3977499999999998	0.0
1.4024999999999999	0.0
1.40725	0.0
1.412	0.0
1.41675	0.0
1.4215	0.0
1.42625	0.0
1.431	0.0
1.43575	0.0
1.4405000000000001	0.0
1.44525	0.0
1.45	0.0
1.45475	0.0
1.4595	0.0
1.4642499999999998	0.0
1.4689999999999999	0.0
1.47375	0.0
1.4785	0.0
1.48325	0.0
1.488	0.0
1.49275	0.0
1.4975	0.0
1.50225	0.0
1.507	0.0
1.51175	0.0
1.5165	0.0
1.52125	0.0
1.526	0.0
1.53075	0.0
1.5354999999999999	0.0
1.54025	0.0
1.545	0.0
1.54975	0.0
1.5545	0.0
1.55925	0.0
1.564	0.0
1.5687499999999999	0.0
1.5735	0.0
1.57825	0.0
1.583	0.0
1.58775	0.0
1.5925	0.0
1.59725	0.0
1.6019999999999999	0.0
1.60675	0.0
1.6115	0.0
1.61625	0.0
1.621	0.0
1.62575	0.0
1.6305	0.0
1.6352499999999999	0.0
1.64	0.0
1.64475	0.0
1.6495	0.0
1.65425	0.0
1.659	0.0
1.66375	0.0
1.6684999999999999	0.0
1.67325	0.0
1.678	0.0
1.68275	0.0
1.6875	0.0
1.69225	0.0
1.697	0.0
1.7017499999999999	0.0
1.7065	0.0
1.71125	0.0
1.716	0.0
1.72075	0.0
1.7255	0.0
1.73025	0.0
1.7349999999999999	0.0
1.73975	0.0
1.7445	0.0
1.74925	0.0
1.754	0.0
1.75875	0.0
1.7635	0.0
1.7682499999999999	0.0
1.773	0.0
1.77775	0.0
1.7825	0.0
1.78725	0.0
1.792	0.0
1.79675	0.0
1.8014999999999999	0.0
1.80625	0.0
1.811	0.0
1.81575	0.0
1.8205	0.0
1.82525	0.0
1.83	0.0
1.8347499999999999	0.0
1.8395	0.0
1.84425	0.0
1.849	0.0
1.85375	0.0
1.8585	0.0
1.86325	0.0
1.8679999999999999	0.0
1.87275	0.0
1.8775	0.0
1.88225	0.0
1.887	0.0
1.89175	0.0
1.8965	0.0
1.9012499999999999	0.0
1.906	0.0
1.91075	0.0
1.9155	0.0
1.92025	0.0
1.925	0.0
1.9297499999999999	0.0
1.9344999999999999	0.0
1.93925	0.0
1.944	0.0
1.94875	0.0
1.9535	0.0
1.95825	1e-323
1.9629999999999999	1.403e-321
1.9677499999999999	2.4036e-319
1.9725	4.0420484e-317
1.97725	6.675849137e-315
1.982	1.082860475976e-312
1.98675	1.72504121453785e-310
1.9915	2.6989039784665364e-308
1.9962499999999999	4.1470223500802376e-306
2.001	6.258154821533529e-304
2.00575	9.27507039972102e-302
2.0105	1.3500476926956733e-299
2.01525	1.9299319317294685e-297
2.02	2.7095418126460047e-295
2.02475	3.7360330316843e-293
2.0294999999999996	5.05925467893109e-291
2.03425	6.728579084624445e-289
2.0389999999999997	8.788629676587265e-287
2.04375	1.1274049923334712e-284
2.0484999999999998	1.4203642301808568e-282
2.0532500000000002	1.7574399088680173e-280
2.058	2.135611381133861e-278
2.06275	2.548736588459902e-276
2.0675	2.987367589884355e-274
2.07225	3.43885101701052e-272
2.077	3.887756371259409e-270
2.08175	4.3166387701092194e-268
2.0865	4.707099264741045e-266
2.09125	5.041061449443491e-264
2.096	5.302145123571716e-262
2.1007499999999997	5.476993357385232e-260
2.1055	5.556403836430277e-258
2.1102499999999997	5.536131219644241e-256
2.115	5.417263155267196e-254
2.11975	5.206123604694744e-252
2.1245000000000003	4.9137154333010745e-250
2.12925	4.554770644856265e-248
2.134	4.1465223337533705e-246
2.13875	3.707340618173418e-244
2.1435	3.255381975268183e-242
2.14825	2.807387773749633e-240
2.153	2.3777371238810453e-238
2.15775	1.977817692035122e-236
2.1624999999999996	1.6157332447187125e-234
2.16725	1.296325455076221e-232
2.1719999999999997	1.0214554307658702e-230
2.17675	7.904707042212507e-229
2.1814999999999998	6.007767553268679e-227
2.1862500000000002	4.484370093154093e-225
2.191	3.287386434279637e-223
2.19575	2.3667972412428253e-221
2.2005	1.673525501917842e-219
2.20525	1.1621564573404494e-217
2.21	7.92606900782064e-216
2.21475	5.308992151464655e-214
2.2195	3.4924267180538804e-212
2.22425	2.256334611367377e-210
2.229	1.4316626444374706e-208
2.2337499999999997	8.921520255460453e-207
2.2385	5.460067641913284e-205
2.2432499999999997	3.281845748484254e-203
2.248	1.9373107621614178e-201
2.25275	1.1231594150860022e-199
2.2575000000000003	6.3950581456492056e-198
2.26225	3.5760911321272612e-196
2.267	1.9639645411677635e-194
2.27175	1.0593017550133843e-192
2.2765	5.611341830417486e-191
2.28125	2.919273226901555e-189
2.286	1.4915703697995965e-187
2.29075	7.484688582202385e-186
2.2954999999999997	3.6886267172422357e-184
2.30025	1.785322443341929e-182
2.3049999999999997	8.486519356302265e-181
2.30975	3.9619002071427295e-179
2.3145	1.8165127188071523e-177
2.3192500000000003	8.179642794291043e-176
2.324	3.61735572239745e-174
2.32875	1.5711190081212754e-172
2.3335	6.701745511098875e-171
2.33825	2.807551722747099e-169
2.343	1.1551239387973587e-167
2.34775	4.6675651359171116e-166
2.3525	1.852307882305812e-164
2.3572499999999996	7.219330878907723e-163
2.362	2.7633869593536667e-161
2.3667499999999997	1.0388370855891784e-159
2.3715	3.835430973785212e-158
2.3762499999999998	1.390726985540609e-156
2.3810000000000002	4.952569479189246e-155
2.38575	1.732129095062611e-153
2.3905	5.949643189595267e-152
2.39525	2.0070702338293658e-150
2.4	6.6495951335540685e-149
2.40475	2.1636590316862567e-147
2.4095	6.914223672627767e-146
2.41425	2.1699963937223647e-144
2.419	6.688605538168174e-143
2.42375	2.0247580798677657e-141
2.4284999999999997	6.019656113558357e-140
2.43325	1.757645180777374e-138
2.4379999999999997	5.04024582005014e-137
2.44275	1.4194928624805882e-135
2.4475	3.926229598710508e-134
2.4522500000000003	1.0665449334598867e-132
2.457	2.8454018253652724e-131
2.46175	7.455367209082398e-130
2.4665	1.918471965283731e-128
2.47125	4.848449314097296e-127
2.476	1.203403435688908e-125
2.48075	2.933463027593526e-124
2.4855	7.022810912625211e-123
2.4902499999999996	1.6512100236457194e-121
2.495	3.8128932105735735e-120
2.4997499999999997	8.647049641205115e-119
2.5045	1.9259377554916658e-117
2.5092499999999998	4.212864844247329e-116
2.514	9.050525377998764e-115
2.51875	1.9095500203378212e-113
2.5235	3.95684713398809e-112
2.52825	8.05245840608672e-111
2.533	1.6094174011688024e-109
2.53775	3.1591473267686205e-108
2.5425	6.090206961024013e-107
2.54725	1.153068764223034e-105
2.552	2.1440719167581768e-104
2.55675	3.9154751668311026e-103
2.5615	7.022481179203825e-102
2.56625	1.236965760961532e-100
2.5709999999999997	2.1398619571310975e-99
2.5757499999999998	3.635589342920014e-98
2.5805	6.066313776121614e-97
2.58525	9.941133436230157e-96
2.59	1.5999555633750733e-94
2.59475	2.5289539607014885e-93
2.5995	3.925860920486718e-92
2.60425	5.985354549796554e-91
2.609	8.962018530114081e-90
2.61375	1.3179009717375736e-88
2.6185	1.90335897142784e-87
2.62325	2.6997255292705143e-86
2.628	3.760793675450793e-85
2.63275	5.145177797515765e-84
2.6374999999999997	6.913249813177914e-83
2.6422499999999998	9.122735826172342e-82
2.647	1.1823033815789718e-80
2.65175	1.50485185939258e-79
2.6565	1.881133212896844e-78
2.66125	2.3094381620766403e-77
2.666	2.784544157032168e-76
2.67075	3.2973334259607077e-75
2.6755	3.834710703380456e-74
2.68025	4.379891284082618e-73
2.685	4.913093627510948e-72
2.68975	5.41262245258322e-71
2.6945	5.856274345113833e-70
2.69925	6.222946641310744e-69
2.7039999999999997	6.4942907068033975e-68
2.7087499999999998	6.656230578558617e-67
2.7135	6.700172364670082e-66
2.71825	6.623759831754273e-65
2.723	6.431083725704277e-64
2.72775	6.132318946764751e-63
2.7325	5.742834364378556e-62
2.73725	5.281883656204951e-61
2.742	4.77103228851026e-60
2.74675	4.232499010241953e-59
2.7515	3.687587713828371e-58
2.75625	3.1553594355385955e-57
2.761	2.651650621677085e-56
2.76575	2.188490921142623e-55
2.7704999999999997	1.7739206193921426e-54
2.7752499999999998	1.4121622539709102e-53
2.78	1.1040684527326572e-52
2.78475	8.477511488731913e-52
2.7895	6.392956626461131e-51
2.79425	4.734739760156816e-50
2.799	3.4439073048577715e-49
2.80375	2.4601850685770305e-48
2.8085	1.7260170746916232e-47
2.81325	1.1892779904283298e-46
2.818	8.047901645172077e-46
2.82275	5.348634524475024e-45
2.8275	3.491115128600529e-44
2.83225	2.2379295116824553e-43
2.8369999999999997	1.4089306610999854e-42
2.8417499999999998	8.711517670409357e-42
2.8465	5.290040634840577e-41
2.85125	3.1548969540125154e-40
2.856	1.8478739117088625e-39
2.86075	1.0629686939875573e-38
2.8655	6.005229351969749e-38
2.87025	3.331959453153126e-37
2.875	1.81564442957325e-36
2.87975	9.716791411846333e-36
2.8845	5.107118594370881e-35
2.88925	2.63627062482471e-34
2.894	1.3364878736376226e-33
2.89875	6.65427951204136e-33
2.9034999999999997	3.2538538386196366e-32
2.90825	1.5626295283625466e-31
2.913	7.370127436828254e-31
2.91775	3.413932676509753e-30
2.9225	1.553087385404479e-29
2.92725	6.939014845583969e-29
2.932	3.0448137040750503e-28
2.93675	1.3121534274890376e-27
2.9415	5.5535347969152096e-27
2.94625	2.308422826771901e-26
2.951	9.423716393371744e-26
2.95575	3.7782443322979445e-25
2.9605	1.4877119659246648e-24
2.9652499999999997	5.753189210681249e-24
2.9699999999999998	2.1850402586564882e-23
2.97475	8.150255312035557e-23
2.9795	2.985684878014717e-22
2.98425	1.0741815979460437e-21
2.989	3.795530033642646e-21
2.99375	1.317128481788412e-20
2.9985	4.488950686856676e-20
3.00325	1.5025277874752265e-19
3.008	4.939251894720022e-19
3.01275	1.5946332754008685e-18
3.0175	5.056167516030961e-18
3.02225	1.5745014703775727e-17
3.027	4.815325746625137e-17
3.0317499999999997	1.446336203274878e-16
3.0364999999999998	4.266520408593042e-16
3.04125	1.2360595153326383e-15
3.046	3.516947793856713e-15
3.05075	9.827735185954977e-15
3.0555	2.6971304632167996e-14
3.06025	7.269615608188567e-14
3.065	1.9243405227352372e-13
3.06975	5.002802840386571e-13
3.0745	1.2773380071266175e-12
3.07925	3.2030171675839544e-12
3.084	7.888123157547477e-12
3.08875	1.9078713372853193e-11
3.0935	4.531953747994553e-11
3.0982499999999997	1.0572625254198001e-10
3.1029999999999998	2.4223739840691433e-10
3.10775	5.450803584317101e-10
3.1125	1.2045944466238584e-09
3.11725	2.6144609836620327e-09
3.122	5.5729411655266275e-09
3.12675	1.1666692084328137e-08
3.1315	2.3986782548006248e-08
3.13625	4.8434770350704095e-08
3.141	9.605135068967331e-08
3.14575	1.8707281974884298e-07
3.1505	3.5783176703761316e-07
3.15525	6.7221481288653e-07
3.16	1.240218622437174e-06
3.1647499999999997	2.247239721151662e-06
3.1694999999999998	3.999093348262032e-06
3.17425	6.989315826057121e-06
3.179	1.1996892674846472e-05
3.18375	2.022385144574087e-05
3.1885	3.3482659317290944e-05
3.19325	5.4442367903519984e-05
3.198	8.693908252118305e-05
3.20275	0.00013634966774298403
3.2075	0.00021001683044736877
3.21225	0.0003176984531917345
3.217	0.00047199466025075706
3.22175	0.0006886840980612331
3.2265	0.0009868792312194513
3.2312499999999997	0.0013888935090900546
3.2359999999999998	0.0019197066607561715
3.24075	0.0026059242050937197
3.2455	0.0034741588546873706
3.25025	0.004548817884082474
3.255	0.005849360818686982
3.25975	0.007387189811143238
3.2645	0.009162438852414858
3.26925	0.01116102047864327
3.274	0.013352349922476405
3.27875	0.015688177347838884
3.2835	0.018102904472849145
3.28825	0.020515637362067733
3.293	0.022834039737068098
3.2977499999999997	0.024959821536890796
3.3024999999999998	0.02679545794559018
3.30725	0.02825152373080067
3.312	0.029253885238142287
3.31675	0.029749948280256622
3.3215	0.02971322977247607
3.32625	0.029145700130002783
3.331	0.028077608088932986
3.33575	0.026564809625490775
3.3405	0.024683929232370568
3.34525	0.022525936834614076
3.35	0.020188888796939797
3.35475	0.017770635312759554
3.3594999999999997	0.015362237589544666
3.3642499999999997	0.01304268439095283
3.3689999999999998	0.010875280758564726
3.37375	0.008905841355641143
3.3785	0.007162595344689423
3.38325	0.005657529958026599
3.388	0.0043887848725211835
3.39275	0.0033436646165649862
3.3975	0.002501854861689207
3.40225	0.001838495212619106
3.407	0.001326856310259085
3.41175	0.0009404729622163239
3.4165	0.0006546811799299898
3.42125	0.00044758425720898816
3.4259999999999997	0.00030052597745233907
3.4307499999999997	0.00019817741116260565
3.4354999999999998	0.00012835101395869097
3.44025	8.164738484835396e-05
3.445	5.10221737009058e-05
3.44975	3.133872223632875e-05
3.4545	1.8950307206095872e-05
3.45925	1.133705633887777e-05
3.464	6.808063610317135e-06
3.46875	4.26918323982788e-06
3.4735	3.050948663802186e-06
3.47825	2.7881803062029213e-06
3.483	3.342140211460763e-06
3.48775	4.756655121576849e-06
3.4924999999999997	7.240715671598107e-06
3.4972499999999997	1.1171115157204243e-05
3.502	1.7109355663883797e-05
3.50675	2.5827137543113795e-05
3.5115	3.8334237410136075e-05
3.51625	5.590159985758961e-05
3.521	8.007129414384712e-05
3.52575	0.00011264402451768397
3.5305	0.00015563463144992523
3.53525	0.0002111870094211845
3.54	0.00028144255278424434
3.54475	0.00036836088597205974
3.5495	0.0004734981722843425
3.55425	0.0005977562301728828
3.5589999999999997	0.0007411240513138085
3.5637499999999998	0.0009024407354391273
3.5685	0.0010792137254544386
3.57325	0.001267526988647055
3.578	0.001462069296894216
3.58275	0.0016563026141335764
3.5875	0.0018427754122884714
3.59225	0.002013567198581137
3.597	0.00216083126452794
3.60175	0.0022773858099207566
3.6065	0.002357292266105534
3.61125	0.002396356279588973
3.616	0.002392492623621995
3.62075	0.002345909911769836
3.6254999999999997	0.002259092423957835
3.6302499999999998	0.002136581368972794
3.635	0.0019845825604902596
3.63975	0.0018104479073927126
3.6445	0.0016220912499618119
3.64925	0.0014274032098829151
3.654	0.0012337247813336775
3.65875	0.0010474268240424926
3.6635	0.0008736250247640791
3.66825	0.000716040433166848
3.673	0.0005769974451479621
3.67775	0.0004575365826629783
3.6825	0.0003576101234432341
3.68725	0.00027632501124132336
3.6919999999999997	0.00021219900942722858
3.6967499999999998	0.00016340153954632318
3.7015	0.0001279585198167668
3.70625	0.00010390922481446084
3.711	8.941141179720053e-05
3.71575	8.279777845331414e-05
3.7205	8.259173497259721e-05
3.72525	8.749336823213357e-05
3.73	9.634749914481851e-05
3.73475	0.00010810519945127076
3.7395	0.00012178842334440057
3.74425	0.0001364649107865203
3.749	0.0001512375988352185
3.7537499999999997	0.00016524977031741127
3.7584999999999997	0.00017770438222025595
3.7632499999999998	0.00018789372295961853
3.768	0.00019523397470670636
3.77275	0.00019929855859730783
3.7775	0.00019984437165421683
3.78225	0.00019682611996806526
3.787	0.00019039572708522904
3.79175	0.0001808859635074975
3.7965	0.00016877965980168345
3.80125	0.00015466779001951876
3.806	0.00013920106246201702
3.81075	0.0001230402585813372
3.8155	0.00010681038001570975
3.8202499999999997	9.106279355889231e-05
3.8249999999999997	7.624820495942743e-05
3.8297499999999998	6.270170497418642e-05
3.8345	5.06395815119594e-05
3.83925	4.016630443114169e-05
3.844	3.1289213117521865e-05
3.84875	2.393802956687275e-05
3.8535	1.7986354354217844e-05
3.85825	1.3272687777536701e-05
3.863	9.619125634425542e-06
3.86775	6.846573913168123e-06
3.8725	4.785992237636632e-06
3.87725	3.2857284150999317e-06
3.882	2.2154008701017536e-06
3.8867499999999997	1.4670130087551545e-06
3.8914999999999997	9.540619873721678e-07
3.8962499999999998	6.093687867379496e-07
3.901	3.822476303427604e-07
3.90575	2.3548886866969596e-07
3.9105	1.4248099829762955e-07
3.91525	8.466511450245424e-08
3.92	4.940979310468966e-08
3.92475	2.8319302676894353e-08
3.9295	1.5940908162239454e-08
3.93425	8.81260995770412e-09
3.939	4.784725447569614e-09
3.94375	2.5513525888158306e-09
3.9485	1.336118335315887e-09
3.9532499999999997	6.871955702147352e-10
3.9579999999999997	3.471177031222923e-10
3.9627499999999998	1.7220040166019374e-10
3.9675	8.389818031592178e-11
3.97225	4.014504114365604e-11
3.977	1.886567106066244e-11
3.98175	8.707101216553933e-12
3.9865	3.9467163307454886e-12
3.99125	1.7569492503279931e-12
3.996	7.68145527012425e-13
4.00075	3.2982895552411324e-13
4.0055	1.3908972152478048e-13
4.01025	5.760527846349835e-14
4.015000000000001	2.343098293195528e-14
4.01975	9.360083426106268e-15
4.0245	3.672230354522538e-15
4.029249999999999	1.4149500124631798e-15
4.034	5.35443022391403e-16
4.03875	1.989969489477791e-16
4.0435	7.263410577738284e-17
4.0482499999999995	2.6037311696101884e-17
4.053	9.166777224430088e-18
4.05775	3.169856393434629e-18
4.0625	1.0775843564560347e-18
4.06725	3.634281459401881e-19
4.072	1.3275907425602813e-19
4.0767500000000005	8.836041336524095e-20
4.0815	1.7708611383737568e-19
4.08625	5.336229203185963e-19
4.090999999999999	1.6711702025066894e-18
4.09575	5.1693570622215955e-18
4.1005	1.571277766041773e-17
4.10525	4.690871751767305e-17
4.109999999999999	1.375363135011322e-16
4.11475	3.960430537850428e-16
4.1195	1.1200268328013014e-15
4.12425	3.110823998484527e-15
4.129	8.485617252273046e-15
4.13375	2.2732773330587265e-14
4.1385000000000005	5.981118253130059e-14
4.14325	1.545515414503489e-13
4.148	3.922159740677854e-13
4.152749999999999	9.775482412707204e-13
4.1575	2.392831429657672e-12
4.16225	5.752372413358099e-12
4.167	1.3581347762545256e-11
4.171749999999999	3.149196277714062e-11
4.1765	7.171625018960302e-11
4.18125	1.6039705955987839e-10
4.186	3.523191226570121e-10
4.1907499999999995	7.600409879530433e-10
4.1955	1.6102703503334172e-09
4.2002500000000005	3.3505921263807054e-09
4.205	6.847078632921656e-09
4.20975	1.3742003404612378e-08
4.214499999999999	2.7086679735164283e-08
4.21925	5.2435145616120115e-08
4.224	9.968967235207054e-08
4.22875	1.8613962876342928e-07
4.233499999999999	3.413410364362896e-07
4.23825	6.147508626577005e-07
4.243	1.0873535468830496e-06
4.24775	1.8888757397351255e-06
4.2524999999999995	3.2225301290586884e-06
4.25725	5.399475425248925e-06
4.2620000000000005	8.885198526636649e-06
4.26675	1.4359644476060354e-05
4.2715	2.2791936369005624e-05
4.27625	3.552873498916893e-05
4.281	5.439252875562675e-05
4.28575	8.178237905099876e-05
4.2905	0.0001207650358622588
4.295249999999999	0.0001751393259373421
4.3	0.00024945207320552844
4.30475	0.00034894063427835277
4.3095	0.0004793767416959978
4.3142499999999995	0.000646790089596817
4.319	0.000857059038005007
4.32375	0.0011153703769572988
4.3285	0.001425569704415204
4.33325	0.0017894468082125868
4.338	0.0022060233960018226
4.3427500000000006	0.0026709294658821595
4.3475	0.003175965010238987
4.35225	0.0037089415017033433
4.356999999999999	0.004253880079808942
4.36175	0.0047916102613272315
4.3665	0.005300766996439014
4.37125	0.005759130603347966
4.3759999999999994	0.0061452014571656555
4.38075	0.006439858233207856
4.3855	0.006627923293490384
4.39025	0.006699457321978758
4.395	0.006650629596800943
4.39975	0.006484057853900404
4.4045000000000005	0.006208575778446744
4.40925	0.005838456864523127
4.414	0.005392189547158591
4.418749999999999	0.004890949842268222
4.4235	0.004356946754568215
4.42825	0.0038118190890790737
4.433	0.003275241236573594
4.437749999999999	0.002763855226830147
4.4425	0.0022905948104578835
4.44725	0.0018644134999463815
4.452	0.0014903806041972364
4.4567499999999995	0.0011700734520826552
4.4615	0.0009021734580315958
4.4662500000000005	0.0006831686848141657
4.471	0.0005080738471296823
4.47575	0.00037109637708435974
4.480499999999999	0.000266199707025256
4.48525	0.00018753805885619382
4.49	0.00012975743272534412
4.49475	8.81730892029354e-05
4.499499999999999	5.884381940751922e-05
4.50425	3.856795712304235e-05
4.509	2.4826380195356906e-05
4.51375	1.5694993958762304e-05
4.5184999999999995	9.744731747420863e-06
4.52325	5.942095241151384e-06
4.528	3.5585273920929468e-06
4.53275	2.0929651767781493e-06
4.5375	1.208967640032507e-06
4.54225	6.858487239338784e-07
4.547	3.821228234795987e-07
4.55175	2.0909257246636566e-07
4.5565	1.1236607683190555e-07
4.56125	5.9305205485058456e-08
4.566	3.074053322837265e-08
4.57075	1.5649157542094274e-08
4.5755	7.824048130490752e-09
4.5802499999999995	3.841784930917016e-09
4.585	1.8526593332873365e-09
4.5897499999999996	8.774433223534276e-10
4.5945	4.081347393306633e-10
4.59925	1.8644426800328237e-10
4.604	8.364798706312953e-11
4.60875	3.685725075574085e-11
4.6135	1.594965762276785e-11
4.61825	6.778612014323275e-12
4.623	2.829379312353249e-12
4.62775	1.159851944990281e-12
4.6325	4.669548828141219e-13
4.63725	1.8463255158905707e-13
4.6419999999999995	7.169726790347596e-14
4.64675	2.7343740669427186e-14
4.6514999999999995	1.0241751422355428e-14
4.65625	3.7674848953953685e-15
4.661	1.3610992459094788e-15
4.66575	4.829354115962342e-16
4.6705	1.6828650626563281e-16
4.67525	5.759310877995107e-17
4.68	1.935765447402568e-17
4.68475	6.389927492557905e-18
4.6895	2.0715723769311966e-18
4.69425	6.595766569079914e-19
4.699	2.0624879861270907e-19
4.70375	6.33400734224488e-20
4.7085	1.9104104366956564e-20
4.7132499999999995	5.658949081279636e-21
4.718	1.6462882365994355e-21
4.72275	4.7036711204595295e-22
4.7275	1.319863461886902e-22
4.73225	3.637324508609213e-23
4.737	9.844554692965507e-24
4.74175	2.6168033548179753e-24
4.7465	6.831358613114604e-25
4.75125	1.7514754942528182e-25
4.756	4.410238039707018e-26
4.76075	1.0906388933982289e-26
4.7655	2.648871653665847e-27
4.77025	6.318323166813794e-28
4.7749999999999995	1.4801432168677656e-28
4.77975	3.405388207929603e-29
4.7844999999999995	7.694678893929912e-30
4.78925	1.707557586021443e-30
4.794	3.7215272318500952e-31
4.79875	7.9657748717913e-32
4.8035	1.6745412099055275e-32
4.80825	3.457201048644463e-33
4.813	7.009941874483858e-34
4.81775	1.3959349547167883e-34
4.8225	2.730089799392938e-35
4.82725	5.243842835998236e-36
4.832	9.891983564804922e-37
4.83675	1.8326439181352816e-37
4.8415	3.3345234686212924e-38
4.8462499999999995	5.958685327926556e-39
4.851	1.0457505676775503e-39
4.85575	1.8024646298890997e-40
4.8605	3.0511698064096167e-41
4.86525	5.0725576261944946e-42
4.87	8.28225476681267e-43
4.87475	1.3281011909539557e-43
4.8795	2.0915812087752762e-44
4.88425	3.235037216281737e-45
4.889	4.914109342835667e-46
4.89375	7.331136987565199e-47
4.8985	1.0741349265543478e-47
4.90325	1.545636363222395e-48
4.9079999999999995	2.184322701627687e-49
4.91275	3.031707211887068e-50
4.9174999999999995	4.1325555386863324e-51
4.92225	5.5323688268764736e-52
4.927	7.273853281513874e-53
4.93175	9.392450883244156e-54
4.9365	1.1911166983726026e-54
4.94125	1.4835106832240505e-55
4.946	1.8146297548353422e-56
4.95075	2.1799491439710654e-57
4.9555	2.571968711023559e-58
4.96025	2.9802039389450835e-59
4.965	3.39146447644003e-60
4.9697499999999994	3.790439290085237e-61
4.9745	4.160569704299733e-62
4.9792499999999995	4.4851507457562966e-63
4.984	4.748563726877871e-64
4.98875	4.937515611415463e-65
4.9935	5.042149024844944e-66
4.99825	5.0568940868869685e-67
5.003	4.980959638715205e-68
5.00775	4.81840357167229e-69
5.0125	4.577773556970502e-70
5.01725	4.271362444462977e-71
5.022	3.91416859531406e-72
5.02675	3.522683425540429e-73
5.0315	3.113642083591224e-74
5.03625	2.7028674337344067e-75
5.0409999999999995	2.3043146836727968e-76
5.04575	1.9293890684401684e-77
5.0504999999999995	1.5865684889530756e-78
5.05525	1.2813235843513652e-79
5.06	1.0162950260133498e-80
5.06475	7.916655829658987e-82
5.0695	6.0565417321298485e-83
5.07425	4.550599847616727e-84
5.079	3.357944906596862e-85
5.08375	2.4335454937615368e-86
5.0885	1.7320736596406578e-87
5.09325	1.2107493081647881e-88
5.098	8.311953146069323e-90
5.1027499999999995	5.604190995411637e-91
5.1075	3.710938475056157e-92
5.1122499999999995	2.4133236272440654e-93
5.117	1.5413751751718442e-94
5.12175	9.668567644299957e-96
5.1265	5.956304675151849e-97
5.13125	3.6037333898533195e-98
5.136	2.141358528085852e-99
5.14075	1.2496462944340645e-100
5.1455	7.162189517844041e-102
5.15025	4.0314891579347536e-103
5.155	2.228672058855365e-104
5.15975	1.210006839158278e-105
5.1645	6.451942174302229e-107
5.16925	3.3787347016059435e-108
5.1739999999999995	1.737715611601556e-109
5.17875	8.777367817931402e-111
5.1834999999999996	4.3542251073392135e-112
5.18825	2.1213798630298405e-113
5.193	1.0150489609669038e-114
5.19775	4.7699796313026365e-116
5.2025	2.2014409598740526e-117
5.20725	9.978345686486451e-119
5.212	4.441923070681664e-120
5.21675	1.941978890234774e-121
5.2215	8.33832774173565e-123
5.22625	3.5162067428462405e-124
5.231	1.4562328649002355e-125
5.2357499999999995	5.923088729360836e-127
5.2405	2.366064794025242e-128
5.2452499999999995	9.28252255252859e-130
5.25	3.5765670995906764e-131
5.25475	1.353404842220817e-132
5.2595	5.029792388545677e-134
5.26425	1.835833866798813e-135
5.269	6.580784660863231e-137
5.27375	2.316770246418234e-138
5.2785	8.010308434998756e-140
5.28325	2.720047544022879e-141
5.288	9.071199871983463e-143
5.29275	2.9710773720180183e-144
5.2975	9.557056905042592e-146
5.30225	3.0192242198397375e-147
5.3069999999999995	9.367582919998798e-149
5.31175	2.8544386291935166e-150
5.3165	8.542300769889936e-152
5.32125	2.5106720730841074e-153
5.326	7.247130964364953e-155
5.33075	2.0544861221960807e-156
5.3355	5.720069413092989e-158
5.34025	1.5640850703766657e-159
5.345	4.200301126295472e-161
5.34975	1.1078002723338907e-162
5.3545	2.869481921839873e-164
5.35925	7.299725059961444e-166
5.364	1.823771805916867e-167
5.3687499999999995	4.475025112347767e-169
5.3735	1.0784038770993121e-170
5.3782499999999995	2.5522804212758886e-172
5.383	5.932480535801295e-174
5.38775	1.354269942584755e-175
5.3925	3.0362333189687466e-177
5.39725	6.685378935225934e-179
5.402	1.4456990646477117e-180
5.40675	3.070370297278048e-182
5.4115	6.404195729624431e-184
5.41625	1.3118960422771268e-185
5.421	2.639339343854948e-187
5.42575	5.2149725422457904e-189
5.430499999999999	1.0119750498711866e-190
5.43525	1.9286284493306066e-192
5.4399999999999995	3.609843025866846e-194
5.44475	6.63573524161964e-196
5.4495	1.1979833090397407e-197
5.45425	2.1240927143049974e-199
5.459	3.698768547376379e-201
5.46375	6.325601476593577e-203
5.4685	1.0624475099544995e-204
5.47325	1.7525649563217846e-206
5.478	2.839237670262403e-208
5.48275	4.517418833360521e-210
5.4875	7.058947507630306e-212
5.49225	1.083304460146803e-213
5.497	1.6327590313106617e-215
5.5017499999999995	2.4168775225993692e-217
5.5065	3.513566481180886e-219
5.5112499999999995	5.016521669900775e-221
5.516	7.034256401254443e-223
5.52075	9.687120028786961e-225
5.5255	1.3101835790431061e-226
5.53025	1.740325996620625e-228
5.535	2.2703355411293422e-230
5.53975	2.9087773028170153e-232
5.5445	3.660090990956399e-234
5.54925	4.523080073702752e-236
5.554	5.489561500885738e-238
5.55875	6.543378131538354e-240
5.5634999999999994	7.659975244618811e-242
5.56825	8.806710061939736e-244
5.5729999999999995	9.943997710315011e-246
5.57775	1.1027303237423866e-247
5.5825	1.2009878217231538e-249
5.58725	1.284602830077839e-251
5.592	1.349460354205819e-253
5.59675	1.3922344311241577e-255
5.6015	1.4106705333048226e-257
5.60625	1.4037824351440975e-259
5.611	1.3719396190012697e-261
5.61575	1.3168344399161866e-263
5.6205	1.2413331101330579e-265
5.62525	1.149230235063372e-267
5.63	1.0615962130434139e-269
5.6347499999999995	1.8637492828424908e-269
5.6395	2.0260058617177873e-267
5.6442499999999995	2.1738737388387078e-265
5.649	2.2908101291240626e-263
5.65375	2.370854259369074e-261
5.6585	2.4098033609460208e-259
5.66325	2.4055774175950122e-257
5.668	2.3584031985025076e-255
5.67275	2.2707940980307263e-253
5.6775	2.1473282763951022e-251
5.68225	1.9942523561187422e-249
5.687	1.8189584103881773e-247
5.69175	1.6293951124491308e-245
5.6964999999999995	1.433478005918734e-243
5.70125	1.238558839269058e-241
5.7059999999999995	1.0510012606005605e-239
5.71075	8.758925155971515e-238
5.7155	7.169013172841315e-236
5.72025	5.762738676347703e-234
5.725	4.54945588621869e-232
5.72975	3.5273696599887445e-230
5.7345	2.685984341440417e-228
5.73925	2.0087087092266133e-226
5.744	1.4753376759133931e-224
5.74875	1.0642089044598581e-222
5.7535	7.539166389086267e-221
5.75825	5.2454258567146835e-219
5.763	3.5842571624526727e-217
5.7677499999999995	2.40535153064958e-215
5.7725	1.5853272826325916e-213
5.7772499999999996	1.0261723216707744e-211
5.782	6.523529700083617e-210
5.78675	4.072920902464982e-208
5.7915	2.497412566503475e-206
5.79625	1.5039576043486135e-204
5.801	8.894916586824641e-203
5.80575	5.1666512818710484e-201
5.8105	2.9473886400512556e-199
5.81525	1.6513025249837844e-197
5.82	9.086086546772355e-196
5.82475	4.910074459661824e-194
5.8294999999999995	2.6059151549749642e-192
5.83425	1.3582929596363543e-190
5.8389999999999995	6.953246283130253e-189
5.84375	3.4957692640649615e-187
5.8485	1.726071935973632e-185
5.85325	8.370203327767942e-184
5.858	3.986337903048101e-182
5.86275	1.8645463968677442e-180
5.8675	8.565116312676888e-179
5.87225	3.8641530535333077e-177
5.877	1.7121285109423122e-175
5.88175	7.450396457231964e-174
5.8865	3.184075756988026e-172
5.891249999999999	1.3364366756413114e-170
5.896	5.509020180882954e-169
5.9007499999999995	2.230289941772815e-167
5.9055	8.867664893521847e-166
5.91025	3.4627266116174715e-164
5.915	1.327969562228192e-162
5.91975	5.001715921142452e-161
5.9245	1.850166901042336e-159
5.92925	6.721462459815203e-158
5.934	2.398157113025818e-156
5.93875	8.403350369364576e-155
5.9435	2.8919334545150185e-153
5.94825	9.774287379314917e-152
5.953	3.2444635312958055e-150
5.95775	1.0576979792809793e-148
5.9624999999999995	3.386424807661914e-147
5.96725	1.0648346723532474e-145
5.9719999999999995	3.28839451690557e-144
5.97675	9.973477942306107e-143
5.9815	2.970778910646106e-141
5.98625	8.690705184191212e-140
5.991	2.4968973445164978e-138
5.99575	7.045427366754571e-137
6.0005	1.9524277924406437e-135
6.00525	5.313780427994076e-134
6.01	1.420342927875705e-132
6.01475	3.7285829226342437e-131
6.0195	9.612921230337586e-130
6.024249999999999	2.434041316087496e-128
6.029	6.052872035372658e-127
6.0337499999999995	1.4782776942144735e-125
6.0385	3.5457779896096987e-124
6.04325	8.352722252673453e-123
6.048	1.9324378064785743e-121
6.05275	4.390803434491399e-120
6.0575	9.798135691700919e-119
6.06225	2.1473552014782184e-117
6.067	4.6219507353096196e-116
6.07175	9.770295976938154e-115
6.0765	2.0283883755484238e-113
6.08125	4.1357615411377804e-112
6.086	8.281725894876546e-111
6.09075	1.6287228858401273e-109
6.0954999999999995	3.1458247867350214e-108
6.10025	5.967368339779443e-107
6.1049999999999995	1.111711622733415e-105
6.10975	2.0340537786572657e-104
6.1145	3.655053184043164e-103
6.11925	6.4503897229166726e-102
6.124	1.1179932813082989e-100
6.12875	1.903064101434427e-99
6.1335	3.1814758062888395e-98
6.13825	5.223538710845717e-97
6.143	8.422906790269073e-96
6.14775	1.3338904293322696e-94
6.1525	2.074623547212493e-93
6.1572499999999994	3.168979529879965e-92
6.162	4.7540150191806046e-91
6.1667499999999995	7.004266302657941e-90
6.1715	1.0135046239151056e-88
6.17625	1.4402895305061256e-87
6.181	2.0101795837620585e-86
6.18575	2.755376159314744e-85
6.1905	3.709265495047278e-84
6.19525	4.904061720263639e-83
6.2	6.367734095173556e-82
6.20475	8.120352773683556e-81
6.2095	1.0170114872940088e-79
6.21425	1.2509438160968864e-78
6.218999999999999	1.511160995046021e-77
6.22375	1.7928528700752258e-76
6.2284999999999995	2.0890053430963805e-75
6.23325	2.3905368097344627e-74
6.2379999999999995	2.6866574956433485e-73
6.24275	2.9654469447789575e-72
6.2475	3.214615221717981e-71
6.25225	3.422384653939576e-70
6.257	3.5784061162055153e-69
6.26175	3.6746114138357654e-68
6.2665	3.705904269641876e-67
6.27125	3.67060758681547e-66
6.276	3.570612359522588e-65
6.28075	3.4112098304681764e-64
6.2855	3.2006276281538886e-63
6.2902499999999995	2.9493264769256077e-62
6.295	2.6691411083195035e-61
6.2997499999999995	2.3723633334352514e-60
6.3045	2.0708653272126346e-59
6.30925	1.7753479988510313e-58
6.314	1.4947760053321487e-57
6.31875	1.236032030586388e-56
6.3235	1.0037933570553646e-55
6.32825	8.006079418706786e-55
6.333	6.271283805950573e-54
6.33775	4.824518776765022e-53
6.3425	3.645125885810288e-52
6.34725	2.704780622968658e-51
6.351999999999999	1.9711176471372758e-50
6.35675	1.4107629007869621e-49
6.3614999999999995	9.916456228622507e-49
6.36625	6.845732938322712e-48
6.3709999999999996	4.641350762436528e-47
6.37575	3.0905075821065082e-46
6.3805	2.0210461036943666e-45
6.38525	1.2980266601597644e-44
6.39	8.187512744048024e-44
6.39475	5.0720245858508936e-43
6.3995	3.085827860179279e-42
6.40425	1.8438391242300716e-41
6.409	1.0820201308889055e-40
6.41375	6.236036382885962e-40
6.4185	3.529741689592719e-39
6.4232499999999995	1.9621770556853248e-38
6.428	1.0712589081203681e-37
6.4327499999999995	5.743963668055996e-37
6.4375	3.024752934291522e-36
6.44225	1.5643326644159675e-35
6.447	7.945647707171397e-35
6.45175	3.963606041886824e-34
6.4565	1.941836421901374e-33
6.46125	9.34320306988095e-33
6.466	4.415093632108988e-32
6.47075	2.0490145055489485e-31
6.4755	9.339231315280452e-31
6.48025	4.1805961482603076e-30
6.484999999999999	1.837918649422295e-29
6.48975	7.9355190341849e-29
6.4944999999999995	3.3650023773183677e-28
6.49925	1.4013815571818564e-27
6.504	5.7317653746702044e-27
6.50875	2.3024032842411486e-26
6.5135	9.0831267003068e-26
6.51825	3.519251731022583e-25
6.523	1.339140911582665e-24
6.52775	5.00452897577574e-24
6.5325	1.8367968360542933e-23
6.53725	6.620945632991587e-23
6.542	2.343904460276042e-22
6.54675	8.149308781876295e-22
6.5515	2.7826758997795544e-21
6.5562499999999995	9.3318008988915e-21
6.561	3.073472179612858e-20
6.5657499999999995	9.941549816106759e-20
6.5705	3.1582018557073767e-19
6.57525	9.853412408839206e-19
6.58	3.0192176442802676e-18
6.58475	9.085799858547242e-18
6.5895	2.685300518486285e-17
6.59425	7.79441652038042e-17
6.599	2.2219552547801437e-16
6.60375	6.2208251184466355e-16
6.6085	1.7104944156071124e-15
6.61325	4.61908882057226e-15
6.617999999999999	1.2250447423092229e-14
6.62275	3.190866045805173e-14
6.6274999999999995	8.162556101555039e-14
6.63225	2.0507124608913108e-13
6.637	5.059928104844819e-13
6.64175	1.2261536815736684e-12
6.6465	2.9181422022010343e-12
6.65125	6.820700516949685e-12
6.656	1.5657142171628134e-11
6.66075	3.529856041545543e-11
6.6655	7.815602753619828e-11
6.67025	1.6995304307269524e-10
6.675	3.629580205377202e-10
6.679749999999999	7.612807266886189e-10
6.6845	1.5681740274968352e-09
6.6892499999999995	3.1725221507488482e-09
6.694	6.303417223009559e-09
6.6987499999999995	1.2300093976236047e-08
6.7035	2.3572290779337698e-08
6.70825	4.436659860650571e-08
6.713	8.201087846673882e-08
6.71775	1.4888391416019035e-07
6.7225	2.6545143440647904e-07
6.72725	4.648184516043038e-07
6.732	7.993603958403801e-07
6.73675	1.350090495235519e-06
6.7415	2.2394641616719896e-06
6.74625	3.648264677471102e-06
6.7509999999999994	5.836998000768306e-06
6.75575	9.171782247526581e-06
6.7604999999999995	1.4153990857338065e-05
6.76525	2.145186576647843e-05
6.77	3.1930977615289876e-05
6.77475	4.6678871118214925e-05
6.7795	6.701769062457252e-05
6.78425	9.449733411812051e-05
6.789	0.00013086112203376907
6.79375	0.0001779765186176029
6.7985	0.000237725494536501
6.80325	0.00031185290668612564
6.808	0.0004017767651124902
6.812749999999999	0.0005083710649304564
6.8175	0.0006317391829173518
6.8222499999999995	0.0007710025058683046
6.827	0.0009241335757666135
6.8317499999999995	0.0010878642220425953
6.8365	0.0012576958353325688
6.84125	0.0014280306749289576
6.846	0.0015924303077773318
6.85075	0.0017439913135806964
6.8555	0.0018758114604914887
6.86025	0.0019815043812618873
6.865	0.002055710118550098
6.86975	0.0020945449973063506
6.8745	0.002095938332962318
6.87925	0.002059815353847237
6.8839999999999995	0.0019881038488643882
6.88875	0.0018845637179148297
6.8934999999999995	0.0017544603990804657
6.89825	0.0016041216444096411
6.903	0.001440429516888204
6.90775	0.0012703041306184873
6.9125	0.0011002323059441435
6.91725	0.0009358840809895431
6.922	0.0007818450879818285
6.92675	0.0006414759054917096
6.9315	0.0005168933793336793
6.93625	0.00040905581908516365
6.941	0.0003179253553782633
6.945749999999999	0.0002426770685980026
6.9505	0.0001819253837672583
6.9552499999999995	0.00013394263666561087
6.96	9.685128170767838e-05
6.9647499999999996	6.877852941041886e-05
6.9695	4.7969079378070524e-05
6.97425	3.285722381210604e-05
6.979	2.2103514515073767e-05
6.98375	1.460335977347871e-05
6.9885	9.475567311223187e-06
6.99325	6.03835499910923e-06
6.998	3.7791405789365054e-06
7.00275	2.3228888933897504e-06
7.007499999999999	1.4022479447338394e-06
7.01225	8.313466889206413e-07
7.0169999999999995	4.840614699834656e-07
7.02175	2.7680876895648287e-07
7.0264999999999995	1.5546053486488842e-07
7.03125	8.574749831593921e-08
7.036	4.6449790256310696e-08
7.04075	2.4711955515823797e-08
7.0455	1.2911950271748752e-08
7.05025	6.625820358059184e-09
7.055	3.339332849352665e-09
7.05975	1.6531078153328879e-09
7.0645	8.043182355016683e-10
7.06925	3.858787493729146e-10
7.074	1.856874149000142e-10
7.078749999999999	9.727826823719555e-11
7.0835	7.258185390109829e-11
7.0882499999999995	1.004178360651146e-10
7.093	2.0349741655186288e-10
7.09775	4.5452990832568795e-10
7.1025	1.0211533435013241e-09
7.10725	2.263347556008717e-09
7.112	4.931068077952383e-09
7.11675	1.0552622624447739e-08
7.1215	2.217959402726889e-08
7.12625	4.5783621720846065e-08
7.131	9.281712774849866e-08
7.13575	1.8480221507556942e-07
7.140499999999999	3.613659429826378e-07
7.14525	6.939820779238731e-07
7.1499999999999995	1.3089114748849571e-06
7.15475	2.424561920040752e-06
7.1594999999999995	4.410799019162648e-06
7.16425	7.880653694065836e-06
7.169	1.3828281187897386e-05
7.17375	2.3830609231693882e-05
7.1785	4.033323651730691e-05
7.18325	6.704277553722771e-05
7.188	0.00010944650121956529
7.19275	0.0001754739952175802
7.1975	0.00027630238298699354
7.20225	0.00042728483704931636
7.207	0.0006489501196629277
7.211749999999999	0.0009679794488539233
7.2165	0.0014180186460233616
7.2212499999999995	0.0020401341745801675
7.226	0.0028826804627892617
7.23075	0.0040003248788981535
7.2355	0.005451989443368223
7.24025	0.007297527393408106
7.245	0.009593066304268108
7.24975	0.012385117838943303
7.2545	0.01570376633520378
7.25925	0.019555480459323205
7.264	0.023916308196181724
7.26875	0.028726371760988537
7.273499999999999	0.03388663122786224
7.27825	0.03925879821867812
7.2829999999999995	0.04466903702266287
7.28775	0.04991569975120762
7.2924999999999995	0.05478084436961767
7.29725	0.05904474684469736
7.302	0.06250212633641834
7.30675	0.06497844357254444
7.3115	0.06634448102211149
7.31625	0.06652751207683794
7.321	0.06551771588167515
7.32575	0.06336905035766159
7.3305	0.060194475412453645
7.33525	0.056156114863657514
7.34	0.051451549453781956
7.3447499999999994	0.0462978524916334
7.3495	0.04091515685069498
7.3542499999999995	0.035511464128483015
7.359	0.030270104568281025
7.36375	0.02534079575573112
7.3685	0.02083471482647158
7.37325	0.016823480805003455
7.378	0.013341514670349473
7.38275	0.010390953559356786
7.3875	0.007948160971335813
7.39225	0.005970887507309401
7.397	0.004405265709500406
7.40175	0.0031920252103841223
7.406499999999999	0.002271545819636165
7.41125	0.0015875875145587924
7.4159999999999995	0.001089719776649727
7.42075	0.0007346034696290081
7.4254999999999995	0.00048635356360315224
7.43025	0.0003162366597453187
7.435	0.00020194509560669325
7.43975	0.0001266529737871497
7.4445	7.801146917057415e-05
7.44925	4.719136148843023e-05
7.454	2.8036741783230503e-05
7.45875	1.6358879793143237e-05
7.4635	9.374337067240798e-06
7.468249999999999	5.2758027956352235e-06
7.473	2.9160671923604616e-06
7.4777499999999995	1.5829510474787878e-06
7.4825	8.439144572673735e-07
7.4872499999999995	4.418657644052396e-07
7.492	2.272182786716274e-07
7.49675	1.1475118038998875e-07
7.5015	5.69156948643087e-08
7.50625	2.7724767174032892e-08
7.511	1.3263702055675935e-08
7.51575	6.231930369893343e-09
7.5205	2.8756856578745476e-09
7.52525	1.3032304394650908e-09
7.53	5.800454221308506e-10
7.53475	2.5355009438447064e-10
7.539499999999999	1.0884952397956877e-10
7.54425	4.5893404525774425e-11
7.5489999999999995	1.900356160497824e-11
7.55375	7.728242026068398e-12
7.5584999999999996	3.0866501669432185e-12
7.56325	1.2107517098122334e-12
7.568	4.664270792419288e-13
7.57275	1.7647102409717378e-13
7.5775	6.557284705872119e-14
7.58225	2.392961213504668e-14
7.587	8.576463881066623e-15
7.59175	3.0188522016809065e-15
7.5965	1.0436056554868136e-15
7.601249999999999	3.5431699284306275e-16
7.606	1.1814314381555847e-16
7.6107499999999995	3.868887041353429e-17
7.6155	1.2442984529851136e-17
7.6202499999999995	3.930285121254585e-18
7.625	1.219226915744086e-18
7.62975	3.714548726129921e-19
7.6345	1.1114481875003793e-19
7.63925	3.2661959559480994e-20
7.644	9.429212526253493e-21
7.64875	2.6832932618458653e-21
7.6535	7.868122668666384e-22
7.65825	3.6158998058513076e-22
7.663	6.257982471549885e-22
7.66775	2.039220274039278e-21
7.672499999999999	7.053022126677367e-21
7.67725	2.4103613130308285e-20
7.6819999999999995	8.093693997249725e-20
7.68675	2.6692363956587e-19
7.6915	8.645485142459298e-19
7.69625	2.7501270973976966e-18
7.701	8.591661387052387e-18
7.70575	2.6361039052953482e-17
7.7105	7.943444788653119e-17
7.71525	2.3508029265050427e-16
7.72	6.832577220209433e-16
7.72475	1.950355858879244e-15
7.7295	5.467693411258684e-15
7.734249999999999	1.505412210418914e-14
7.739	4.0706868916629216e-14
7.7437499999999995	1.0810379686445839e-13
7.7485	2.8195200112065547e-13
7.7532499999999995	7.222214776919258e-13
7.758	1.8168814977849429e-12
7.76275	4.488939887651148e-12
7.7675	1.0892359375109729e-11
7.77225	2.5957395741425123e-11
7.777	6.075209508833981e-11
7.78175	1.3964403376073481e-10
7.7865	3.152423060493771e-10
7.79125	6.989201972394165e-10
7.795999999999999	1.521849375502019e-09
7.80075	3.2544434882603277e-09
7.805499999999999	6.835067116739825e-09
7.81025	1.4098399632407646e-08
7.8149999999999995	2.8559975787506034e-08
7.81975	5.682073373666225e-08
7.8245	1.1102398840214999e-07
7.82925	2.1305307001909775e-07
7.834	4.015316219027913e-07
7.83875	7.432119672477361e-07
7.8435	1.3510350612482098e-06
7.84825	2.41202347333074e-06
7.853	4.229192221816045e-06
7.85775	7.282731593453667e-06
7.8625	1.231663774700034e-05
7.867249999999999	2.04574273206278e-05
7.872	3.337112518693662e-05
7.8767499999999995	5.346279603120881e-05
7.8815	8.411887783642772e-05
7.8862499999999995	0.0001299859035977218
7.891	0.0001972695387747558
7.89575	0.00029402535664531935
7.9005	0.00043039827920613713
7.90525	0.0006187529061701685
7.91	0.0008736248155911387
7.91475	0.0012114169793021308
7.9195	0.0016497697483665275
7.92425	0.0022065511516824276
7.928999999999999	0.002898448899700535
7.93375	0.003739196436274779
7.9384999999999994	0.004737529189352268
7.94325	0.005895036535797014
7.9479999999999995	0.007204139070360314
7.95275	0.008646466425243964
7.9575	0.010191924914799696
7.96225	0.011798716232892156
7.967	0.0134144935645055
7.97175	0.014978723063975598
7.9765	0.01642616896547973
7.98125	0.01769125998962428
7.986	0.018712948768269778
7.99075	0.01943957101638539
7.9955	0.019833168872980134
8.00025	0.019872775539395225
8.004999999999999	0.01955626570945193
8.00975	0.01890054451050918
8.0145	0.01794005157936455
8.01925	0.01672376449823933
8.024000000000001	0.01531106441975135
8.028749999999999	0.013766949167506936
8.0335	0.012157128818160614
8.03825	0.010543512393137992
8.043	0.008980501541764292
8.04775	0.007512368020575957
8.0525	0.006171832106784255
8.05725	0.004979804990473882
8.062	0.003946131499208267
8.066749999999999	0.0030710844237851927
8.0715	0.0023473234737692947
8.07625	0.0017620373622255457
8.081	0.0012990272715468637
8.08575	0.0009405511288238679
8.090499999999999	0.0006688173548777142
8.09525	0.00046708255096675883
8.1	0.0003203618091604078
8.10475	0.00021579869611630567
8.1095	0.00014276372781072257
8.11425	9.27572634650169e-05
8.119	5.9188721628776527e-05
8.123750000000001	3.709291610116485e-05
8.128499999999999	2.282989841063017e-05
8.13325	1.379996437602786e-05
8.138	8.192433715748355e-06
8.14275	4.776490208112139e-06
8.1475	2.73505353770746e-06
8.152249999999999	1.5380971118156702e-06
8.157	8.494985971222288e-07
8.16175	4.607894848083325e-07
8.1665	2.4547283507726756e-07
8.17125	1.2842965078335578e-07
8.176	6.599152269310906e-08
8.18075	3.3302127703136357e-08
8.185500000000001	1.650504829186506e-08
8.190249999999999	8.033829384915018e-09
8.195	3.840514524812736e-09
8.19975	1.8030896354442342e-09
8.2045	8.313940514429282e-10
8.20925	3.7649734223334493e-10
8.213999999999999	1.674578768061969e-10
8.21875	7.317849289490647e-11
8.2235	3.14850705320402e-11
8.22825	1.3510747014053447e-11
8.233	6.227568978496002e-12
8.23775	4.151938395030382e-12
8.2425	5.707836037933442e-12
8.247250000000001	1.2177287090205543e-11
8.251999999999999	2.8642620492192454e-11
8.25675	6.752629551430663e-11
8.2615	1.5686605760637678e-10
8.26625	3.5807650774966386e-10
8.271	8.028240685422096e-10
8.275749999999999	1.7677945460919686e-09
8.2805	3.823007208801854e-09
8.28525	8.119692425625814e-09
8.29	1.693694387875046e-08
8.29475	3.469696651112132e-08
8.2995	6.980860356636999e-08
8.30425	1.3793909710147445e-07
8.309000000000001	2.6768669881536606e-07
8.313749999999999	5.101844170346638e-07
8.3185	9.549674559729787e-07
8.32325	1.7555408453009678e-06
8.328	3.1695257892504144e-06
8.33275	5.620029895653557e-06
8.337499999999999	9.786872857505833e-06
8.34225	1.6738257763702853e-05
8.347	2.8114964621749515e-05
8.35175	4.637947366304366e-05
8.3565	7.514067199932732e-05
8.36125	0.00011955983811430681
8.366	0.00018683427302488022
8.370750000000001	0.00028674031586854915
8.375499999999999	0.0004321972077073469
8.38025	0.0006397880716078612
8.385	0.0009301463909679266
8.38975	0.0013280898467095295
8.3945	0.0018623641041979897
8.399249999999999	0.0025648543783048728
8.404	0.0034691399299078165
8.40875	0.004608312345557335
8.413499999999999	0.006012055506224961
8.41825	0.0077030912121458526
8.423	0.009693220313828702
8.42775	0.01197931849794845
8.432500000000001	0.0145397561999065
8.437249999999999	0.017331778161227423
8.442	0.020290376394815762
8.44675	0.023329104574156292
8.4515	0.026343108516906258
8.45625	0.029214399007299854
8.460999999999999	0.03181909891843323
8.46575	0.03403609926386441
8.4705	0.03575630811774764
8.475249999999999	0.03689151963412975
8.48	0.03738190277988058
8.48475	0.03720122550504538
8.4895	0.036359179549900256
8.494250000000001	0.03490051914876319
8.498999999999999	0.03290112015382641
8.50375	0.03046144252695901
8.5085	0.02769817992679125
8.51325	0.02473506084176408
8.518	0.021693804316716463
8.52275	0.0186861331204669
8.5275	0.015807534673312636
8.53225	0.013133178056023877
8.536999999999999	0.01071609379475251
8.54175	0.008587448877665315
8.5465	0.006758538743068496
8.55125	0.005223991184227225
8.556	0.003965637818903134
8.56075	0.002956546027569166
8.5655	0.002164797242016398
8.57025	0.0015567210286073128
8.575	0.0010994243277660746
8.57975	0.0007625720405302034
8.5845	0.0005194663233940712
8.58925	0.00034753208212408434
8.594	0.00022834599107044427
8.598749999999999	0.00014735092450906707
8.6035	9.338418294430902e-05
8.60825	5.812390258101096e-05
8.613	3.5530162492196965e-05
8.61775	2.1330478883486923e-05
8.6225	1.2576650796110808e-05
8.62725	7.282665850274543e-06
8.632	4.141681991226407e-06
8.63675	2.3132581455593357e-06
8.6415	1.268914719303303e-06
8.64625	6.835995291012069e-07
8.651	3.6168630031427943e-07
8.65575	1.8794178536758217e-07
8.660499999999999	9.591259073920068e-08
8.66525	4.807163381685075e-08
8.67	2.3662637008635446e-08
8.67475	1.143927412442125e-08
8.679499999999999	5.431193573318304e-09
8.68425	2.532539145439785e-09
8.689	1.1598369190730214e-09
8.69375	5.218122893886972e-10
8.6985	2.3094022324187186e-10
8.70325	1.0137687113135828e-10
8.708	4.6301618725826387e-11
8.71275	2.73400742891846e-11
8.7175	3.127592678700709e-11
8.722249999999999	6.213834129874885e-11
8.727	1.4478293176034665e-10
8.73175	3.427066069266913e-10
8.7365	8.012290482589223e-10
8.741249999999999	1.8414454966626353e-09
8.746	4.1571030679929e-09
8.75075	9.21716675811882e-09
8.7555	2.007105331533381e-08
8.76025	4.292476267580065e-08
8.765	9.015937691082209e-08
8.76975	1.8598574899942902e-07
8.7745	3.7680339908444313e-07
8.77925	7.497509553104562e-07
8.783999999999999	1.4651669078491568e-06
8.78875	2.81206864782381e-06
8.7935	5.300715313217422e-06
8.79825	9.813273779966484e-06
8.802999999999999	1.7842902339545497e-05
8.80775	3.186329372683243e-05
8.8125	5.588445800403863e-05
8.81725	9.626500926169457e-05
8.822	0.0001628639531009453
8.82675	0.0002706218856750992
8.8315	0.0004416567914009814
8.83625	0.0007079358765852022
8.841	0.0011145338855958558
8.84575	0.001723402566461948
8.8505	0.002617450811862761
8.85525	0.0039045718922238047
8.86	0.005721063703531655
8.864749999999999	0.008233692527746774
8.8695	0.011639485837248944
8.87425	0.01616225176723524
8.879	0.022044864386012178
8.88375	0.029536573421871024
8.8885	0.03887502672203876
8.89325	0.050263334883648786
8.898	0.06384331899793119
8.90275	0.07966697430533312
8.9075	0.09766901962774137
8.91225	0.11764402002754781
8.917	0.13923180128596524
8.92175	0.16191458560264504
8.926499999999999	0.18502840407319654
8.93125	0.20778991702655067
8.936	0.22933794277738193
8.94075	0.24878700325075942
8.9455	0.2652883507802637
8.95025	0.2780925643713455
8.955	0.2866071634270524
8.95975	0.290442939079495
8.9645	0.28944385485879687
8.96925	0.283697267675848
8.974	0.2735235808114438
8.97875	0.2594468955245988
8.9835	0.2421503991183378
8.988249999999999	0.2224217978662421
8.993	0.20109487367454595
8.99775	0.17899316151360903
9.0025	0.15688090332865698
9.007249999999999	0.13542504013724835
9.012	0.11517032760010312
9.01675	0.09652797829260121
9.0215	0.07977677909706042
9.02625	0.06507455944781669
9.031	0.05247725917943947
9.03575	0.04196264262696118
9.0405	0.033455845115426826
9.04525	0.026854303049767967
9.049999999999999	0.022050090831593996
9.05475	0.018948169935607235
9.0595	0.017479487756634108
9.06425	0.017608227965822523
9.068999999999999	0.01933282833711678
9.07375	0.022680688562701126
9.0785	0.027696838486284923
9.08325	0.03442726367044242
9.088	0.042898099234430276
9.09275	0.05309247413759468
9.0975	0.06492734436492413
9.10225	0.07823308847916506
9.107	0.09273883046059574
9.111749999999999	0.10806629087264456
9.1165	0.12373437689510855
9.12125	0.13917570084960001
9.126	0.15376484571294152
9.130749999999999	0.1668566390090648
9.1355	0.17783118211867016
9.14025	0.18614116615123233
9.145	0.19135632172887415
9.14975	0.1931998596991406
9.1545	0.19157251248040255
9.15925	0.18656120070710971
9.164	0.1784312244837799
9.16875	0.16760292332632207
9.1735	0.15461564158957677
9.17825	0.14008328377774698
9.183	0.12464653785307056
9.18775	0.1089268965111604
9.192499999999999	0.09348695941024761
9.19725	0.07880031070619035
9.202	0.06523276879661001
9.20675	0.0530352574403314
9.2115	0.04234718397002656
9.21625	0.03320820298787303
9.221	0.025575680580164486
9.22575	0.019345056760074662
9.2305	0.014370563630337861
9.23525	0.01048427926031142
9.24	0.007512151593293708
9.24475	0.005286291296423585
9.2495	0.00365341344797172
9.254249999999999	0.002479747949611216
9.259	0.001653016700254279
9.26375	0.0010822009908146683
9.2685	0.0006958243103162174
9.273249999999999	0.00043939210880332256
9.278	0.0002724996148645346
9.28275	0.00016597417446824586
9.2875	9.928328223760027e-05
9.29225	5.8327413704861966e-05
9.297	3.365350465063323e-05
9.30175	1.906991954666791e-05
9.3065	1.0612761592044049e-05
9.31125	5.800546868388281e-06
9.315999999999999	3.1136547617037985e-06
9.32075	1.641470031081558e-06
9.3255	8.498777195161074e-07
9.33025	4.32156365419409e-07
9.334999999999999	2.1581735682706388e-07
9.33975	1.0585047443789434e-07
9.3445	5.098709083200738e-08
9.34925	2.4120629730379244e-08
9.354	1.1206707463832762e-08
9.35875	5.113619547248604e-09
9.3635	2.2916050786277765e-09
9.36825	1.0085841137497184e-09
9.373	4.359588066505717e-10
9.377749999999999	1.8507159657723179e-10
9.3825	7.716050700265452e-11
9.38725	3.1594490668829045e-11
9.392	1.2705408450603817e-11
9.396749999999999	5.017956668361483e-12
9.4015	1.9463741233716625e-12
9.40625	7.414605406338763e-13
9.411	2.774099251663992e-13
9.41575	1.0195596109017209e-13
9.4205	3.687037352815501e-14
9.42525	1.3302950038558704e-14
9.43	5.328764804216819e-15
9.43475	3.853483334861306e-15
9.439499999999999	7.0992386804253964e-15
9.44425	1.8631629421607943e-14
9.449	5.092937394586858e-14
9.45375	1.377128828378108e-13
9.458499999999999	3.66025366601856e-13
9.46325	9.555473546143469e-13
9.468	2.4499619132368888e-12
9.47275	6.169188433357501e-12
9.4775	1.5256601175479898e-11
9.48225	3.705514730945295e-11
9.487	8.838941923111422e-11
9.49175	2.0706800595390455e-10
9.4965	4.76416404165416e-10
9.50125	1.0765182507914931e-09
9.506	2.389005072231583e-09
9.51075	5.206833989539814e-09
9.5155	1.1145290048659266e-08
9.520249999999999	2.3429876734684157e-08
9.525	4.8373734533927835e-08
9.52975	9.808672060460431e-08
9.5345	1.9533128050669654e-07
9.53925	3.820272692394143e-07
9.544	7.338003519168178e-07
9.54875	1.384275243135394e-06
9.5535	2.5646492189351722e-06
9.55825	4.666534469213685e-06
9.563	8.339153500852104e-06
9.56775	1.4635597008610894e-05
9.5725	2.522666859512795e-05
9.57725	4.270417593482536e-05
9.581999999999999	7.099729037083378e-05
9.58675	0.00011592422124696951
9.5915	0.00018589494689734697
9.59625	0.0002927668951050092
9.600999999999999	0.00045283223400785776
9.60575	0.0006878815879242671
9.6105	0.0010262449219180859
9.61525	0.0015036589436304261
9.62	0.002163757802819374
9.62475	0.003057939838209206
9.6295	0.004244340438150514
9.63425	0.0057856541669457666
9.639	0.0077456115741608
9.643749999999999	0.010184036396497209
9.6485	0.013150587523623702
9.65325	0.01667751555106454
9.658	0.020772010700762962
9.662749999999999	0.02540894929212236
9.6675	0.030525013278246773
9.67225	0.03601521433492183
9.677	0.04173276259749799
9.68175	0.04749296217632622
9.6865	0.0530814010743349
9.69125	0.05826617411236403
9.696	0.06281330516555533
9.70075	0.06650400992901358
9.705499999999999	0.0691520565488798
9.71025	0.07061931753934919
9.715	0.07082770849055553
9.71975	0.06976607842534259
9.724499999999999	0.06749120652800292
9.72925	0.06412278242270428
9.734	0.059832989021350765
9.73875	0.05483195125655795
9.7435	0.04935076249268828
9.74825	0.04362399165355319
9.753	0.03787349361680408
9.75775	0.032295025621039336
9.7625	0.02704868319910669
9.76725	0.02225360167267329
9.772	0.01798681719141869
9.77675	0.014285723680637798
9.7815	0.011153251131276435
9.786249999999999	0.008564746762253356
9.791	0.006475553879873058
9.79575	0.004828420936213515
9.8005	0.0035600896841822315
9.80525	0.00260665841726282
9.81	0.0019075523408687923
9.81475	0.0014081282470561802
9.8195	0.0010610788227120279
9.82425	0.0008268799902191675
9.829	0.0006735494475244931
9.83375	0.000575968834397551
9.8385	0.0005149806763444742
9.84325	0.0004764185428945037
9.847999999999999	0.0004501759546264176
9.85275	0.0004293740242539506
9.8575	0.0004096534800226155
9.86225	0.00038859439179483754
9.866999999999999	0.0003652552412778749
9.87175	0.0003398193652600589
9.8765	0.000313338246968438
9.88125	0.0002875647793281689
9.886	0.0002648731102114349
9.89075	0.00024826327125384906
9.8955	0.0002414473930646764
9.90025	0.00024900940412967055
9.905	0.0002766217054656321
9.909749999999999	0.0003312909302112995
9.9145	0.0004215916230058834
9.91925	0.0005578332375128813
9.924	0.0007520946693658427
9.928749999999999	0.0010180546466024168
9.9335	0.0013705490526872935
9.93825	0.001824800815190489
9.943	0.002395296529358436
9.94775	0.0030943267797010343
9.9525	0.00393026171832358
9.95725	0.004905694157863143
9.962	0.00601564039985105
9.96675	0.007246033166896804
9.971499999999999	0.008572759753921967
9.97625	0.009961482136309157
9.981	0.011368418982104694
9.98575	0.0127421736301207
9.990499999999999	0.014026566176098092
9.99525	0.01516428824527979
