   1    1   0.00000    3.79680    10.00 100.00      0.00000   0.00000  -0.00000 
   2    2   0.02740    6.88700    10.00 100.00      0.00000   0.40290  -0.00000 
   3    3   0.02620    7.66350    10.00 100.00     -0.00000   0.37330  -0.00000 
   4    4   0.04580    7.87980    10.00 100.00     -0.00000  -0.00000  -0.48710 
   5    5   0.00000    8.39180    10.00 100.00     -0.00000   0.00000  -0.00000 
   6    6   0.00100    8.77870    10.00 100.00      0.06900   0.00000   0.00000 
   7    7   0.13730    9.13250    10.00 100.00     -0.00000   0.00000   0.78340 
   8    8   0.00000    9.80560    10.00 100.00     -0.00000   0.00000   0.00000 
   9    9   0.04130   10.17780    10.00 100.00     -0.40690  -0.00000  -0.00000 
  10   10   0.10330   10.32580    10.00 100.00     -0.00000   0.63890  -0.00000 
  11   11   0.04600   11.03480    10.00 100.00      0.41240  -0.00000  -0.00000 
  12   12   0.00000   11.14490    10.00 100.00     -0.00000   0.00000  -0.00000 
  13   13   0.00050   11.44260    10.00 100.00     -0.00000  -0.04300   0.00000 
  14   14   0.00500   11.69580    10.00 100.00      0.00000   0.00000  -0.13220 
  15   15   0.02550   11.86860    10.00 100.00     -0.00000   0.00000  -0.29620 
  16   16   0.18660   12.31240    10.00 100.00      0.00000   0.00000  -0.78650 
  17   17   0.00000   12.31520    10.00 100.00     -0.00000   0.00000  -0.00000 
  18   18   0.21270   12.55950    10.00 100.00     -0.00000  -0.00000   0.83150 
  19   19   0.04500   12.72830    10.00 100.00      0.00000  -0.38010  -0.00000 
  20   20   0.10500   12.79460    10.00 100.00      0.00000  -0.57870  -0.00000 
  21   21   0.09230   12.97800    10.00 100.00      0.00000   0.00000  -0.53880 
  22   22   0.02040   13.25700    10.00 100.00     -0.25060  -0.00000  -0.00000 
  23   23   0.01190   13.31150    10.00 100.00      0.19110   0.00000   0.00000 
  24   24   0.02260   13.59460    10.00 100.00      0.00000  -0.26030  -0.00000 
  25   25   0.02530   13.72290    10.00 100.00     -0.00000   0.27450   0.00000 
  26   26   0.00060   14.07770    10.00 100.00      0.00000   0.00000   0.04190 
  27   27   0.00000   14.29910    10.00 100.00      0.00000   0.00000   0.00000 
  28   28   0.00000   14.40870    10.00 100.00      0.00000  -0.00000   0.00000 
  29   29   0.00450   14.68810    10.00 100.00     -0.11160   0.00000  -0.00000 
  30   30   0.02060   14.94470    10.00 100.00      0.00000  -0.00000   0.23740 
state state   Osc.      E(eV)      dum   dum        TrDx      TrDy       TrDz 
