0.5	0.0
0.50475	0.0
0.5095	0.0
0.51425	0.0
0.519	0.0
0.52375	0.0
0.5285	0.0
0.53325	0.0
0.538	0.0
0.54275	0.0
0.5475	0.0
0.55225	0.0
0.5569999999999999	0.0
0.56175	0.0
0.5665	0.0
0.57125	0.0
0.576	0.0
0.58075	0.0
0.5855	0.0
0.5902499999999999	0.0
0.595	0.0
0.59975	0.0
0.6045	0.0
0.60925	0.0
0.614	0.0
0.61875	0.0
0.6234999999999999	0.0
0.62825	0.0
0.633	0.0
0.63775	0.0
0.6425	0.0
0.64725	0.0
0.652	0.0
0.65675	0.0
0.6615	0.0
0.66625	0.0
0.671	0.0
0.67575	0.0
0.6805	0.0
0.68525	0.0
0.69	0.0
0.69475	0.0
0.6995	0.0
0.70425	0.0
0.709	0.0
0.71375	0.0
0.7185	0.0
0.72325	0.0
0.728	0.0
0.73275	0.0
0.7375	0.0
0.74225	0.0
0.747	0.0
0.7517499999999999	0.0
0.7565	0.0
0.76125	0.0
0.766	0.0
0.77075	0.0
0.7755	0.0
0.78025	0.0
0.7849999999999999	0.0
0.78975	0.0
0.7945	0.0
0.79925	0.0
0.804	0.0
0.80875	0.0
0.8135	0.0
0.8182499999999999	0.0
0.823	0.0
0.82775	0.0
0.8325	0.0
0.83725	0.0
0.842	0.0
0.84675	0.0
0.8514999999999999	0.0
0.85625	0.0
0.861	0.0
0.86575	0.0
0.8705	0.0
0.87525	0.0
0.88	0.0
0.8847499999999999	0.0
0.8895	0.0
0.89425	0.0
0.899	0.0
0.90375	0.0
0.9085	0.0
0.91325	0.0
0.9179999999999999	0.0
0.92275	0.0
0.9275	0.0
0.93225	0.0
0.937	0.0
0.94175	0.0
0.9465	0.0
0.9512499999999999	0.0
0.956	0.0
0.96075	0.0
0.9655	0.0
0.9702500000000001	0.0
0.975	0.0
0.97975	0.0
0.9844999999999999	0.0
0.98925	0.0
0.994	0.0
0.99875	0.0
1.0034999999999998	0.0
1.0082499999999999	0.0
1.013	0.0
1.01775	0.0
1.0225	0.0
1.02725	0.0
1.032	0.0
1.03675	0.0
1.0415	0.0
1.0462500000000001	0.0
1.051	0.0
1.05575	0.0
1.0605	0.0
1.06525	0.0
1.0699999999999998	0.0
1.0747499999999999	0.0
1.0795	0.0
1.08425	0.0
1.089	0.0
1.09375	0.0
1.0985	0.0
1.10325	0.0
1.108	0.0
1.1127500000000001	0.0
1.1175	0.0
1.12225	0.0
1.127	0.0
1.13175	0.0
1.1364999999999998	0.0
1.1412499999999999	0.0
1.146	0.0
1.15075	0.0
1.1555	0.0
1.16025	0.0
1.165	0.0
1.16975	0.0
1.1745	0.0
1.1792500000000001	0.0
1.184	0.0
1.18875	0.0
1.1935	0.0
1.19825	0.0
1.2029999999999998	0.0
1.2077499999999999	0.0
1.2125	0.0
1.21725	0.0
1.222	0.0
1.22675	0.0
1.2315	0.0
1.23625	0.0
1.241	0.0
1.2457500000000001	0.0
1.2505	0.0
1.25525	0.0
1.26	0.0
1.2647499999999998	0.0
1.2694999999999999	0.0
1.2742499999999999	0.0
1.279	0.0
1.28375	0.0
1.2885	0.0
1.29325	0.0
1.298	0.0
1.30275	0.0
1.3075	0.0
1.3122500000000001	0.0
1.317	0.0
1.32175	0.0
1.3265	0.0
1.3312499999999998	0.0
1.3359999999999999	0.0
1.3407499999999999	0.0
1.3455	0.0
1.35025	0.0
1.355	0.0
1.35975	0.0
1.3645	0.0
1.36925	0.0
1.374	0.0
1.3787500000000001	0.0
1.3835	0.0
1.38825	0.0
1.393	0.0
1.3977499999999998	0.0
1.4024999999999999	0.0
1.40725	0.0
1.412	0.0
1.41675	0.0
1.4215	0.0
1.42625	0.0
1.431	0.0
1.43575	0.0
1.4405000000000001	0.0
1.44525	0.0
1.45	0.0
1.45475	0.0
1.4595	0.0
1.4642499999999998	0.0
1.4689999999999999	0.0
1.47375	0.0
1.4785	0.0
1.48325	0.0
1.488	0.0
1.49275	0.0
1.4975	0.0
1.50225	0.0
1.507	0.0
1.51175	0.0
1.5165	0.0
1.52125	0.0
1.526	0.0
1.53075	0.0
1.5354999999999999	0.0
1.54025	0.0
1.545	0.0
1.54975	0.0
1.5545	0.0
1.55925	0.0
1.564	0.0
1.5687499999999999	0.0
1.5735	0.0
1.57825	0.0
1.583	0.0
1.58775	0.0
1.5925	0.0
1.59725	0.0
1.6019999999999999	0.0
1.60675	0.0
1.6115	0.0
1.61625	0.0
1.621	0.0
1.62575	0.0
1.6305	0.0
1.6352499999999999	0.0
1.64	0.0
1.64475	0.0
1.6495	0.0
1.65425	0.0
1.659	0.0
1.66375	0.0
1.6684999999999999	0.0
1.67325	0.0
1.678	0.0
1.68275	0.0
1.6875	0.0
1.69225	0.0
1.697	0.0
1.7017499999999999	0.0
1.7065	0.0
1.71125	0.0
1.716	0.0
1.72075	0.0
1.7255	0.0
1.73025	0.0
1.7349999999999999	0.0
1.73975	0.0
1.7445	0.0
1.74925	0.0
1.754	0.0
1.75875	0.0
1.7635	0.0
1.7682499999999999	0.0
1.773	0.0
1.77775	0.0
1.7825	0.0
1.78725	0.0
1.792	0.0
1.79675	0.0
1.8014999999999999	0.0
1.80625	0.0
1.811	0.0
1.81575	0.0
1.8205	0.0
1.82525	0.0
1.83	0.0
1.8347499999999999	0.0
1.8395	0.0
1.84425	0.0
1.849	0.0
1.85375	0.0
1.8585	0.0
1.86325	0.0
1.8679999999999999	0.0
1.87275	0.0
1.8775	0.0
1.88225	0.0
1.887	0.0
1.89175	0.0
1.8965	0.0
1.9012499999999999	0.0
1.906	0.0
1.91075	0.0
1.9155	0.0
1.92025	0.0
1.925	0.0
1.9297499999999999	0.0
1.9344999999999999	0.0
1.93925	0.0
1.944	0.0
1.94875	0.0
1.9535	0.0
1.95825	0.0
1.9629999999999999	0.0
1.9677499999999999	0.0
1.9725	0.0
1.97725	0.0
1.982	0.0
1.98675	0.0
1.9915	0.0
1.9962499999999999	0.0
2.001	0.0
2.00575	0.0
2.0105	0.0
2.01525	0.0
2.02	0.0
2.02475	0.0
2.0294999999999996	0.0
2.03425	0.0
2.0389999999999997	0.0
2.04375	0.0
2.0484999999999998	0.0
2.0532500000000002	0.0
2.058	0.0
2.06275	0.0
2.0675	0.0
2.07225	0.0
2.077	0.0
2.08175	0.0
2.0865	0.0
2.09125	0.0
2.096	0.0
2.1007499999999997	0.0
2.1055	0.0
2.1102499999999997	0.0
2.115	0.0
2.11975	0.0
2.1245000000000003	0.0
2.12925	0.0
2.134	0.0
2.13875	0.0
2.1435	0.0
2.14825	0.0
2.153	0.0
2.15775	0.0
2.1624999999999996	0.0
2.16725	0.0
2.1719999999999997	0.0
2.17675	0.0
2.1814999999999998	0.0
2.1862500000000002	0.0
2.191	0.0
2.19575	0.0
2.2005	0.0
2.20525	0.0
2.21	0.0
2.21475	0.0
2.2195	0.0
2.22425	0.0
2.229	0.0
2.2337499999999997	0.0
2.2385	0.0
2.2432499999999997	0.0
2.248	0.0
2.25275	0.0
2.2575000000000003	0.0
2.26225	0.0
2.267	0.0
2.27175	0.0
2.2765	0.0
2.28125	0.0
2.286	0.0
2.29075	0.0
2.2954999999999997	0.0
2.30025	0.0
2.3049999999999997	0.0
2.30975	0.0
2.3145	0.0
2.3192500000000003	0.0
2.324	0.0
2.32875	0.0
2.3335	0.0
2.33825	0.0
2.343	0.0
2.34775	0.0
2.3525	0.0
2.3572499999999996	0.0
2.362	0.0
2.3667499999999997	0.0
2.3715	0.0
2.3762499999999998	0.0
2.3810000000000002	0.0
2.38575	0.0
2.3905	0.0
2.39525	0.0
2.4	0.0
2.40475	0.0
2.4095	0.0
2.41425	0.0
2.419	0.0
2.42375	0.0
2.4284999999999997	0.0
2.43325	0.0
2.4379999999999997	0.0
2.44275	0.0
2.4475	0.0
2.4522500000000003	0.0
2.457	0.0
2.46175	0.0
2.4665	0.0
2.47125	0.0
2.476	0.0
2.48075	0.0
2.4855	0.0
2.4902499999999996	0.0
2.495	0.0
2.4997499999999997	0.0
2.5045	0.0
2.5092499999999998	0.0
2.514	0.0
2.51875	0.0
2.5235	0.0
2.52825	0.0
2.533	0.0
2.53775	0.0
2.5425	0.0
2.54725	0.0
2.552	0.0
2.55675	0.0
2.5615	0.0
2.56625	0.0
2.5709999999999997	0.0
2.5757499999999998	0.0
2.5805	0.0
2.58525	0.0
2.59	0.0
2.59475	0.0
2.5995	0.0
2.60425	0.0
2.609	0.0
2.61375	0.0
2.6185	0.0
2.62325	0.0
2.628	0.0
2.63275	0.0
2.6374999999999997	0.0
2.6422499999999998	0.0
2.647	0.0
2.65175	0.0
2.6565	0.0
2.66125	0.0
2.666	0.0
2.67075	0.0
2.6755	0.0
2.68025	0.0
2.685	0.0
2.68975	0.0
2.6945	0.0
2.69925	0.0
2.7039999999999997	0.0
2.7087499999999998	0.0
2.7135	0.0
2.71825	0.0
2.723	0.0
2.72775	0.0
2.7325	0.0
2.73725	0.0
2.742	0.0
2.74675	0.0
2.7515	0.0
2.75625	0.0
2.761	0.0
2.76575	0.0
2.7704999999999997	0.0
2.7752499999999998	0.0
2.78	0.0
2.78475	0.0
2.7895	0.0
2.79425	0.0
2.799	0.0
2.80375	0.0
2.8085	0.0
2.81325	0.0
2.818	0.0
2.82275	0.0
2.8275	0.0
2.83225	0.0
2.8369999999999997	0.0
2.8417499999999998	0.0
2.8465	0.0
2.85125	0.0
2.856	0.0
2.86075	0.0
2.8655	0.0
2.87025	0.0
2.875	0.0
2.87975	0.0
2.8845	0.0
2.88925	0.0
2.894	0.0
2.89875	0.0
2.9034999999999997	0.0
2.90825	0.0
2.913	0.0
2.91775	0.0
2.9225	0.0
2.92725	0.0
2.932	0.0
2.93675	0.0
2.9415	0.0
2.94625	0.0
2.951	0.0
2.95575	0.0
2.9605	0.0
2.9652499999999997	0.0
2.9699999999999998	0.0
2.97475	0.0
2.9795	0.0
2.98425	0.0
2.989	0.0
2.99375	0.0
2.9985	0.0
3.00325	0.0
3.008	0.0
3.01275	0.0
3.0175	0.0
3.02225	0.0
3.027	0.0
3.0317499999999997	0.0
3.0364999999999998	0.0
3.04125	0.0
3.046	0.0
3.05075	0.0
3.0555	0.0
3.06025	0.0
3.065	0.0
3.06975	0.0
3.0745	0.0
3.07925	0.0
3.084	0.0
3.08875	0.0
3.0935	0.0
3.0982499999999997	0.0
3.1029999999999998	0.0
3.10775	0.0
3.1125	0.0
3.11725	0.0
3.122	0.0
3.12675	0.0
3.1315	0.0
3.13625	0.0
3.141	0.0
3.14575	0.0
3.1505	0.0
3.15525	0.0
3.16	0.0
3.1647499999999997	0.0
3.1694999999999998	0.0
3.17425	0.0
3.179	0.0
3.18375	0.0
3.1885	0.0
3.19325	0.0
3.198	0.0
3.20275	0.0
3.2075	0.0
3.21225	0.0
3.217	0.0
3.22175	0.0
3.2265	0.0
3.2312499999999997	0.0
3.2359999999999998	0.0
3.24075	0.0
3.2455	0.0
3.25025	0.0
3.255	0.0
3.25975	0.0
3.2645	0.0
3.26925	0.0
3.274	0.0
3.27875	0.0
3.2835	0.0
3.28825	0.0
3.293	0.0
3.2977499999999997	0.0
3.3024999999999998	0.0
3.30725	0.0
3.312	0.0
3.31675	0.0
3.3215	0.0
3.32625	0.0
3.331	0.0
3.33575	0.0
3.3405	0.0
3.34525	0.0
3.35	0.0
3.35475	0.0
3.3594999999999997	0.0
3.3642499999999997	0.0
3.3689999999999998	0.0
3.37375	0.0
3.3785	0.0
3.38325	0.0
3.388	0.0
3.39275	0.0
3.3975	0.0
3.40225	0.0
3.407	0.0
3.41175	0.0
3.4165	0.0
3.42125	0.0
3.4259999999999997	0.0
3.4307499999999997	0.0
3.4354999999999998	0.0
3.44025	0.0
3.445	0.0
3.44975	0.0
3.4545	0.0
3.45925	0.0
3.464	0.0
3.46875	0.0
3.4735	0.0
3.47825	0.0
3.483	0.0
3.48775	0.0
3.4924999999999997	0.0
3.4972499999999997	0.0
3.502	0.0
3.50675	0.0
3.5115	0.0
3.51625	0.0
3.521	0.0
3.52575	0.0
3.5305	0.0
3.53525	0.0
3.54	0.0
3.54475	0.0
3.5495	0.0
3.55425	0.0
3.5589999999999997	0.0
3.5637499999999998	0.0
3.5685	0.0
3.57325	0.0
3.578	0.0
3.58275	0.0
3.5875	0.0
3.59225	0.0
3.597	0.0
3.60175	0.0
3.6065	0.0
3.61125	0.0
3.616	0.0
3.62075	0.0
3.6254999999999997	0.0
3.6302499999999998	0.0
3.635	0.0
3.63975	0.0
3.6445	0.0
3.64925	0.0
3.654	0.0
3.65875	0.0
3.6635	0.0
3.66825	0.0
3.673	0.0
3.67775	0.0
3.6825	0.0
3.68725	0.0
3.6919999999999997	0.0
3.6967499999999998	0.0
3.7015	0.0
3.70625	0.0
3.711	0.0
3.71575	0.0
3.7205	0.0
3.72525	0.0
3.73	0.0
3.73475	0.0
3.7395	0.0
3.74425	0.0
3.749	0.0
3.7537499999999997	0.0
3.7584999999999997	0.0
3.7632499999999998	0.0
3.768	0.0
3.77275	0.0
3.7775	0.0
3.78225	0.0
3.787	0.0
3.79175	0.0
3.7965	0.0
3.80125	0.0
3.806	0.0
3.81075	0.0
3.8155	0.0
3.8202499999999997	0.0
3.8249999999999997	0.0
3.8297499999999998	0.0
3.8345	0.0
3.83925	0.0
3.844	0.0
3.84875	0.0
3.8535	0.0
3.85825	0.0
3.863	0.0
3.86775	0.0
3.8725	0.0
3.87725	0.0
3.882	0.0
3.8867499999999997	0.0
3.8914999999999997	0.0
3.8962499999999998	0.0
3.901	0.0
3.90575	0.0
3.9105	0.0
3.91525	0.0
3.92	0.0
3.92475	0.0
3.9295	0.0
3.93425	0.0
3.939	0.0
3.94375	0.0
3.9485	0.0
3.9532499999999997	0.0
3.9579999999999997	0.0
3.9627499999999998	0.0
3.9675	0.0
3.97225	0.0
3.977	0.0
3.98175	0.0
3.9865	0.0
3.99125	0.0
3.996	0.0
4.00075	0.0
4.0055	0.0
4.01025	0.0
4.015000000000001	0.0
4.01975	0.0
4.0245	0.0
4.029249999999999	0.0
4.034	0.0
4.03875	0.0
4.0435	0.0
4.0482499999999995	0.0
4.053	0.0
4.05775	0.0
4.0625	0.0
4.06725	0.0
4.072	0.0
4.0767500000000005	0.0
4.0815	0.0
4.08625	0.0
4.090999999999999	0.0
4.09575	0.0
4.1005	0.0
4.10525	0.0
4.109999999999999	0.0
4.11475	0.0
4.1195	0.0
4.12425	0.0
4.129	0.0
4.13375	0.0
4.1385000000000005	0.0
4.14325	0.0
4.148	0.0
4.152749999999999	0.0
4.1575	0.0
4.16225	0.0
4.167	0.0
4.171749999999999	0.0
4.1765	0.0
4.18125	0.0
4.186	0.0
4.1907499999999995	0.0
4.1955	0.0
4.2002500000000005	0.0
4.205	0.0
4.20975	0.0
4.214499999999999	0.0
4.21925	0.0
4.224	0.0
4.22875	0.0
4.233499999999999	0.0
4.23825	0.0
4.243	0.0
4.24775	0.0
4.2524999999999995	0.0
4.25725	0.0
4.2620000000000005	0.0
4.26675	0.0
4.2715	0.0
4.27625	0.0
4.281	0.0
4.28575	0.0
4.2905	0.0
4.295249999999999	0.0
4.3	0.0
4.30475	0.0
4.3095	0.0
4.3142499999999995	0.0
4.319	0.0
4.32375	0.0
4.3285	0.0
4.33325	0.0
4.338	0.0
4.3427500000000006	0.0
4.3475	0.0
4.35225	0.0
4.356999999999999	0.0
4.36175	0.0
4.3665	0.0
4.37125	0.0
4.3759999999999994	0.0
4.38075	0.0
4.3855	0.0
4.39025	0.0
4.395	0.0
4.39975	0.0
4.4045000000000005	0.0
4.40925	0.0
4.414	0.0
4.418749999999999	0.0
4.4235	0.0
4.42825	0.0
4.433	0.0
4.437749999999999	0.0
4.4425	0.0
4.44725	0.0
4.452	0.0
4.4567499999999995	0.0
4.4615	0.0
4.4662500000000005	0.0
4.471	0.0
4.47575	0.0
4.480499999999999	0.0
4.48525	0.0
4.49	0.0
4.49475	0.0
4.499499999999999	0.0
4.50425	0.0
4.509	0.0
4.51375	0.0
4.5184999999999995	0.0
4.52325	0.0
4.528	0.0
4.53275	0.0
4.5375	0.0
4.54225	0.0
4.547	0.0
4.55175	0.0
4.5565	0.0
4.56125	0.0
4.566	0.0
4.57075	0.0
4.5755	0.0
4.5802499999999995	0.0
4.585	0.0
4.5897499999999996	0.0
4.5945	0.0
4.59925	0.0
4.604	0.0
4.60875	0.0
4.6135	0.0
4.61825	0.0
4.623	0.0
4.62775	0.0
4.6325	0.0
4.63725	0.0
4.6419999999999995	0.0
4.64675	0.0
4.6514999999999995	0.0
4.65625	0.0
4.661	0.0
4.66575	0.0
4.6705	0.0
4.67525	0.0
4.68	0.0
4.68475	0.0
4.6895	0.0
4.69425	0.0
4.699	0.0
4.70375	0.0
4.7085	0.0
4.7132499999999995	0.0
4.718	0.0
4.72275	0.0
4.7275	0.0
4.73225	0.0
4.737	0.0
4.74175	0.0
4.7465	0.0
4.75125	0.0
4.756	0.0
4.76075	0.0
4.7655	0.0
4.77025	0.0
4.7749999999999995	0.0
4.77975	0.0
4.7844999999999995	0.0
4.78925	0.0
4.794	0.0
4.79875	0.0
4.8035	0.0
4.80825	0.0
4.813	0.0
4.81775	0.0
4.8225	0.0
4.82725	0.0
4.832	0.0
4.83675	0.0
4.8415	0.0
4.8462499999999995	0.0
4.851	0.0
4.85575	0.0
4.8605	0.0
4.86525	0.0
4.87	0.0
4.87475	0.0
4.8795	0.0
4.88425	0.0
4.889	0.0
4.89375	0.0
4.8985	0.0
4.90325	0.0
4.9079999999999995	0.0
4.91275	0.0
4.9174999999999995	0.0
4.92225	0.0
4.927	0.0
4.93175	0.0
4.9365	0.0
4.94125	0.0
4.946	0.0
4.95075	0.0
4.9555	0.0
4.96025	0.0
4.965	0.0
4.9697499999999994	0.0
4.9745	0.0
4.9792499999999995	0.0
4.984	0.0
4.98875	0.0
4.9935	0.0
4.99825	0.0
5.003	0.0
5.00775	0.0
5.0125	0.0
5.01725	0.0
5.022	0.0
5.02675	0.0
5.0315	0.0
5.03625	0.0
5.0409999999999995	0.0
5.04575	0.0
5.0504999999999995	0.0
5.05525	0.0
5.06	0.0
5.06475	0.0
5.0695	0.0
5.07425	0.0
5.079	0.0
5.08375	0.0
5.0885	0.0
5.09325	0.0
5.098	0.0
5.1027499999999995	0.0
5.1075	0.0
5.1122499999999995	0.0
5.117	0.0
5.12175	0.0
5.1265	0.0
5.13125	0.0
5.136	0.0
5.14075	0.0
5.1455	0.0
5.15025	0.0
5.155	0.0
5.15975	0.0
5.1645	7e-323
5.16925	1.158e-320
5.1739999999999995	1.973017e-318
5.17875	3.3010099e-316
5.1834999999999996	5.424052676e-314
5.18825	8.75310133882e-312
5.193	1.387270014119864e-309
5.19775	2.1593399824524695e-307
5.2025	3.300973501206602e-305
5.20725	4.9559171144655116e-303
5.212	7.307469566917339e-301
5.21675	1.0582078549296366e-298
5.2215	1.5049980287326264e-296
5.22625	2.102141111881605e-294
5.231	2.8836914198261928e-292
5.2357499999999995	3.8850506863855574e-290
5.2405	5.140502536502721e-288
5.2452499999999995	6.679984441620164e-286
5.25	8.525234008407149e-284
5.25475	1.0685581255231251e-281
5.2595	1.3153792242157035e-279
5.26425	1.590247749677005e-277
5.269	1.888163447061737e-275
5.27375	2.201787321786773e-273
5.2785	2.5215764051350483e-271
5.28325	2.8361544779469155e-269
5.288	3.132915032910384e-267
5.29275	3.3988213357795904e-265
5.2975	3.6213378145063186e-263
5.30225	3.789402419078311e-261
5.3069999999999995	3.8943358356024335e-259
5.31175	3.930583788810059e-257
5.3165	3.8962041162078867e-255
5.32125	3.793039170275178e-253
5.326	3.626552250387329e-251
5.33075	3.4053482746260903e-249
5.3355	3.140437218160612e-247
5.34025	2.8443280281034085e-245
5.345	2.5300565637507707e-243
5.34975	2.21025186194167e-241
5.3545	1.8963316088593272e-239
5.35925	1.5978933440832087e-237
5.364	1.3223373834970007e-235
5.3687499999999995	1.0747259832259273e-233
5.3735	8.57855630712191e-232
5.3782499999999995	6.724990082600476e-230
5.383	5.177618827603989e-228
5.38775	3.914979443804583e-226
5.3925	2.9073002249965404e-224
5.39725	2.120368102419554e-222
5.402	1.5187756560562686e-220
5.40675	1.0684076204953115e-218
5.4115	7.381443693147628e-217
5.41625	5.00848791350422e-215
5.421	3.3375896002484183e-213
5.42575	2.184339913657596e-211
5.430499999999999	1.4040044819988847e-209
5.43525	8.862938820301319e-208
5.4399999999999995	5.494750703372865e-206
5.44475	3.3456400913794184e-204
5.4495	2.0006514388447631e-202
5.45425	1.1749641787480663e-200
5.459	6.777020614385864e-199
5.46375	3.838963398990605e-197
5.4685	2.1357485539683915e-195
5.47325	1.1669365830884816e-193
5.478	6.261889126653024e-192
5.48275	3.3000800673756677e-190
5.4875	1.708065673289484e-188
5.49225	8.682516899643769e-187
5.497	4.3345867026663856e-185
5.5017499999999995	2.1252534801953574e-183
5.5065	1.0233749031458728e-181
5.5112499999999995	4.839714837293061e-180
5.516	2.2478419330742206e-178
5.52075	1.0253514471620207e-176
5.5255	4.5934681918639e-175
5.53025	2.021015585402714e-173
5.535	8.732922308911818e-172
5.53975	3.706043520831796e-170
5.5445	1.5446227181394665e-168
5.54925	6.322594159125726e-167
5.554	2.541728613792683e-165
5.55875	1.0035153847016466e-163
5.5634999999999994	3.891167056600849e-162
5.56825	1.4818242664476167e-160
5.5729999999999995	5.542101983505865e-159
5.57775	2.035697805770283e-157
5.5825	7.343668909854773e-156
5.58725	2.6017996618911385e-154
5.592	9.053064238014464e-153
5.59675	3.093700985848562e-151
5.6015	1.038298087386343e-149
5.60625	3.422368397441539e-148
5.611	1.107879291034655e-146
5.61575	3.5222413928145284e-145
5.6205	1.099782420065366e-143
5.62525	3.372526839154115e-142
5.63	1.0156990364600535e-140
5.6347499999999995	3.0042471024414307e-139
5.6395	8.727045617434905e-138
5.6442499999999995	2.4897734174801835e-136
5.649	6.9761111267501e-135
5.65375	1.9196760164292276e-133
5.6585	5.188041872051288e-132
5.66325	1.3770191839874886e-130
5.668	3.5895292234872635e-129
5.67275	9.189586725990094e-128
5.6775	2.3105504343108856e-126
5.68225	5.705528895653631e-125
5.687	1.383685373987685e-123
5.69175	3.2956400812139407e-122
5.6964999999999995	7.709091251605978e-121
5.70125	1.771036783416242e-119
5.7059999999999995	3.995884815605833e-118
5.71075	8.854403823713342e-117
5.7155	1.9269332634283298e-115
5.72025	4.118461467792501e-114
5.725	8.644986611861667e-113
5.72975	1.782192565199182e-111
5.7345	3.608327221813134e-110
5.73925	7.174938559702671e-109
5.744	1.4011719765209926e-107
5.74875	2.687358980001083e-106
5.7535	5.061985646223431e-105
5.75825	9.364338832193662e-104
5.763	1.701352541781827e-102
5.7677499999999995	3.0357953653629634e-101
5.7725	5.320000309630835e-100
5.7772499999999996	9.156126962281654e-99
5.782	1.5476506672856363e-97
5.78675	2.569183102881836e-96
5.7915	4.188689416516658e-95
5.79625	6.706906414346005e-94
5.801	1.0546960462557876e-92
5.80575	1.628896064951924e-91
5.8105	2.470702273824106e-90
5.81525	3.680513713949935e-89
5.82	5.384649636470847e-88
5.82475	7.7369082170152375e-87
5.8294999999999995	1.0917882700677035e-85
5.83425	1.5131096039405102e-84
5.8389999999999995	2.05950730250939e-83
5.84375	2.7530700964061546e-82
5.8485	3.6143664872078573e-81
5.85325	4.6602379155527954e-80
5.858	5.901263076012138e-79
5.86275	7.339100707351518e-78
5.8675	8.963997012774067e-77
5.87225	1.0752799397015451e-75
5.877	1.2667834151974057e-74
5.88175	1.4656969318015407e-73
5.8865	1.665508958865004e-72
5.891249999999999	1.8587062193972425e-71
5.896	2.0372086697408715e-70
5.9007499999999995	2.192912302155965e-69
5.9055	2.318291253735173e-68
5.91025	2.4069979154189636e-67
5.915	2.454394766160805e-66
5.91975	2.4579559914259327e-65
5.9245	2.4174904881810123e-64
5.92925	2.3351588546456997e-63
5.934	2.2152822627723764e-62
5.93875	2.0639667433818888e-61
5.9435	1.8885883434953232e-60
5.94825	1.6971995153694482e-59
5.953	1.4979229609046393e-58
5.95775	1.2983956186767638e-57
5.9624999999999995	1.1053137925519896e-56
5.96725	9.241130898868595e-56
5.9719999999999995	7.587970594658308e-55
5.97675	6.119094229337849e-54
5.9815	4.846292554291456e-53
5.98625	3.769581162622987e-52
5.991	2.879635733850278e-51
5.99575	2.1604439043455013e-50
6.0005	1.5918766748233354e-49
6.00525	1.1519584868046005e-48
6.01	8.187008149917194e-48
6.01475	5.714452161349058e-47
6.0195	3.917283151333058e-46
6.024249999999999	2.6372804322005382e-45
6.029	1.743767764196028e-44
6.0337499999999995	1.1323533309510077e-43
6.0385	7.221647127538187e-43
6.04325	4.523259977770888e-42
6.048	2.7824528947287846e-41
6.05275	1.6809897921340127e-40
6.0575	9.97386111090411e-40
6.06225	5.811958986080356e-39
6.067	3.326157041307165e-38
6.07175	1.8694934333830572e-37
6.0765	1.031967743152757e-36
6.08125	5.594603150496694e-36
6.086	2.9787457329767673e-35
6.09075	1.557609421751338e-34
6.0954999999999995	7.999165501669274e-34
6.10025	4.0345191746010393e-33
6.1049999999999995	1.9984802924695608e-32
6.10975	9.722298269084063e-32
6.1145	4.645142012360894e-31
6.11925	2.1796664313947375e-30
6.124	1.004481772211635e-29
6.12875	4.5462683744271573e-29
6.1335	2.020826661336586e-28
6.13825	8.82193881347393e-28
6.143	3.782335110457912e-27
6.14775	1.5926375526038163e-26
6.1525	6.586199532749729e-26
6.1572499999999994	2.6749384935044664e-25
6.162	1.0669736685656453e-24
6.1667499999999995	4.17979120364165e-24
6.1715	1.6081126125955082e-23
6.17625	6.076301475993899e-23
6.181	2.2548785378419346e-22
6.18575	8.218034824324497e-22
6.1905	2.9415334147556163e-21
6.19525	1.0340477160078677e-20
6.2	3.570001164675594e-20
6.20475	1.2104786126404055e-19
6.2095	4.030944956676157e-19
6.21425	1.3183101618398883e-18
6.218999999999999	4.234374993745178e-18
6.22375	1.3357402640118062e-17
6.2284999999999995	4.1382402746716494e-17
6.23325	1.2591294255478498e-16
6.2379999999999995	3.7625824748280154e-16
6.24275	1.1042379478024528e-15
6.2475	3.1827336219326434e-15
6.25225	9.009462888830217e-15
6.257	2.5047160230700808e-14
6.26175	6.838786913421882e-14
6.2665	1.833836592815455e-13
6.27125	4.829511245192867e-13
6.276	1.2491273382128944e-12
6.28075	3.1730084575721054e-12
6.2855	7.915834955799256e-12
6.2902499999999995	1.9394706695253873e-11
6.295	4.666923546378228e-11
6.2997499999999995	1.1029076296245396e-10
6.3045	2.559815004698424e-10
6.30925	5.834975063317485e-10
6.314	1.3062623602735639e-09
6.31875	2.8719892240193318e-09
6.3235	6.2014919431612976e-09
6.32825	1.3151356367163867e-08
6.333	2.73908741883046e-08
6.33775	5.6027626480484214e-08
6.3425	1.1255363899660114e-07
6.34725	2.2206383800061337e-07
6.351999999999999	4.302859118867432e-07
6.35675	8.188368839300839e-07
6.3614999999999995	1.5303777802385178e-06
6.36625	2.8090591918501096e-06
6.3709999999999996	5.0638882654527146e-06
6.37575	8.96537217228411e-06
6.3805	1.558882981244651e-05
6.38525	2.662071361583107e-05
6.39	4.4646442107919426e-05
6.39475	7.353853982200402e-05
6.3995	0.00011896087054800613
6.40425	0.0001889967123839546
6.409	0.0002948936020054667
6.41375	0.0004518948952296102
6.4185	0.0006800964457610071
6.4232499999999995	0.001005227959468906
6.428	0.00145921605244743
6.4327499999999995	0.002080346239446128
6.4375	0.0029128131753617488
6.44225	0.004005443620818252
6.447	0.005409406275743579
6.45175	0.007174796085713974
6.4565	0.009346101842552992
6.46125	0.011956730494586974
6.466	0.01502295464641289
6.47075	0.018537845424843116
6.4755	0.02246591655947471
6.48025	0.02673929860451902
6.484999999999999	0.0312562495295058
6.48975	0.035882666124478456
6.4944999999999995	0.04045698622227821
6.49925	0.04479848586225619
6.504	0.04871852467017503
6.50875	0.052033843381084355
6.5135	0.05458064545882368
6.51825	0.05622797119230944
6.523	0.05688884869286379
6.52775	0.056527901105226395
6.5325	0.055164484039755615
6.53725	0.052870965990510554
6.542	0.04976636434778789
6.54675	0.04600611586011277
6.5515	0.04176920481634021
6.5562499999999995	0.037244129725026213
6.561	0.03261522947617121
6.5657499999999995	0.02805072115130876
6.5705	0.02369346664457861
6.57525	0.019655050754355786
6.58	0.016013295423230347
6.58475	0.012812923898756004
6.5895	0.010068777922586692
6.59425	0.007770809495533334
6.599	0.005890019693063966
6.60375	0.004384582196531656
6.6085	0.00320553608351353
6.61325	0.002301622573920597
6.617999999999999	0.001623037414800827
6.62275	0.0011240456237046358
6.6274999999999995	0.0007645402097402087
6.63225	0.0005107139353856598
6.637	0.00033505497408712134
6.64175	0.00021588149440510455
6.6465	0.00013660787835594312
6.65125	8.489792225049796e-05
6.656	5.181784666362945e-05
6.66075	3.106151583934085e-05
6.6655	1.8286345249745213e-05
6.67025	1.0572852384652922e-05
6.675	6.003692040782874e-06
6.679749999999999	3.34815557676191e-06
6.6845	1.8338078917399869e-06
6.6892499999999995	9.864226354236317e-07
6.694	5.21114558268573e-07
6.6987499999999995	2.703736521362311e-07
6.7035	1.377705884224412e-07
6.70825	6.894609029126121e-08
6.713	3.3886269373104295e-08
6.71775	1.635681940041902e-08
6.7225	7.75416329977918e-09
6.72725	3.610206233464634e-09
6.732	1.6507832943190346e-09
6.73675	7.413257802054724e-10
6.7415	3.2695586032764504e-10
6.74625	1.4162180762869094e-10
6.7509999999999994	6.024654209314048e-11
6.75575	2.5170688885431865e-11
6.7604999999999995	1.0328067385611347e-11
6.76525	4.162018521387489e-12
6.77	1.647213674036041e-12
6.77475	6.402607127405603e-13
6.7795	2.4441325411356467e-13
6.78425	9.163336545610869e-14
6.789	3.37398778594994e-14
6.79375	1.220097000348267e-14
6.7985	4.3331746853963846e-15
6.80325	1.5113986147364326e-15
6.808	5.177413203912651e-16
6.812749999999999	1.7418374295565177e-16
6.8175	5.75523941801598e-17
6.8222499999999995	1.8675840487739496e-17
6.827	5.951931186422144e-18
6.8317499999999995	1.862930407860999e-18
6.8365	5.726593372382181e-19
6.84125	1.7288489306189617e-19
6.846	5.1260015075010755e-20
6.85075	1.4926617297136536e-20
6.8555	4.2687925625868736e-21
6.86025	1.1989737889232377e-21
6.865	3.307313101803217e-22
6.86975	8.959874328157682e-23
6.8745	2.3839081028864732e-23
6.87925	6.2292833495599956e-24
6.8839999999999995	1.598628851536434e-24
6.88875	4.029194128515331e-25
6.8934999999999995	9.973549087403087e-26
6.89825	2.424612776815788e-26
6.903	5.788937291065492e-27
6.90775	1.3576051072926715e-27
6.9125	3.135236605360681e-28
6.91725	7.496066762803261e-29
6.922	3.4953096505257895e-29
6.92675	8.884092108780676e-29
6.9315	3.7297692894138195e-28
6.93625	1.593389208020919e-27
6.941	6.697244388510654e-27
6.945749999999999	2.764836585445083e-26
6.9505	1.1210000810123397e-25
6.9552499999999995	4.4637811815429705e-25
6.96	1.745665942641877e-24
6.9647499999999996	6.704715681264033e-24
6.9695	2.529068413319228e-23
6.97425	9.369184120297785e-23
6.979	3.408819098381221e-22
6.98375	1.218055619505357e-21
6.9885	4.2745585455755295e-21
6.99325	1.4732498455057513e-20
6.998	4.986806574506878e-20
7.00275	1.6577904257357697e-19
7.007499999999999	5.412497583572882e-19
7.01225	1.7355086732902293e-18
7.0169999999999995	5.465335737574707e-18
7.02175	1.690315944528897e-17
7.0264999999999995	5.1342843207755785e-17
7.03125	1.5316266918430796e-16
7.036	4.487318771838958e-16
7.04075	1.291165469081368e-15
7.0455	3.6486975740899945e-15
7.05025	1.0126393922749572e-14
7.055	2.7601504301057873e-14
7.05975	7.388761886653452e-14
7.0645	1.9425471754510827e-13
7.06925	5.015710512826887e-13
7.074	1.2719040070534084e-12
7.078749999999999	3.1676500249176795e-12
7.0835	7.74784698139714e-12
7.0882499999999995	1.861169219607518e-11
7.093	4.3908810553209086e-11
7.09775	1.0173689255406215e-10
7.1025	2.3150813097630065e-10
7.10725	5.173864060964963e-10
7.112	1.135598377590418e-09
7.11675	2.4479102880376144e-09
7.1215	5.182355677714971e-09
7.12625	1.0775065522385681e-08
7.131	2.2002579949958885e-08
7.13575	4.412536190070153e-08
7.140499999999999	8.690883684660655e-08
7.14525	1.6811272170464503e-07
7.1499999999999995	3.193730058220115e-07
7.15475	5.958772663632923e-07
7.1594999999999995	1.091883774400107e-06
7.16425	1.964974833702376e-06
7.169	3.4729502121531976e-06
7.17375	6.028386752124407e-06
7.1785	1.0276959399386266e-05
7.18325	1.7206366110522016e-05
7.188	2.8292717464241558e-05
7.19275	4.56899992076681e-05
7.1975	7.246505447681675e-05
7.20225	0.00011287482245522001
7.207	0.00017267383003716666
7.211749999999999	0.0002594280604642488
7.2165	0.0003827968544899153
7.2212499999999995	0.000554728855517889
7.226	0.0007895036457840093
7.23075	0.0011035410905516963
7.2355	0.0015148996514059553
7.24025	0.0020423972295935786
7.245	0.002704316725267615
7.24975	0.003516704662129812
7.2545	0.004491332983372912
7.25925	0.005633465615453456
7.264	0.006939642780684887
7.26875	0.00839575436917746
7.273499999999999	0.009975704797259063
7.27825	0.011640963062991496
7.2829999999999995	0.013341235209779064
7.28775	0.01501639166950375
7.2924999999999995	0.01659963774399525
7.29725	0.018021749758200683
7.302	0.019216037203989837
7.30675	0.02012356049997247
7.3115	0.020698060472077253
7.31625	0.020910057102954918
7.321	0.02074965705329163
7.32575	0.020227763099658718
7.3305	0.01937558154847021
7.33525	0.018242543562887372
7.34	0.016892956851503757
7.3447499999999994	0.015401851795012198
7.3495	0.013850556419222436
7.3542499999999995	0.012322516820621961
7.359	0.010899778230212896
7.36375	0.009660375640151894
7.3685	0.00867668131120561
7.37325	0.008014554616107231
7.378	0.007732972564902813
7.38275	0.0078837166462176
7.3875	0.008510673323011197
7.39225	0.00964837915411027
7.397	0.01131960066578411
7.40175	0.013531963532176478
7.406499999999999	0.016273902914938528
7.41125	0.01951045566565465
7.4159999999999995	0.02317961039287877
7.42075	0.027190030801705508
7.4254999999999995	0.03142093920115436
7.43025	0.03572477623669315
7.435	0.03993294847318203
7.43975	0.04386457136224964
7.4445	0.047337667859450136
7.44925	0.05018186378552384
7.454	0.05225130401714814
7.45875	0.05343636144524302
7.4635	0.053672761357689246
7.468249999999999	0.052947001461588566
7.473	0.05129737926726705
7.4777499999999995	0.04881047904051166
7.4825	0.04561353463737025
7.4872499999999995	0.04186358272135156
7.492	0.03773467648698952
7.49675	0.033404593529574055
7.5015	0.02904242864212524
7.50625	0.024798234728480556
7.511	0.02079551359531967
7.51575	0.017126931332260696
7.5205	0.01385321160329802
7.52525	0.011004805627558957
7.53	0.008585691434009723
7.53475	0.00657853461989805
7.539499999999999	0.004950442721227537
7.54425	0.003658641878450543
7.5489999999999995	0.0026555638491762017
7.55375	0.0018930172853037063
7.5584999999999996	0.0013252975530580829
7.56325	0.0009112408855241269
7.568	0.0006153383510595711
7.57275	0.00040808981325157615
7.5775	0.00026580216211453587
7.58225	0.00017002870582052344
7.587	0.00010681862263157356
7.59175	6.59071728811189e-05
7.5965	3.9937362150836115e-05
7.601249999999999	2.376769440119525e-05
7.606	1.3891710293963967e-05
7.6107499999999995	7.974167707265405e-06
7.6155	4.495479249070016e-06
7.6202499999999995	2.4890155740013423e-06
7.625	1.3534437638187872e-06
7.62975	7.227927725864226e-07
7.6345	3.790952752898171e-07
7.63925	1.952737771884314e-07
7.644	9.878715236226471e-08
7.64875	4.908151854084814e-08
7.6535	2.394950269831355e-08
7.65825	1.147720115662373e-08
7.663	5.401774763490557e-09
7.66775	2.4968815156203247e-09
7.672499999999999	1.1334970172142466e-09
7.67725	5.05363432351481e-10
7.6819999999999995	2.2128309142376206e-10
7.68675	9.515982424216121e-11
7.6915	4.019018608013852e-11
7.69625	1.6670452458254432e-11
7.701	6.791031458223444e-12
7.70575	2.716971493431712e-12
7.7105	1.0675676521172475e-12
7.71525	4.1197106547072155e-13
7.72	1.561345471791577e-13
7.72475	5.811554113148755e-14
7.7295	2.1244501680503214e-14
7.734249999999999	7.627141362121616e-15
7.739	2.689292418179771e-15
7.7437499999999995	9.312692088421374e-16
7.7485	3.1671850940125287e-16
7.7532499999999995	1.0578708017566889e-16
7.758	3.470186376875257e-17
7.76275	1.1179797964676298e-17
7.7675	3.537334213485989e-18
7.77225	1.0992063247486394e-18
7.777	3.354619963756951e-19
7.78175	1.0054683867615573e-19
7.7865	2.959746380535565e-20
7.79125	8.5566065066041e-21
7.795999999999999	2.4294591860644162e-21
7.80075	6.77452171296695e-22
7.805499999999999	1.8552765498076556e-22
7.81025	4.9899897786557446e-23
7.8149999999999995	1.3181099591525139e-23
7.81975	3.419515773621435e-24
7.8245	8.712415239090072e-25
7.82925	2.180085393542967e-25
7.834	5.357589428202626e-26
7.83875	1.293082807131907e-26
7.8435	3.0650970516469306e-27
7.84825	7.135478599294607e-28
7.853	1.631409436830719e-28
7.85775	3.663226876993965e-29
7.8625	8.078405487106305e-30
7.867249999999999	1.7496390549612803e-30
7.872	3.7216220394025165e-31
7.8767499999999995	7.774582029388897e-32
7.8815	1.5950812866292674e-32
7.8862499999999995	3.214027396320305e-33
7.891	6.360295791259343e-34
7.89575	1.2361353806781197e-34
7.9005	2.3594769835199502e-35
7.90525	4.423096738402738e-36
7.91	8.143256515277094e-37
7.91475	1.4724168455151635e-37
7.9195	2.614715395723025e-38
7.92425	4.5601492319723786e-39
7.928999999999999	7.810784776066757e-40
7.93375	1.3139271042351048e-40
7.9384999999999994	2.1707452359256252e-41
7.94325	3.5221465823809283e-42
7.9479999999999995	5.612637329500079e-43
7.95275	8.783902757297144e-44
7.9575	1.3501096539107826e-44
7.96225	2.0380345901755276e-45
7.967	3.0214474367495143e-46
7.97175	4.399258892666321e-47
7.9765	6.290787025946458e-48
7.98125	8.834692312958153e-49
7.986	1.2185373904385515e-49
7.99075	1.6506206558340716e-50
7.9955	2.195920817141251e-51
8.00025	2.869109084965594e-52
8.004999999999999	3.681615502950447e-53
8.00975	4.6397094428915974e-54
8.0145	5.7425412406244145e-55
8.01925	6.980370043516169e-56
8.024000000000001	8.333237392158744e-57
8.028749999999999	9.770348308010103e-58
8.0335	1.1250383412505864e-58
8.03825	1.2722884514044235e-59
8.043	1.413073758367896e-60
8.04775	1.5413634704974187e-61
8.0525	1.6512250849869512e-62
8.05725	1.7372746308101292e-63
8.062	1.7951124642429577e-64
8.066749999999999	1.821695693672995e-65
8.0715	1.8156033925231986e-66
8.07625	1.7771624322625084e-67
8.081	1.708418427145833e-68
8.08575	1.612955385002065e-69
8.090499999999999	1.4955861926781236e-70
8.09525	1.361951128751887e-71
8.1	1.2180709491247606e-72
8.10475	1.0699035573549314e-73
8.1095	9.229489120449786e-75
8.11425	7.81936844729248e-76
8.119	6.506189034726967e-77
8.123750000000001	5.316706198914587e-78
8.128499999999999	4.266970407847295e-79
8.13325	3.3632378710414367e-80
8.138	2.603493651189756e-81
8.14275	1.9793219727274374e-82
8.1475	1.4778738115478834e-83
8.152249999999999	1.0837253828123518e-84
8.157	7.804806173451816e-86
8.16175	5.520341989640263e-87
8.1665	3.834695019140916e-88
8.17125	2.6161139695884672e-89
8.176	1.7528448419258824e-90
8.18075	1.1534300842844306e-91
8.185500000000001	7.454183146442536e-93
8.190249999999999	4.7311838848861407e-94
8.195	2.9491752558247794e-95
8.19975	1.8054784934197086e-96
8.2045	1.0855380285742774e-97
8.20925	6.410010627853823e-99
8.213999999999999	3.717349899993469e-100
8.21875	2.117235259993424e-101
8.2235	1.1843110438624802e-102
8.22825	6.506140309016192e-104
8.233	3.510282388856012e-105
8.23775	1.860037371823429e-106
8.2425	9.679708293736003e-108
8.247250000000001	4.947249961590126e-109
8.251999999999999	2.483284184071452e-110
8.25675	1.224193236848359e-111
8.2615	5.926994357820225e-113
8.26625	2.818253378835137e-114
8.271	1.3160928917489933e-115
8.275749999999999	6.036066770186806e-117
8.2805	2.7188328686956075e-118
8.28525	1.2027406032239408e-119
8.29	5.225434617700734e-121
8.29475	2.2296353854159129e-122
8.2995	9.343428423589953e-124
8.30425	3.845383534157535e-125
8.309000000000001	1.5542971343009352e-126
8.313749999999999	6.170060391354744e-128
8.3185	2.4055022530092457e-129
8.32325	9.210497855267989e-131
8.328	3.4635497336769843e-132
8.33275	1.2791478201970659e-133
8.337499999999999	4.6396052014783586e-135
8.34225	1.6527314934212551e-136
8.347	5.782086222504137e-138
8.35175	1.9866794932171937e-139
8.3565	6.703969641092065e-141
8.36125	2.2217605623371828e-142
8.366	7.231417779353179e-144
8.370750000000001	2.3115890920640924e-145
8.375499999999999	7.257028101787376e-147
8.38025	2.2375253163021605e-148
8.385	6.775449230413846e-150
8.38975	2.014972937191143e-151
8.3945	5.885201328757512e-153
8.399249999999999	1.688163148767645e-154
8.404	4.755853758935826e-156
8.40875	1.3158414179943268e-157
8.413499999999999	3.575523176753478e-159
8.41825	9.541938811928321e-161
8.423	2.5008902977231983e-162
8.42775	6.43744661768155e-164
8.432500000000001	1.6273974242656928e-165
8.437249999999999	4.040495175031329e-167
8.442	9.852275448707115e-169
8.44675	2.359388632662348e-170
8.4515	5.549110904339776e-172
8.45625	1.2817647130624093e-173
8.460999999999999	2.907730838731599e-175
8.46575	6.4783003382471905e-177
8.4705	1.4175191631044113e-178
8.475249999999999	3.0461955807664723e-180
8.48	6.429061990575744e-182
8.48475	1.3325957614015549e-183
8.4895	2.7127528373026893e-185
8.494250000000001	5.423542026432334e-187
8.498999999999999	1.064919495702202e-188
8.50375	2.0535795479431732e-190
8.5085	3.889262602763886e-192
8.51325	7.23409136489889e-194
8.518	1.3214833509344803e-195
8.52275	2.3708298519451945e-197
8.5275	4.177342289236748e-199
8.53225	7.228708679470237e-201
8.536999999999999	1.228520386330189e-202
8.54175	2.0505246624708972e-204
8.5465	3.3613103373494685e-206
8.55125	5.411444513693931e-208
8.556	8.556157945755555e-210
8.56075	1.3286339966875373e-211
8.5655	2.0262494654683745e-213
8.57025	3.034879487827644e-215
8.575	4.464275335343165e-217
8.57975	6.44943215036003e-219
8.5845	9.150671588246722e-221
8.58925	1.2751035196680689e-222
8.594	1.7450139557719945e-224
8.598749999999999	2.3453807118453256e-226
8.6035	3.095913218625371e-228
8.60825	4.013517790174271e-230
8.613	5.1100198929424826e-232
8.61775	6.3897074389545e-234
8.6225	7.846940174556311e-236
8.62725	9.464129926843247e-238
8.632	1.1210423791072813e-239
8.63675	1.3041404100133637e-241
8.6415	1.4900047681981016e-243
8.64625	1.671906356261962e-245
8.651	1.8424564198275802e-247
8.65575	1.9940841615592363e-249
8.660499999999999	2.119584468481757e-251
8.66525	2.212681769045013e-253
8.67	2.2685490361823157e-255
8.67475	2.2842223130163094e-257
8.679499999999999	2.2588612350341005e-259
8.68425	2.193823679968055e-261
8.689	2.0925453168952888e-263
8.69375	1.9602389242782408e-265
8.6985	1.8034500988952618e-267
8.70325	1.6295220287645354e-269
8.708	1.446030077376497e-271
8.71275	1.2602462141224655e-273
8.7175	1.0786845568983911e-275
8.722249999999999	9.067644924322048e-278
8.727	7.486098451899886e-280
8.73175	6.069844256617231e-282
8.7365	4.833486900844604e-284
8.741249999999999	3.78011079039668e-286
8.746	2.9034175388310132e-288
8.75075	2.1901580075804735e-290
8.7555	1.6225660487736338e-292
8.76025	1.1805660924254045e-294
8.765	8.436051283842056e-297
8.76975	5.920373438607039e-299
8.7745	4.080561958021957e-301
8.77925	2.7621791069849546e-303
8.783999999999999	1.8363044221368692e-305
8.78875	1.1989429237537275e-307
8.7935	7.6879990698983e-310
8.79825	4.841602382376e-312
8.802999999999999	2.9945109296e-314
8.80775	1.81896216e-316
8.8125	1.08513e-318
8.81725	6.36e-321
8.822	3.5e-323
8.82675	0.0
8.8315	0.0
8.83625	0.0
8.841	0.0
8.84575	0.0
8.8505	0.0
8.85525	0.0
8.86	0.0
8.864749999999999	0.0
8.8695	0.0
8.87425	0.0
8.879	0.0
8.88375	0.0
8.8885	0.0
8.89325	3.56e-322
8.898	6.192e-320
8.90275	1.0534275e-317
8.9075	1.76012384e-315
8.91225	2.88830257227e-313
8.917	4.65482259024e-311
8.92175	7.36757497742657e-309
8.926499999999999	1.1452676136115491e-306
8.93125	1.74843857604214e-304
8.936	2.6215295926281017e-302
8.94075	3.860291795897108e-300
8.9455	5.582728243452641e-298
8.95025	7.929281319140461e-296
8.955	1.1060688189582735e-293
8.95975	1.5152749967037076e-291
8.9645	2.0387395565783319e-289
8.96925	2.693971682173208e-287
8.974	3.496111603569747e-285
8.97875	4.455931787575576e-283
8.9835	5.577669342164329e-281
8.988249999999999	6.856902591754257e-279
8.993	8.278738788363603e-277
8.99775	9.816606089494026e-275
9.0025	1.143192939555574e-272
9.007249999999999	1.3074909372689524e-270
9.012	1.4686517449290274e-268
9.01675	1.6201676209512986e-266
9.0215	1.755343260157771e-264
9.02625	1.8677775378679694e-262
9.031	1.9518625209137693e-260
9.03575	2.003246009502527e-258
9.0405	2.0192046245975732e-256
9.04525	1.9988829463193123e-254
9.049999999999999	1.9433694796746341e-252
9.05475	1.8556000590351976e-250
9.0595	1.7401006210110064e-248
9.06425	1.6026007105471135e-246
9.068999999999999	1.4495636320768973e-244
9.07375	1.2876867373509812e-242
9.0785	1.1234251584351525e-240
9.08325	9.625849179993156e-239
9.088	8.100185128490815e-237
9.09275	6.694402509003452e-235
9.0975	5.433625250630003e-233
9.10225	4.3314023538208744e-231
9.107	3.391004441164204e-229
9.111749999999999	2.6072890069069936e-227
9.1165	1.9688424886670973e-225
9.12125	1.460137508034434e-223
9.126	1.0635000778736164e-221
9.130749999999999	7.607505577049695e-220
9.1355	5.344511518312706e-218
9.14025	3.687523018355326e-216
9.145	2.4987479287653443e-214
9.14975	1.662919166402659e-212
9.1545	1.086878043060873e-210
9.15925	6.976722934856097e-209
9.164	4.39828251386916e-207
9.16875	2.723176258102887e-205
9.1735	1.6558819297983128e-203
9.17825	9.888808488593377e-202
9.183	5.799887240135567e-200
9.18775	3.340843399789023e-198
9.192499999999999	1.8899646100038433e-196
9.19725	1.0500553930289972e-194
9.202	5.729698004427141e-193
9.20675	3.0705221822118233e-191
9.2115	1.6160460453010675e-189
9.21625	8.353263994937194e-188
9.221	4.240525389100529e-186
9.22575	2.1141904813648876e-184
9.2305	1.0352125853648805e-182
9.23525	4.978241464621352e-181
9.24	2.351166347539416e-179
9.24475	1.090565465208618e-177
9.2495	4.967994532812506e-176
9.254249999999999	2.2226519569765154e-174
9.259	9.766136720359144e-173
9.26375	4.214393874851913e-171
9.2685	1.7861109332221985e-169
9.273249999999999	7.434345156161268e-168
9.278	3.0390510564668425e-166
9.28275	1.2200967125948503e-164
9.2875	4.810735751104356e-163
9.29225	1.8629008120861697e-161
9.297	7.084822049023784e-160
9.30175	2.6462394859162756e-158
9.3065	9.707118450713941e-157
9.31125	3.4971358023157576e-155
9.315999999999999	1.2373587967161826e-153
9.32075	4.299716164623071e-152
9.3255	1.4673878191741438e-150
9.33025	4.918254707439591e-149
9.334999999999999	1.6189674141110077e-147
9.33975	5.233909192047058e-146
9.3445	1.6617865662165037e-144
9.34925	5.181855389015622e-143
9.354	1.5869246951676024e-141
9.35875	4.772965912985845e-140
9.3635	1.409877343776659e-138
9.36825	4.0901130791341116e-137
9.373	1.1653336389641966e-135
9.377749999999999	3.2608155682492985e-134
9.3825	8.961138157324648e-133
9.38725	2.4185835512767505e-131
9.392	6.410914743363784e-130
9.396749999999999	1.6689368057732125e-128
9.4015	4.2669815804106596e-127
9.40625	1.0714271035373606e-125
9.411	2.642198692105523e-124
9.41575	6.399253324199904e-123
9.4205	1.522138310483218e-121
9.42525	3.555821204663167e-120
9.43	8.158056311559114e-119
9.43475	1.8382072159776093e-117
9.439499999999999	4.0678339733409675e-116
9.44425	8.84082830140417e-115
9.449	1.8870511745094657e-113
9.45375	3.9558096369975314e-112
9.458499999999999	8.144193338645997e-111
9.46325	1.6467275467350324e-109
9.468	3.2700651902129958e-108
9.47275	6.377523319545403e-107
9.4775	1.2215427897199176e-105
9.48225	2.29787446174282e-104
9.487	4.2452658973914365e-103
9.49175	7.702726542346953e-102
9.4965	1.3726033287103571e-100
9.50125	2.402185825791398e-99
9.506	4.128850300497162e-98
9.51075	6.969677107232796e-97
9.5155	1.1554659836208942e-95
9.520249999999999	1.881319925712559e-94
9.525	3.00835532461352e-93
9.52975	4.7245080194210894e-92
9.5345	7.286937339125297e-91
9.53925	1.1038103555081418e-89
9.544	1.6421199518975675e-88
9.54875	2.3992542686652413e-87
9.5535	3.4427751461483445e-86
9.55825	4.851790352569957e-85
9.563	6.715160213239627e-84
9.56775	9.127917694515592e-83
9.5725	1.2185631389845688e-81
9.57725	1.59766360747739e-80
9.581999999999999	2.0572337153340854e-79
9.58675	2.6016142837673893e-78
9.5915	3.231194999634433e-77
9.59625	3.941344641854732e-76
9.600999999999999	4.72157226797614e-75
9.60575	5.555074080121819e-74
9.6105	6.418803090144758e-73
9.61525	7.284155958696491e-72
9.62	8.118305740667156e-71
9.62475	8.886127801755342e-70
9.6295	9.552580178756719e-69
9.63425	1.0085323021544526e-67
9.639	1.0457308456590239e-66
9.643749999999999	1.0649053498280192e-65
9.6485	1.0650330470966172e-64
9.65325	1.0461070846899989e-63
9.658	1.0091371338889405e-62
9.662749999999999	9.560601493640938e-62
9.6675	8.895722558790188e-61
9.67225	8.129020664569117e-60
9.677	7.295519290240426e-59
9.68175	6.430358370625613e-58
9.6865	5.566409198171152e-57
9.69125	4.73234137287346e-56
9.696	3.951281639062714e-55
9.70075	3.2401184859612706e-54
9.705499999999999	2.6094247790661743e-53
9.71025	2.0639047801132564e-52
9.715	1.603228838599214e-51
9.71975	1.2231011098285053e-50
9.724499999999999	9.164107790435486e-50
9.72925	6.7434012484519065e-49
9.734	4.873363427522916e-48
9.73875	3.458912550541234e-47
9.7435	2.411078493131367e-46
9.74825	1.650608589339355e-45
9.753	1.1097824098393351e-44
9.75775	7.328119751964159e-44
9.7625	4.752348305291093e-43
9.76725	3.026808557110232e-42
9.772	1.8933139189838496e-41
9.77675	1.1631113316703404e-40
9.7815	7.017475913920179e-40
9.786249999999999	4.1581634730299056e-39
9.791	2.419820613994301e-38
9.79575	1.3830114309511247e-37
9.8005	7.762995812286267e-37
9.80525	4.2795087500646395e-36
9.81	2.3169649823781024e-35
9.81475	1.2319866622983285e-34
9.8195	6.4335921628194834e-34
9.82425	3.299605599417408e-33
9.829	1.662001922228789e-32
9.83375	8.221707010406173e-32
9.8385	3.994417494750124e-31
9.84325	1.9059254040272788e-30
9.847999999999999	8.931395619177293e-30
9.85275	4.110491361447974e-29
9.8575	1.8579291012622497e-28
9.86225	8.247560676347853e-28
9.866999999999999	3.595695328963153e-27
9.87175	1.5395763713496686e-26
9.8765	6.474117436445534e-26
9.88125	2.6737505899233543e-25
9.886	1.084481626307968e-24
9.89075	4.320007373381715e-24
9.8955	1.690081945230817e-23
9.90025	6.493697012490301e-23
9.905	2.450401584260115e-22
9.909749999999999	9.081205272509994e-22
9.9145	3.3052986426169106e-21
9.91925	1.1815140828960176e-20
9.924	4.1478981542122216e-20
9.928749999999999	1.4301390024886236e-19
9.9335	4.842720473325399e-19
9.93825	1.610502997630219e-18
9.943	5.260107959145433e-18
9.94775	1.6872862314773678e-17
9.9525	5.3154966903103913e-17
9.95725	1.6445986375296258e-16
9.962	4.997317982924956e-16
9.96675	1.491334373850895e-15
9.971499999999999	4.370932058700202e-15
9.97625	1.25815476973282e-14
9.981	3.55676412945259e-14
9.98575	9.874998699738947e-14
9.990499999999999	2.692650665940859e-13
9.99525	7.210808537416166e-13
