1.201032993225767243e+01
-9.309748255102759081e-04
-2.490542831824333475e-03
-2.266137921055851656e+00
-8.919876028874229590e+00
-2.433542572825981437e-03
-2.845093912626460875e-03
4.053534131738268265e+00
-5.637401118535110278e+00
-7.973922356770214437e-01
1.001750377410199455e+00
-5.376616750699343417e-01
4.425131492479578502e-03
1.765961078044391399e-03
4.947584120978472562e-03
1.058540703846934730e-02
7.479401461142793110e-04
-1.292181143831165224e+00
2.097150371458722171e-03
-5.164972762565436248e-01
2.801544450193355681e-03
1.502534798401889337e-03
7.892860580917895191e-03
-9.497303802771880910e-02
3.934148608428085850e-03
-9.025393705726546256e-03
-9.710488880795834681e-04
-1.680159311901616714e-01
-8.366828295085225117e-03
-1.776680619839909880e+00
-4.635958276163628343e-03
-1.965952107352043204e-02
3.561928622876183370e-04
1.353722419830943879e-02
4.596063330302900818e-01
-1.567362085275043837e+00
2.156651683602816422e-02
4.594695380847364952e+00
1.799143921675802745e-03
-8.550187394397038357e-04
1.566599840674270591e-02
-5.014000563419811485e-01
-1.007483583876266986e-03
-5.720211211628183079e-03
1.062185614959319624e+00
4.890122561341647134e-01
2.860771688900080711e+00
-4.436808639260009929e-03
2.297759868087158493e-03
1.361731489188408020e-03
-1.807296359319419390e-03
-1.681778852657508927e-01
1.083529509554076231e+00
1.774522809432774878e-02
-2.394657331328692573e-01
-1.526007629341694961e-02
1.584758011328115890e+00
3.579347380383139134e-04
-5.872765939494520651e-03
5.355996814994946620e-01
2.141458616522855588e-02
-4.521605791367921956e-01
-1.968558886296322905e-02
1.676372411841413168e+00
-5.217255605863150951e-03
-1.165892504850628633e-02
6.598165904725373787e-01
8.508418627258472755e-01
7.511490942039438651e-03
1.031901956992506766e-02
1.016915616006502932e-01
3.466523347604179017e-01
-1.487997566763634306e-03
2.731206011704576664e-01
8.087577777619352898e-03
6.921119523058680834e-01
1.118329546690132598e-02
2.907721106534474562e-02
-3.639617386220489470e-01
6.563197427482765113e-03
-5.321368470743350482e-03
-3.256444847146772736e-01
-1.768370723490057861e+00
5.872322374896471638e-03
5.530067842755660434e-01
-8.508740599530816365e-03
-6.348444876936223391e-01
-8.895265967436538287e-03
8.106427532170752811e-04
5.134094053847211049e-03
-6.500667811725137080e-01
-2.168118466649715873e-02
7.258093559970215658e-01
-1.298878371259348796e+00
-1.165141346401181277e+00
4.808796565989828520e-02
-3.624323964391076153e-03
-2.399733967209219214e-03
-1.456127975516839819e-02
4.569879993917951300e-01
-1.510222106841662359e+00
