2.201164743506112131e-02
1.206000000000000041e-03
5.438300000000000078e-02
-5.865000000000000421e-03
-1.353500000000000016e-02
-7.398000000000000062e-03
5.546999999999999847e-03
4.512100000000000138e-02
-3.046999999999999795e-03
-9.417999999999999289e-03
1.394999999999999973e-03
6.920000000000000153e-04
-2.683400000000000021e-02
6.700000000000000226e-04
1.059559999999999946e-01
-1.650499999999999884e-02
-3.524519999999999875e-01
9.501000000000000764e-03
6.662999999999999652e-03
-7.415700000000000069e-02
-4.182899999999999813e-02
-2.043499999999999830e-02
-1.089169999999999999e-01
2.961999999999999789e-03
9.981800000000000395e-02
-2.562000000000000041e-03
-1.697780000000000122e-01
3.418299999999999811e-02
-1.104800000000000053e-02
-1.311690000000000078e-01
1.582790000000000030e-01
3.196000000000000056e-03
-3.017799999999999996e-02
-1.953179999999999916e-01
3.589999999999999875e-03
-8.800000000000000313e-04
4.629000000000000302e-03
-2.678719999999999990e-01
9.400999999999999635e-03
1.035839999999999955e-01
-1.181969999999999965e-01
-4.779000000000000262e-03
4.461999999999999821e-03
-2.482949999999999879e-01
-5.093000000000000305e-03
-4.160999999999999768e-03
1.703000000000000087e-03
2.774190000000000267e-01
1.704999999999999918e-03
-1.251319999999999932e-01
3.609099999999999808e-02
6.179999999999999513e-04
-3.069500000000000006e-02
-1.631300000000000111e-02
1.054999999999999948e-03
1.005140000000000061e-01
4.699999999999999724e-05
-2.187620000000000120e-01
2.320480000000000043e-01
1.170000000000000033e-03
-8.698300000000000476e-02
-9.300000000000000541e-04
1.118000000000000070e-03
3.799000000000000293e-02
4.574099999999999694e-02
1.026330000000000020e-01
-1.337000000000000081e-03
-4.710000000000000102e-04
-1.510000000000000112e-04
-6.974800000000000444e-02
-3.344770000000000243e-01
-2.598000000000000049e-03
-1.145499999999999990e-02
-1.881000000000000076e-03
-9.901500000000000579e-02
-1.083999999999999894e-03
-7.475199999999999900e-02
-3.765000000000000117e-03
2.246000000000000166e-03
-2.420779999999999876e-01
2.324000000000000111e-03
2.713600000000000040e-02
-2.049000000000000040e-03
-2.224260000000000126e-01
3.108000000000000086e-03
4.130000000000000099e-04
3.790600000000000219e-02
4.199999999999999768e-05
-2.261140000000000094e-01
-8.758900000000000019e-02
-3.130000000000000187e-04
-5.880999999999999943e-03
5.950330000000000341e-01
7.510000000000000399e-04
-3.018999999999999982e-03
-1.043000000000000090e-03
6.547400000000000442e-02
8.501000000000000223e-02
3.748300000000000243e-02
2.252999999999999794e-03
-1.456999999999999962e-03
