1.711868605660206821e+00
1.246821960024766234e-03
4.715552151127161418e-02
5.440482214243512749e-01
1.395846658203543367e+00
4.137755993289116141e-02
4.357903172398395336e-02
1.108826415425786971e+00
1.353028365558165191e+00
1.459480695110421944e-01
5.000283659093751609e-01
5.492152127945837403e-01
2.663777074006005996e-02
1.378835015511283143e-03
1.060383574042902677e-01
3.546309170856370430e-01
4.050214438767409456e-03
1.547042291050571006e+00
6.853713170245746833e-02
9.108133887668757867e-01
4.718385509896367430e-02
9.449189489051429761e-03
1.184744630964833789e-01
3.206323557549985992e-01
1.092363093115105155e-01
1.659054697651647647e-01
3.760784826336120018e-02
9.038163485028360977e-01
1.284816534334766447e-01
1.644522688722475534e+00
1.728402189451286042e-01
5.178637700496144802e-01
3.793850704758952586e-02
1.926521046991181985e-01
5.896911712150691987e-01
7.451451757261802200e-01
2.745871559796633776e-01
7.689970888091839374e-01
1.020612414190617302e-02
1.101578628923055997e-01
1.151991575837254117e-01
4.035966357156610118e-01
7.980131891140647069e-03
2.524755417322636641e-01
8.499342286165442184e-01
5.004196773309378399e-01
2.580445617117322898e-01
2.822483728420767668e-01
1.311292597287119499e-01
3.030489866341743929e-02
2.234776351226224964e-02
5.306138980332121280e-01
4.522453116418124197e-01
1.721254269420994035e-02
2.680039538383716113e-01
1.036782485046887775e-01
4.691911685379425156e-01
2.865929919188534569e-01
1.649727910717400658e-01
1.403865623020949804e-01
8.593823840991854368e-02
2.246199646825722540e-01
4.007305433829570079e-02
7.307863827549059277e-01
2.671991532546463474e-02
1.032820648612332859e-01
2.250208363041076021e-01
8.649597933430201724e-02
7.121211133648545910e-02
3.424630626242777809e-01
4.841387072089980981e-01
2.649250752307150680e-01
1.185535883050361367e-02
1.040325057566143518e-01
1.130620640444884167e-01
3.880710870446289762e-02
9.455035860852141483e-02
3.149310652571448155e-01
8.427767398902274998e-02
2.382455165034590983e-01
3.330121539824034554e-02
3.969904367223472397e-01
2.529136702750565124e-01
2.256171192884086074e-01
5.734475504438046878e-01
4.020894925262285743e-03
5.141249816970577813e-01
1.469502930959989684e-01
1.727073350642641114e-01
2.638120516579938249e-02
3.163372550743904776e-01
6.073330775332429488e-01
5.564445328458174078e-01
2.670815934597515207e-01
9.824461351646714136e-02
1.123676891370468667e-01
7.402408994374737317e-02
8.600742245876223657e-02
3.313824078010177421e-02
1.745603033481552824e-01
3.208772215957374496e-01
