-5.471559580481084595e-01
2.500000000000000120e-05
2.059999999999999928e-04
4.715690000000000159e-01
-5.265500000000000042e-02
-8.229999999999999469e-04
1.330000000000000073e-04
6.873569999999999958e-01
-6.965139999999999665e-01
1.359630000000000005e-01
-4.545919999999999961e-01
-5.339469999999999494e-01
-2.809999999999999998e-04
5.099999999999999960e-05
5.659999999999999884e-04
-2.243999999999999901e-03
6.080000000000000335e-04
1.514918999999999905e+00
1.229000000000000058e-03
-5.388399999999999856e-01
1.137999999999999906e-03
-1.000000000000000082e-05
-2.900000000000000017e-05
1.707259999999999889e-01
-3.040000000000000167e-04
-1.248999999999999893e-03
1.178999999999999927e-03
7.458209999999999562e-01
-3.800000000000000209e-05
-9.686090000000000533e-01
3.096999999999999927e-03
-5.178030000000000133e-01
-1.146000000000000100e-03
-1.515999999999999986e-03
2.158569999999999933e-01
-6.823299999999999921e-01
-2.749999999999999840e-03
-5.886810000000000098e-01
-4.699999999999999724e-05
4.440000000000000045e-04
-5.919999999999999698e-04
2.454210000000000003e-01
-5.640000000000000482e-04
-1.258000000000000004e-03
8.452070000000000416e-01
-1.047799999999999947e-02
-2.577929999999999944e-01
2.507999999999999813e-03
2.869999999999999830e-04
1.309000000000000051e-03
-3.967000000000000040e-03
-1.211310000000000026e-01
-4.520250000000000101e-01
3.788999999999999833e-03
2.676120000000000165e-01
1.420000000000000038e-03
-2.815570000000000017e-01
-1.904000000000000093e-03
1.056999999999999997e-03
-1.403409999999999935e-01
-7.029999999999999574e-04
9.877800000000000469e-02
-3.583999999999999946e-03
5.564559999999999507e-01
-1.933000000000000039e-03
2.869999999999999830e-04
2.185489999999999933e-01
8.584500000000000464e-02
-1.869999999999999917e-04
-2.200999999999999832e-03
3.791249999999999898e-01
2.627010000000000178e-01
-3.480000000000000020e-04
-1.493899999999999915e-02
-9.690000000000000262e-04
-2.812100000000000016e-02
-5.360000000000000181e-04
1.364680000000000060e-01
-7.814400000000000512e-02
-3.098000000000000059e-03
2.595000000000000084e-03
-3.898280000000000078e-01
3.883199999999999846e-02
-1.116000000000000021e-03
3.523290000000000033e-01
-2.739999999999999923e-04
-4.443079999999999807e-01
-1.590999999999999966e-03
-9.899999999999999946e-04
-1.250000000000000026e-04
-2.095799999999999885e-01
4.678999999999999999e-03
-5.418389999999999596e-01
-2.205100000000000116e-02
1.622499999999999984e-02
6.333999999999999353e-02
9.680000000000000019e-04
5.150000000000000498e-04
-8.000000000000000654e-05
-1.355049999999999866e-01
-1.251929999999999987e-01
