   1    1   0.00000    3.25780    10.00 100.00     -0.00000   0.00000  -0.00000 
   2    2   0.01730    6.94970    10.00 100.00     -0.00000   0.31860  -0.00000 
   3    3   0.02850    7.66310    10.00 100.00     -0.00000   0.38960  -0.00000 
   4    4   0.00130    7.76450    10.00 100.00      0.08420   0.00000   0.00000 
   5    5   0.05620    7.93610    10.00 100.00     -0.00000  -0.00000   0.53780 
   6    6   0.12940    7.99800    10.00 100.00      0.00000  -0.00000  -0.81250 
   7    7   0.00000    8.51150    10.00 100.00      0.00000   0.00000  -0.00000 
   8    8   0.00000    8.96600    10.00 100.00      0.00000   0.00000  -0.00000 
   9    9   0.03810    9.42040    10.00 100.00     -0.40650  -0.00000  -0.00000 
  10   10   0.06060   10.23240    10.00 100.00      0.49170   0.00000  -0.00000 
  11   11   0.06260   10.25920    10.00 100.00     -0.00000   0.49900   0.00000 
  12   12   0.00000   10.44210    10.00 100.00      0.00000   0.00000  -0.00000 
  13   13   0.00910   11.11540    10.00 100.00     -0.00000  -0.00000  -0.18230 
  14   14   0.00050   11.31770    10.00 100.00     -0.00000  -0.00000   0.04240 
  15   15   0.00150   11.55080    10.00 100.00      0.00000  -0.07360   0.00000 
  16   16   0.03430   11.89610    10.00 100.00      0.00000  -0.00000  -0.34290 
  17   17   0.35510   12.23410    10.00 100.00     -0.00000   0.00000   1.08850 
  18   18   0.00000   12.36250    10.00 100.00     -0.00000  -0.00000  -0.00000 
  19   19   0.03560   12.37820    10.00 100.00      0.00000  -0.34250   0.00000 
  20   20   0.11540   12.44740    10.00 100.00     -0.00000  -0.61510   0.00000 
  21   21   0.02300   12.53790    10.00 100.00      0.27380  -0.00000   0.00000 
  22   22   0.00090   12.74990    10.00 100.00      0.00000  -0.05220  -0.00000 
  23   23   0.01250   12.91030    10.00 100.00     -0.19880   0.00000  -0.00000 
  24   24   0.07200   13.15240    10.00 100.00      0.00000   0.00000  -0.47260 
  25   25   0.03740   13.37450    10.00 100.00     -0.00000   0.33780   0.00000 
  26   26   0.00000   13.46800    10.00 100.00     -0.00000  -0.00000  -0.00000 
  27   27   0.00800   13.80270    10.00 100.00     -0.00000  -0.00000   0.15350 
  28   28   0.00000   14.02650    10.00 100.00      0.00000   0.00000   0.00000 
  29   29   0.00070   14.08710    10.00 100.00      0.04570  -0.00000   0.00000 
  30   30   0.03720   14.49760    10.00 100.00     -0.00000  -0.00000   0.32350 
state state   Osc.      E(eV)      dum   dum        TrDx      TrDy       TrDz 
