   1    1   0.00000    1.20710    10.00 100.00     -0.00000   0.00000   0.00000 
   2    2   0.02700    3.17430    10.00 100.00     -0.00000   0.00000   0.58900 
   3    3   0.00200    3.39500    10.00 100.00     -0.00000  -0.15650   0.00000 
   4    4   0.00000    3.60840    10.00 100.00      0.02360   0.00000   0.00000 
   5    5   0.00640    4.16820    10.00 100.00     -0.25090   0.00000   0.00000 
   6    6   0.00000    6.83340    10.00 100.00     -0.00000  -0.00000  -0.00000 
   7    7   0.00220    6.85760    10.00 100.00     -0.00000  -0.11510  -0.00000 
   8    8   0.06510    7.25540    10.00 100.00     -0.60510   0.00000   0.00000 
   9    9   0.02260    7.99030    10.00 100.00     -0.00000  -0.00000  -0.34000 
  10   10   0.00000    8.38180    10.00 100.00     -0.00000   0.00000   0.00000 
  11   11   0.03820    8.45730    10.00 100.00     -0.00000  -0.42950  -0.00000 
  12   12   0.00000    8.55810    10.00 100.00     -0.00000  -0.00000   0.00000 
  13   13   0.35480    8.87280    10.00 100.00     -0.00000   0.00000  -1.27750 
  14   14   0.04310    8.92370    10.00 100.00     -0.44410   0.00000   0.00000 
  15   15   0.13360    9.06950    10.00 100.00     -0.00000   0.00000  -0.77540 
  16   16   0.07000    9.62080    10.00 100.00     -0.00000   0.00000  -0.54490 
  17   17   0.00110    9.68240    10.00 100.00     -0.00000   0.06750   0.00000 
  18   18   0.01530    9.98960    10.00 100.00     -0.00000  -0.25000  -0.00000 
  19   19   0.05070   10.34420    10.00 100.00     -0.44730   0.00000  -0.00000 
  20   20   0.01370   10.56470    10.00 100.00      0.00000  -0.23040   0.00000 
  21   21   0.00000   10.57590    10.00 100.00      0.00000   0.00000   0.00000 
  22   22   0.19040   10.75220    10.00 100.00      0.00000   0.00000  -0.85020 
  23   23   0.00120   11.11690    10.00 100.00     -0.06570  -0.00000   0.00000 
  24   24   0.00400   11.44730    10.00 100.00      0.00000  -0.11910  -0.00000 
  25   25   0.35510   11.77600    10.00 100.00      0.00000   0.00000   1.10940 
  26   26   0.00000   11.98310    10.00 100.00     -0.00000   0.00000  -0.00000 
  27   27   0.00130   12.04730    10.00 100.00      0.06670  -0.00000  -0.00000 
  28   28   0.13270   12.20020    10.00 100.00     -0.00000  -0.66620   0.00000 
  29   29   0.05020   12.54120    10.00 100.00     -0.00000   0.00000   0.40400 
  30   30   0.07370   12.80850    10.00 100.00      0.00000   0.00000  -0.48460 
state state   Osc.      E(eV)      dum   dum        TrDx      TrDy       TrDz 
