   1    1   0.00000    4.47270    10.00 100.00     -0.00000  -0.00000   0.00000 
   2    2   0.04520    6.69600    10.00 100.00     -0.00000   0.52490  -0.00000 
   3    3   0.02240    7.49140    10.00 100.00      0.00000   0.34920   0.00000 
   4    4   0.05350    7.65130    10.00 100.00      0.00000   0.00000  -0.53430 
   5    5   0.00000    8.15300    10.00 100.00     -0.00000  -0.00000   0.00000 
   6    6   0.00040   10.17260    10.00 100.00      0.03960  -0.00000   0.00000 
   7    7   0.16650   10.31190    10.00 100.00     -0.00000   0.81190  -0.00000 
   8    8   0.05510   10.61600    10.00 100.00      0.00000   0.00000   0.46030 
   9    9   0.00070   11.15500    10.00 100.00     -0.00000  -0.05090   0.00000 
  10   10   0.00000   11.18000    10.00 100.00      0.00000   0.00000  -0.00000 
  11   11   0.04140   11.31790    10.00 100.00     -0.38660  -0.00000   0.00000 
  12   12   0.00000   12.13240    10.00 100.00     -0.00000   0.00000  -0.00000 
  13   13   0.07520   12.17000    10.00 100.00     -0.00000  -0.00000  -0.50220 
  14   14   0.03130   12.18800    10.00 100.00      0.32400  -0.00000  -0.00000 
  15   15   0.00000   12.23290    10.00 100.00      0.00000   0.00000  -0.00000 
  16   16   0.01580   12.57580    10.00 100.00     -0.00000  -0.00000  -0.22680 
  17   17   0.32090   12.77240    10.00 100.00      0.00000  -0.00000  -1.01270 
  18   18   0.17700   13.05540    10.00 100.00      0.00000  -0.00000  -0.74380 
  19   19   0.04060   13.10750    10.00 100.00      0.00000   0.00000   0.35540 
  20   20   0.04600   13.19940    10.00 100.00     -0.00000  -0.37720   0.00000 
  21   21   0.08810   13.45140    10.00 100.00      0.00000  -0.51720   0.00000 
  22   22   0.04950   13.60600    10.00 100.00     -0.00000  -0.38540   0.00000 
  23   23   0.02290   13.74830    10.00 100.00     -0.26080  -0.00000  -0.00000 
  24   24   0.02190   14.35060    10.00 100.00      0.00000   0.24980  -0.00000 
  25   25   0.00100   14.42850    10.00 100.00      0.05400   0.00000   0.00000 
  26   26   0.00520   14.65800    10.00 100.00     -0.00000   0.00000  -0.12090 
  27   27   0.00000   14.91000    10.00 100.00     -0.00000  -0.00000   0.00000 
  28   28   0.12240   15.40040    10.00 100.00     -0.56950  -0.00000  -0.00000 
  29   29   0.02410   15.45820    10.00 100.00     -0.00000  -0.25220   0.00000 
  30   30   0.00760   15.52400    10.00 100.00     -0.00000  -0.00000   0.14170 
state state   Osc.      E(eV)      dum   dum        TrDx      TrDy       TrDz 
