   1    1   0.00000    5.57040    10.00 100.00     -0.00000  -0.00000   0.00000 
   2    2   0.09390    5.68710    10.00 100.00     -0.00000   0.82090  -0.00000 
   3    3   0.02400    6.48960    10.00 100.00     -0.00000  -0.38850  -0.00000 
   4    4   0.03590    6.62820    10.00 100.00      0.00000   0.00000  -0.47020 
   5    5   0.00000    7.60170    10.00 100.00      0.00000  -0.00000  -0.00000 
   6    6   0.21020    9.75310    10.00 100.00      0.00000   0.93790  -0.00000 
   7    7   0.15170    9.99120    10.00 100.00      0.00000   0.78740  -0.00000 
   8    8   0.00000   10.79440    10.00 100.00     -0.00000   0.00000  -0.00500 
   9    9   0.00000   11.03000    10.00 100.00     -0.00000  -0.00000   0.00000 
  10   10   0.23610   12.15670    10.00 100.00      0.00000  -0.00000  -0.89030 
  11   11   0.03850   12.18010    10.00 100.00      0.00000  -0.35940   0.00000 
  12   12   0.00580   13.73080    10.00 100.00     -0.13120   0.00000  -0.00000 
  13   13   0.00030   13.90760    10.00 100.00      0.00000  -0.00000  -0.02840 
  14   14   0.03670   14.64270    10.00 100.00      0.00000  -0.32000  -0.00000 
  15   15   0.09320   14.66090    10.00 100.00      0.00000   0.00000  -0.50940 
  16   16   0.02560   14.78910    10.00 100.00      0.00000   0.26600  -0.00000 
  17   17   0.07180   15.38910    10.00 100.00     -0.43630   0.00000   0.00000 
  18   18   0.05440   15.55440    10.00 100.00     -0.00000   0.00000   0.37790 
  19   19   0.01720   15.59140    10.00 100.00     -0.21230   0.00000  -0.00000 
  20   20   0.12610   15.83510    10.00 100.00      0.57020   0.00000  -0.00000 
  21   21   0.00520   16.00230    10.00 100.00      0.00000  -0.00000   0.11470 
  22   22   0.00000   16.28870    10.00 100.00     -0.00000  -0.00000  -0.00000 
  23   23   0.00390   16.32150    10.00 100.00     -0.00000  -0.09910  -0.00000 
  24   24   0.01090   16.37370    10.00 100.00     -0.16510  -0.00000   0.00000 
  25   25   0.12540   16.38790    10.00 100.00     -0.00000   0.00000  -0.55880 
  26   26   0.00000   16.40270    10.00 100.00     -0.00000   0.00000  -0.00000 
  27   27   0.05840   16.64100    10.00 100.00      0.00000  -0.37830  -0.00000 
  28   28   0.01150   17.15000    10.00 100.00     -0.00000   0.00000   0.16560 
  29   29   0.03000   17.48810    10.00 100.00     -0.00000  -0.00000   0.26470 
  30   30   0.00500   17.56980    10.00 100.00     -0.00000  -0.10750  -0.00000 
state state   Osc.      E(eV)      dum   dum        TrDx      TrDy       TrDz 
