0 0 0.0 0.0 -0.312791
0 1 -0.0 -0.0 -0.0
0 2 -0.0 0.7335377 -0.0
0 3 0.0 0.3559002 0.0
0 4 0.0 0.0 -0.5181221
0 5 -0.0 -0.0 -0.0
0 6 0.0 1.0606726 0.0
0 7 0.0 0.3141474 0.0
0 8 0.0 -0.0 0.0195799
0 9 0.0 -0.0 -0.0
0 10 0.0 0.0 -0.7750596
0 11 0.0 -0.3590151 -0.0
0 12 -0.0689372 -0.0 -0.0
0 13 -0.0 -0.0 -0.0460819
0 14 -0.3438923 -0.0 0.0
0 15 -0.0 0.0 0.7391565
0 16 0.0 -0.3562788 0.0
0 17 -0.0 0.0 -0.0
0 18 0.0 -0.0 0.4849739
0 19 0.2277625 0.0 -0.0
0 20 0.0 -0.0 -0.0
0 21 -0.1978053 -0.0 0.0
0 22 -0.0 -0.2589256 -0.0
0 23 0.0 -0.4290077 0.0
0 24 -0.0 -0.0 0.5586089
0 25 -0.6587733 -0.0 -0.0
0 26 0.0 -0.0 0.1102031
0 27 -0.0 0.168858 -0.0
0 28 -0.0 0.0 0.2033948
0 29 0.0 0.0 0.5231935
0 30 -0.0 -0.1017729 0.0
1 1 0.0 0.0 -0.000418
1 2 -1.626553 -0.0 0.0
1 3 -0.072586 0.0 -0.0
1 4 -0.0 0.0 -0.0
1 5 0.0 -0.0 0.516478
1 6 1.1983819 -0.0 0.0
1 7 -0.4679133 -0.0 0.0
1 8 0.0 -0.0 -0.0
1 9 -0.0 0.0 -0.4975661
1 10 -0.0 -0.0 0.0
1 11 0.5772916 -0.0 -0.0
1 12 -0.0 -0.112303 -0.0
1 13 0.0 -0.0 -0.0
1 14 0.0 -0.0477407 -0.0
1 15 0.0 0.0 -0.0
1 16 -0.0121273 0.0 -0.0
1 17 0.0 0.0 1.10317
1 18 0.0 0.0 -0.0
1 19 -0.0 -0.1563151 -0.0
1 20 0.0 -0.0 -0.153196
1 21 -0.0 0.078003 0.0
1 22 -0.1753668 -0.0 -0.0
1 23 -0.0130554 0.0 -0.0
1 24 0.0 0.0 -0.0
1 25 -0.0 -0.9625161 -0.0
1 26 -0.0 -0.0 -0.0
1 27 0.0122426 -0.0 0.0
1 28 -0.0 0.0 -0.0
1 29 -0.0 0.0 -0.0
1 30 0.0109661 -0.0 0.0
2 2 -0.0 -0.0 0.657712
2 3 0.0 0.0 2.7848126
2 4 0.0 -3.0326177 0.0
2 5 -2.6033127 -0.0 0.0
2 6 -0.0 0.0 -0.1955322
2 7 0.0 0.0 0.3123644
2 8 0.0 0.5664996 -0.0
2 9 0.5769939 0.0 0.0
2 10 -0.0 0.059261 0.0
2 11 -0.0 -0.0 0.230694
2 12 -0.0 0.0 -0.0
2 13 0.0 0.0316713 -0.0
2 14 0.0 0.0 0.0
2 15 -0.0 -0.0782907 -0.0
2 16 0.0 0.0 0.0364591
2 17 -0.0230421 -0.0 -0.0
2 18 -0.0 0.0330333 -0.0
2 19 0.0 -0.0 0.0
2 20 -0.0007266 0.0 0.0
2 21 0.0 0.0 -0.0
2 22 -0.0 -0.0 -0.640546
2 23 -0.0 0.0 1.1247536
2 24 -0.0 -0.7510348 -0.0
2 25 -0.0 -0.0 -0.0
2 26 -0.0 0.4776723 0.0
2 27 0.0 0.0 0.009394
2 28 -0.0 0.100894 0.0
2 29 -0.0 0.1795694 -0.0
2 30 0.0 -0.0 0.0337238
3 3 -0.0 -0.0 -0.223829
3 4 -0.0 0.9015765 -0.0
3 5 0.7449199 0.0 -0.0
3 6 0.0 0.0 -0.4806748
3 7 -0.0 0.0 -2.2805084
3 8 0.0 1.6063196 0.0
3 9 1.5401532 -0.0 0.0
3 10 -0.0 -0.9843172 -0.0
3 11 0.0 -0.0 0.2624935
3 12 0.0 -0.0 0.0
3 13 0.0 0.176136 0.0
3 14 -0.0 -0.0 -0.0
3 15 0.0 0.0526278 0.0
3 16 -0.0 0.0 -0.0296818
3 17 -0.0235202 0.0 -0.0
3 18 0.0 0.5410483 0.0
3 19 0.0 0.0 0.0
3 20 -0.0010663 -0.0 0.0
3 21 0.0 0.0 0.0
3 22 0.0 -0.0 -0.3924002
3 23 0.0 0.0 0.0057463
3 24 0.0 0.1391849 0.0
3 25 -0.0 -0.0 -0.0
3 26 0.0 0.19164 0.0
3 27 -0.0 0.0 1.1008704
3 28 0.0 0.1018123 0.0
3 29 0.0 -0.8506718 0.0
3 30 -0.0 0.0 0.1682813
4 4 0.0 0.0 -0.426084
4 5 0.0 0.0 -0.0
4 6 -0.0 -0.2161942 -0.0
4 7 -0.0 -0.0376197 -0.0
4 8 -0.0 0.0 -1.7738967
4 9 0.0 -0.0 0.0
4 10 -0.0 -0.0 0.5697307
4 11 -0.0 1.3964489 0.0
4 12 -0.0179639 0.0 0.0
4 13 -0.0 0.0 -0.1580151
4 14 -0.0241293 -0.0 -0.0
4 15 0.0 0.0 -0.0505347
4 16 -0.0 -0.1556631 0.0
4 17 -0.0 -0.0 -0.0
4 18 -0.0 0.0 -0.3063669
4 19 0.0231369 0.0 -0.0
4 20 0.0 0.0 0.0
4 21 -0.029367 -0.0 -0.0
4 22 -0.0 0.4571217 -0.0
4 23 0.0 -0.0231343 0.0
4 24 0.0 0.0 -0.0219421
4 25 -0.0056481 -0.0 -0.0
4 26 0.0 0.0 0.6673422
4 27 -0.0 0.1353957 0.0
4 28 0.0 -0.0 -0.545209
4 29 0.0 0.0 -0.1813301
4 30 0.0 -1.0944409 -0.0
5 5 -0.0 0.0 -0.773377
5 6 1.5819114 -0.0 -0.0
5 7 -0.0912103 0.0 -0.0
5 8 0.0 0.0 -0.0
5 9 -0.0 0.0 -1.6667918
5 10 -0.0 0.0 0.0
5 11 0.8370152 0.0 -0.0
5 12 -0.0 -0.0041165 -0.0
5 13 0.0 -0.0 -0.0
5 14 -0.0 0.0040957 -0.0
5 15 0.0 -0.0 -0.0
5 16 -0.0022971 0.0 0.0
5 17 0.0 -0.0 -0.0434777
5 18 0.0 -0.0 -0.0
5 19 0.0 0.044315 0.0
5 20 -0.0 0.0 0.0060419
5 21 -0.0 -0.0872119 -0.0
5 22 0.0521771 -0.0 -0.0
5 23 -0.0305087 0.0 0.0
5 24 -0.0 -0.0 -0.0
5 25 0.0 -0.2445155 -0.0
5 26 -0.0 -0.0 -0.0
5 27 0.0192009 -0.0 0.0
5 28 -0.0 -0.0 -0.0
5 29 -0.0 -0.0 -0.0
5 30 0.059707 -0.0 0.0
6 6 0.0 0.0 1.18012
6 7 -0.0 0.0 0.8456342
6 8 -0.0 -0.139217 0.0
6 9 -0.5408444 -0.0 -0.0
6 10 0.0 -1.8154553 -0.0
6 11 -0.0 -0.0 -0.2202086
6 12 -0.0 0.0 -0.0
6 13 -0.0 0.2252244 0.0
6 14 -0.0 0.0 -0.0
6 15 0.0 0.1723283 0.0
6 16 0.0 0.0 -0.0141335
6 17 0.037526 0.0 0.0
6 18 0.0 0.4063815 0.0
6 19 0.0 -0.0 0.0
6 20 -0.0033455 -0.0 0.0
6 21 -0.0 -0.0 -0.0
6 22 -0.0 -0.0 0.7415761
6 23 0.0 -0.0 0.0051251
6 24 0.0 0.1699963 -0.0
6 25 -0.0 -0.0 -0.0
6 26 0.0 -0.065496 0.0
6 27 0.0 0.0 0.0777619
6 28 0.0 -0.0398962 0.0
6 29 0.0 0.0987904 0.0
6 30 -0.0 0.0 0.0029288
7 7 -0.0 0.0 -3.009866
7 8 -0.0 -0.1536784 0.0
7 9 -0.2231515 -0.0 -0.0
7 10 0.0 -0.4256169 -0.0
7 11 -0.0 -0.0 0.1024154
7 12 -0.0 0.0 0.0
7 13 -0.0 0.0415988 0.0
7 14 -0.0 0.0 0.0
7 15 0.0 0.0637325 0.0
7 16 -0.0 0.0 -0.0108828
7 17 0.0211493 -0.0 0.0
7 18 0.0 0.1372653 0.0
7 19 -0.0 -0.0 -0.0
7 20 -0.0028776 0.0 -0.0
7 21 0.0 -0.0 -0.0
7 22 0.0 -0.0 -0.021572
7 23 0.0 0.0 0.0134187
7 24 0.0 0.0722474 0.0
7 25 -0.0 0.0 -0.0
7 26 0.0 0.0363104 -0.0
7 27 -0.0 0.0 0.0323898
7 28 0.0 0.0566889 0.0
7 29 0.0 0.0895096 0.0
7 30 -0.0 0.0 0.0588754
8 8 0.0 -0.0 -1.469465
8 9 -0.0 0.0 0.0
8 10 -0.0 -0.0 -0.3723289
8 11 -0.0 -1.48398 -0.0
8 12 0.0518285 0.0 -0.0
8 13 0.0 0.0 -0.0008874
8 14 0.1611714 0.0 0.0
8 15 -0.0 -0.0 -0.2219984
8 16 -0.0 0.2446151 -0.0
8 17 0.0 0.0 -0.0
8 18 -0.0 0.0 -0.1546664
8 19 -0.0865709 0.0 0.0
8 20 -0.0 -0.0 -0.0
8 21 0.1261719 0.0 0.0
8 22 -0.0 -0.8456367 -0.0
8 23 0.0 0.0440564 -0.0
8 24 0.0 0.0 0.0183401
8 25 0.0176742 0.0 0.0
8 26 -0.0 0.0 -0.0689844
8 27 0.0 -0.0065836 -0.0
8 28 0.0 0.0 -0.0223855
8 29 -0.0 -0.0 -0.1112974
8 30 0.0 0.1753927 -0.0
9 9 0.0 0.0 -1.354393
9 10 -0.0 0.0 0.0
9 11 -1.5911772 -0.0 0.0
9 12 -0.0 0.0111499 -0.0
9 13 0.0 -0.0 -0.0
9 14 -0.0 -0.0086166 0.0
9 15 0.0 -0.0 -0.0
9 16 0.0466212 0.0 0.0
9 17 -0.0 0.0 0.0460684
9 18 0.0 -0.0 -0.0
9 19 0.0 -0.0019897 -0.0
9 20 0.0 -0.0 0.0043785
9 21 -0.0 0.0162374 -0.0
9 22 -0.9120961 -0.0 -0.0
9 23 0.0129321 0.0 -0.0
9 24 0.0 -0.0 -0.0
9 25 0.0 0.0516875 0.0
9 26 0.0 -0.0 -0.0
9 27 0.020213 -0.0 0.0
9 28 -0.0 -0.0 -0.0
9 29 -0.0 -0.0 -0.0
9 30 0.0584891 -0.0 0.0
10 10 0.0 -0.0 0.509856
10 11 0.0 -1.3207039 0.0
10 12 -0.1622961 -0.0 -0.0
10 13 -0.0 -0.0 0.0952102
10 14 -0.2831403 -0.0 -0.0
10 15 0.0 0.0 0.429232
10 16 0.0 -0.429527 0.0
10 17 -0.0 -0.0 -0.0
10 18 0.0 0.0 0.0222255
10 19 0.1495439 0.0 -0.0
10 20 -0.0 0.0 -0.0
10 21 -0.320997 -0.0 -0.0
10 22 0.0 -0.5172595 0.0
10 23 -0.0 0.1022658 0.0
10 24 -0.0 0.0 -0.1222937
10 25 -0.0297194 -0.0 -0.0
10 26 0.0 -0.0 0.0892988
10 27 0.0 0.0534937 0.0
10 28 -0.0 0.0 0.0172165
10 29 0.0 0.0 0.1011344
10 30 -0.0 -0.1323517 0.0
11 11 -0.0 0.0 -2.689293
11 12 -0.0 0.0 -0.0
11 13 -0.0 0.0160967 0.0
11 14 0.0 0.0 0.0
11 15 0.0 0.0854523 -0.0
11 16 -0.0 -0.0 0.0836934
11 17 0.0573064 -0.0 0.0
11 18 0.0 0.1516981 -0.0
11 19 -0.0 -0.0 -0.0
11 20 0.0045518 0.0 0.0
11 21 0.0 0.0 0.0
11 22 0.0 0.0 -0.1640968
11 23 0.0 -0.0 -0.0063968
11 24 0.0 0.0756737 0.0
11 25 -0.0 -0.0 0.0
11 26 0.0 0.0569858 0.0
11 27 -0.0 0.0 -0.0004077
11 28 0.0 0.0636504 -0.0
11 29 0.0 0.0972411 -0.0
11 30 -0.0 -0.0 0.0292272
12 12 0.0 0.0 1.632884
12 13 -1.6305747 -0.0 -0.0
12 14 -0.0 0.0 0.0666037
12 15 -0.1227454 0.0 -0.0
12 16 -0.0 0.0 -0.0
12 17 -0.0 0.3872546 -0.0
12 18 -0.1677758 -0.0 0.0
12 19 -0.0 -0.0 -0.4078247
12 20 0.0 -0.0456192 -0.0
12 21 0.0 -0.0 0.501794
12 22 0.0 0.0 0.0
12 23 0.0 -0.0 -0.0
12 24 -0.1385472 -0.0 0.0
12 25 0.0 -0.0 -0.964236
12 26 0.1760985 -0.0 -0.0
12 27 0.0 0.0 -0.0
12 28 1.0922492 -0.0 0.0
12 29 -0.0564116 0.0 -0.0
12 30 -0.0 -0.0 0.0
13 13 -0.0 -0.0 2.112007
13 14 0.6518665 0.0 0.0
13 15 -0.0 0.0 2.5280828
13 16 0.0 -2.9957854 0.0
13 17 0.0 -0.0 -0.0
13 18 -0.0 -0.0 -0.8110008
13 19 0.9487783 0.0 0.0
13 20 0.0 -0.0 0.0
13 21 -2.2958021 -0.0 0.0
13 22 -0.0 0.0109342 -0.0
13 23 -0.0 0.4788421 -0.0
13 24 -0.0 -0.0 -0.9063883
13 25 -0.3238398 -0.0 0.0
13 26 -0.0 0.0 0.45333
13 27 0.0 -0.0917249 0.0
13 28 -0.0 0.0 -0.1908018
13 29 -0.0 -0.0 -0.0068438
13 30 -0.0 0.2054942 -0.0
14 14 -0.0 -0.0 1.407007
14 15 -0.5710796 -0.0 -0.0
14 16 0.0 0.0 -0.0
14 17 0.0 -0.3997739 0.0
14 18 -2.0599016 -0.0 0.0
14 19 0.0 0.0 2.5170018
14 20 0.0 -3.0238477 0.0
14 21 0.0 0.0 1.0411235
14 22 -0.0 -0.0 0.0
14 23 -0.0 0.0 0.0
14 24 1.4031496 0.0 -0.0
14 25 -0.0 -0.0 -0.4791667
14 26 0.995307 0.0 -0.0
14 27 0.0 -0.0 -0.0
14 28 0.331391 0.0 -0.0
14 29 0.1107561 0.0 -0.0
14 30 -0.0 0.0 0.0
15 15 0.0 -0.0 1.782535
15 16 -0.0 0.3906767 -0.0
15 17 -0.0 0.0 0.0
15 18 0.0 0.0 0.221915
15 19 0.0401288 0.0 0.0
15 20 -0.0 0.0 -0.0
15 21 0.5684499 0.0 -0.0
15 22 0.0 0.0174043 -0.0
15 23 -0.0 0.0284304 0.0
15 24 -0.0 0.0 -0.2231892
15 25 0.0143745 -0.0 0.0
15 26 0.0 0.0 -0.0206252
15 27 -0.0 0.3713807 -0.0
15 28 0.0 0.0 -0.519756
15 29 -0.0 0.0 -0.6776792
15 30 -0.0 -0.2635253 0.0
16 16 -0.0 0.0 1.328212
16 17 0.0167888 0.0 -0.0
16 18 0.0 -0.8546958 0.0
16 19 -0.0 -0.0 0.0
16 20 0.2962632 0.0 0.0
16 21 0.0 0.0 -0.0
16 22 -0.0 0.0 -0.0517142
16 23 -0.0 -0.0 -0.0256841
16 24 0.0 -0.2401912 0.0
16 25 0.0 0.0 -0.0
16 26 -0.0 0.1706658 -0.0
16 27 -0.0 0.0 0.1924432
16 28 -0.0 -0.3161255 -0.0
16 29 0.0 -0.114928 -0.0
16 30 0.0 -0.0 -0.9608184
17 17 0.0 0.0 0.402864
17 18 -0.0 0.0 0.0
17 19 -0.0 0.1448745 -0.0
17 20 -0.0 0.0 0.071387
17 21 -0.0 -0.0385071 -0.0
17 22 -0.0424563 0.0 -0.0
17 23 -1.3671164 -0.0 -0.0
17 24 -0.0 -0.0 -0.0
17 25 -0.0 0.5615953 -0.0
17 26 -0.0 0.0 -0.0
17 27 -0.0318731 0.0 -0.0
17 28 0.0 -0.0 0.0
17 29 -0.0 -0.0 0.0
17 30 0.0615955 0.0 0.0
18 18 0.0 -0.0 1.076993
18 19 0.160487 0.0 -0.0
18 20 -0.0 0.0 -0.0
18 21 -0.6401201 0.0 0.0
18 22 0.0 -0.0270617 -0.0
18 23 -0.0 -0.0879549 0.0
18 24 0.0 -0.0 -0.5826802
18 25 0.3703138 -0.0 0.0
18 26 0.0 0.0 0.1097876
18 27 0.0 -0.2787425 -0.0
18 28 -0.0 -0.0 0.1233189
18 29 0.0 0.0 0.7488421
18 30 0.0 -0.1342747 0.0
19 19 -0.0 -0.0 0.840356
19 20 -0.0 0.5784329 -0.0
19 21 0.0 -0.0 0.0344423
19 22 -0.0 0.0 0.0
19 23 0.0 0.0 0.0
19 24 -0.4993601 -0.0 0.0
19 25 0.0 0.0 -0.2277083
19 26 -0.3426922 0.0 0.0
19 27 0.0 0.0 0.0
19 28 -0.6531779 0.0 0.0
19 29 0.0146388 0.0 -0.0
19 30 -0.0 0.0 -0.0
20 20 0.0 0.0 0.72444
20 21 -0.0 0.328891 -0.0
20 22 0.0255979 -0.0 0.0
20 23 0.1915978 0.0 0.0
20 24 -0.0 -0.0 -0.0
20 25 -0.0 -0.0273617 -0.0
20 26 -0.0 -0.0 -0.0
20 27 -0.0119817 -0.0 0.0
20 28 -0.0 0.0 -0.0
20 29 -0.0 0.0 -0.0
20 30 0.1625699 -0.0 -0.0
21 21 -0.0 -0.0 0.751768
21 22 0.0 -0.0 -0.0
21 23 -0.0 -0.0 0.0
21 24 -0.5304459 -0.0 0.0
21 25 -0.0 0.0 -0.1255727
21 26 -0.2206329 -0.0 -0.0
21 27 0.0 0.0 0.0
21 28 1.0229237 -0.0 -0.0
21 29 -0.224555 0.0 0.0
21 30 -0.0 0.0 0.0
22 22 0.0 0.0 1.726964
22 23 -0.0 0.0 0.0033124
22 24 0.0 -0.1448113 0.0
22 25 -0.0 0.0 0.0
22 26 0.0 0.0226632 0.0
22 27 -0.0 0.0 0.1424218
22 28 0.0 0.0592943 -0.0
22 29 0.0 0.0723219 -0.0
22 30 -0.0 0.0 -0.1144967
23 23 -0.0 -0.0 1.159244
23 24 -0.0 0.2185937 0.0
23 25 0.0 -0.0 -0.0
23 26 0.0 -2.2670779 0.0
23 27 0.0 0.0 2.7207996
23 28 -0.0 1.3214885 -0.0
23 29 -0.0 0.0990246 -0.0
23 30 0.0 0.0 0.3657197
24 24 -0.0 -0.0 -0.09708
24 25 -1.8105874 -0.0 0.0
24 26 0.0 -0.0 -0.3605409
24 27 -0.0 0.2612784 -0.0
24 28 -0.0 -0.0 -0.2022675
24 29 0.0 0.0 2.0751256
24 30 0.0 -2.3059532 0.0
25 25 0.0 0.0 -0.140879
25 26 1.0029253 0.0 0.0
25 27 0.0 -0.0 0.0
25 28 0.4410207 0.0 0.0
25 29 0.4124999 0.0 -0.0
25 30 -0.0 0.0 -0.0
26 26 -0.0 0.0 0.558971
26 27 -0.0 0.1337416 -0.0
26 28 0.0 -0.0 0.340331
26 29 -0.0 -0.0 -1.2300974
26 30 -0.0 1.7792596 -0.0
27 27 0.0 -0.0 0.142866
27 28 -0.0 -0.4616241 0.0
27 29 -0.0 0.2311763 0.0
27 30 0.0 -0.0 0.0694276
28 28 0.0 0.0 2.118357
28 29 -0.0 -0.0 -0.3987653
28 30 0.0 -0.0802702 -0.0
29 29 -0.0 -0.0 -1.458268
29 30 -0.0 1.2596838 -0.0
30 30 0.0 0.0 -0.785329
