0.5	0.0
0.50475	0.0
0.5095	0.0
0.51425	0.0
0.519	0.0
0.52375	0.0
0.5285	0.0
0.53325	0.0
0.538	0.0
0.54275	0.0
0.5475	0.0
0.55225	0.0
0.5569999999999999	0.0
0.56175	0.0
0.5665	0.0
0.57125	0.0
0.576	0.0
0.58075	0.0
0.5855	0.0
0.5902499999999999	0.0
0.595	0.0
0.59975	0.0
0.6045	0.0
0.60925	0.0
0.614	0.0
0.61875	0.0
0.6234999999999999	0.0
0.62825	0.0
0.633	0.0
0.63775	0.0
0.6425	0.0
0.64725	0.0
0.652	0.0
0.65675	0.0
0.6615	0.0
0.66625	0.0
0.671	0.0
0.67575	0.0
0.6805	0.0
0.68525	0.0
0.69	0.0
0.69475	0.0
0.6995	0.0
0.70425	0.0
0.709	0.0
0.71375	0.0
0.7185	0.0
0.72325	0.0
0.728	0.0
0.73275	0.0
0.7375	0.0
0.74225	0.0
0.747	0.0
0.7517499999999999	0.0
0.7565	0.0
0.76125	0.0
0.766	0.0
0.77075	0.0
0.7755	0.0
0.78025	0.0
0.7849999999999999	0.0
0.78975	0.0
0.7945	0.0
0.79925	0.0
0.804	0.0
0.80875	0.0
0.8135	0.0
0.8182499999999999	0.0
0.823	0.0
0.82775	0.0
0.8325	0.0
0.83725	0.0
0.842	0.0
0.84675	0.0
0.8514999999999999	0.0
0.85625	0.0
0.861	0.0
0.86575	0.0
0.8705	0.0
0.87525	0.0
0.88	0.0
0.8847499999999999	0.0
0.8895	0.0
0.89425	0.0
0.899	0.0
0.90375	0.0
0.9085	0.0
0.91325	0.0
0.9179999999999999	0.0
0.92275	0.0
0.9275	0.0
0.93225	0.0
0.937	0.0
0.94175	0.0
0.9465	0.0
0.9512499999999999	0.0
0.956	0.0
0.96075	0.0
0.9655	0.0
0.9702500000000001	0.0
0.975	0.0
0.97975	0.0
0.9844999999999999	0.0
0.98925	0.0
0.994	0.0
0.99875	0.0
1.0034999999999998	0.0
1.0082499999999999	0.0
1.013	0.0
1.01775	0.0
1.0225	0.0
1.02725	0.0
1.032	0.0
1.03675	0.0
1.0415	0.0
1.0462500000000001	0.0
1.051	0.0
1.05575	0.0
1.0605	0.0
1.06525	0.0
1.0699999999999998	0.0
1.0747499999999999	0.0
1.0795	0.0
1.08425	0.0
1.089	0.0
1.09375	0.0
1.0985	0.0
1.10325	0.0
1.108	0.0
1.1127500000000001	0.0
1.1175	0.0
1.12225	0.0
1.127	0.0
1.13175	0.0
1.1364999999999998	0.0
1.1412499999999999	0.0
1.146	0.0
1.15075	0.0
1.1555	0.0
1.16025	0.0
1.165	0.0
1.16975	0.0
1.1745	0.0
1.1792500000000001	0.0
1.184	0.0
1.18875	0.0
1.1935	0.0
1.19825	0.0
1.2029999999999998	0.0
1.2077499999999999	0.0
1.2125	0.0
1.21725	0.0
1.222	0.0
1.22675	0.0
1.2315	0.0
1.23625	0.0
1.241	0.0
1.2457500000000001	0.0
1.2505	0.0
1.25525	0.0
1.26	0.0
1.2647499999999998	0.0
1.2694999999999999	0.0
1.2742499999999999	0.0
1.279	0.0
1.28375	0.0
1.2885	0.0
1.29325	0.0
1.298	0.0
1.30275	0.0
1.3075	0.0
1.3122500000000001	0.0
1.317	0.0
1.32175	0.0
1.3265	0.0
1.3312499999999998	0.0
1.3359999999999999	0.0
1.3407499999999999	0.0
1.3455	0.0
1.35025	0.0
1.355	0.0
1.35975	0.0
1.3645	0.0
1.36925	0.0
1.374	0.0
1.3787500000000001	0.0
1.3835	0.0
1.38825	0.0
1.393	0.0
1.3977499999999998	0.0
1.4024999999999999	0.0
1.40725	0.0
1.412	0.0
1.41675	0.0
1.4215	0.0
1.42625	0.0
1.431	0.0
1.43575	0.0
1.4405000000000001	0.0
1.44525	0.0
1.45	0.0
1.45475	0.0
1.4595	0.0
1.4642499999999998	0.0
1.4689999999999999	0.0
1.47375	0.0
1.4785	0.0
1.48325	0.0
1.488	0.0
1.49275	0.0
1.4975	0.0
1.50225	0.0
1.507	0.0
1.51175	0.0
1.5165	0.0
1.52125	0.0
1.526	0.0
1.53075	0.0
1.5354999999999999	0.0
1.54025	0.0
1.545	0.0
1.54975	0.0
1.5545	0.0
1.55925	0.0
1.564	0.0
1.5687499999999999	0.0
1.5735	0.0
1.57825	0.0
1.583	0.0
1.58775	0.0
1.5925	0.0
1.59725	0.0
1.6019999999999999	0.0
1.60675	0.0
1.6115	0.0
1.61625	0.0
1.621	0.0
1.62575	0.0
1.6305	0.0
1.6352499999999999	0.0
1.64	0.0
1.64475	0.0
1.6495	0.0
1.65425	0.0
1.659	0.0
1.66375	0.0
1.6684999999999999	0.0
1.67325	0.0
1.678	0.0
1.68275	0.0
1.6875	0.0
1.69225	0.0
1.697	0.0
1.7017499999999999	0.0
1.7065	0.0
1.71125	0.0
1.716	0.0
1.72075	0.0
1.7255	0.0
1.73025	0.0
1.7349999999999999	0.0
1.73975	0.0
1.7445	0.0
1.74925	0.0
1.754	0.0
1.75875	0.0
1.7635	0.0
1.7682499999999999	0.0
1.773	0.0
1.77775	0.0
1.7825	0.0
1.78725	0.0
1.792	0.0
1.79675	0.0
1.8014999999999999	0.0
1.80625	0.0
1.811	0.0
1.81575	0.0
1.8205	0.0
1.82525	0.0
1.83	0.0
1.8347499999999999	0.0
1.8395	0.0
1.84425	0.0
1.849	0.0
1.85375	0.0
1.8585	0.0
1.86325	0.0
1.8679999999999999	0.0
1.87275	0.0
1.8775	0.0
1.88225	0.0
1.887	0.0
1.89175	0.0
1.8965	0.0
1.9012499999999999	0.0
1.906	0.0
1.91075	0.0
1.9155	0.0
1.92025	0.0
1.925	0.0
1.9297499999999999	0.0
1.9344999999999999	0.0
1.93925	0.0
1.944	0.0
1.94875	0.0
1.9535	0.0
1.95825	0.0
1.9629999999999999	0.0
1.9677499999999999	0.0
1.9725	0.0
1.97725	0.0
1.982	0.0
1.98675	0.0
1.9915	0.0
1.9962499999999999	0.0
2.001	0.0
2.00575	0.0
2.0105	0.0
2.01525	0.0
2.02	0.0
2.02475	0.0
2.0294999999999996	0.0
2.03425	0.0
2.0389999999999997	0.0
2.04375	0.0
2.0484999999999998	0.0
2.0532500000000002	0.0
2.058	0.0
2.06275	0.0
2.0675	0.0
2.07225	0.0
2.077	0.0
2.08175	0.0
2.0865	0.0
2.09125	0.0
2.096	0.0
2.1007499999999997	0.0
2.1055	0.0
2.1102499999999997	0.0
2.115	0.0
2.11975	0.0
2.1245000000000003	0.0
2.12925	0.0
2.134	0.0
2.13875	0.0
2.1435	0.0
2.14825	0.0
2.153	0.0
2.15775	0.0
2.1624999999999996	0.0
2.16725	0.0
2.1719999999999997	0.0
2.17675	0.0
2.1814999999999998	0.0
2.1862500000000002	0.0
2.191	0.0
2.19575	0.0
2.2005	0.0
2.20525	0.0
2.21	0.0
2.21475	0.0
2.2195	0.0
2.22425	0.0
2.229	0.0
2.2337499999999997	0.0
2.2385	0.0
2.2432499999999997	0.0
2.248	0.0
2.25275	0.0
2.2575000000000003	0.0
2.26225	0.0
2.267	0.0
2.27175	0.0
2.2765	0.0
2.28125	0.0
2.286	0.0
2.29075	0.0
2.2954999999999997	0.0
2.30025	0.0
2.3049999999999997	0.0
2.30975	0.0
2.3145	0.0
2.3192500000000003	0.0
2.324	0.0
2.32875	0.0
2.3335	0.0
2.33825	0.0
2.343	0.0
2.34775	0.0
2.3525	0.0
2.3572499999999996	0.0
2.362	0.0
2.3667499999999997	0.0
2.3715	0.0
2.3762499999999998	0.0
2.3810000000000002	0.0
2.38575	0.0
2.3905	0.0
2.39525	0.0
2.4	0.0
2.40475	0.0
2.4095	0.0
2.41425	0.0
2.419	0.0
2.42375	0.0
2.4284999999999997	0.0
2.43325	0.0
2.4379999999999997	0.0
2.44275	0.0
2.4475	0.0
2.4522500000000003	0.0
2.457	0.0
2.46175	0.0
2.4665	0.0
2.47125	0.0
2.476	0.0
2.48075	0.0
2.4855	0.0
2.4902499999999996	0.0
2.495	0.0
2.4997499999999997	0.0
2.5045	0.0
2.5092499999999998	0.0
2.514	0.0
2.51875	0.0
2.5235	0.0
2.52825	0.0
2.533	0.0
2.53775	0.0
2.5425	0.0
2.54725	0.0
2.552	0.0
2.55675	0.0
2.5615	0.0
2.56625	0.0
2.5709999999999997	0.0
2.5757499999999998	0.0
2.5805	0.0
2.58525	0.0
2.59	0.0
2.59475	0.0
2.5995	0.0
2.60425	0.0
2.609	0.0
2.61375	0.0
2.6185	0.0
2.62325	0.0
2.628	0.0
2.63275	0.0
2.6374999999999997	0.0
2.6422499999999998	0.0
2.647	0.0
2.65175	0.0
2.6565	0.0
2.66125	0.0
2.666	0.0
2.67075	0.0
2.6755	0.0
2.68025	0.0
2.685	0.0
2.68975	0.0
2.6945	0.0
2.69925	0.0
2.7039999999999997	0.0
2.7087499999999998	0.0
2.7135	0.0
2.71825	0.0
2.723	0.0
2.72775	0.0
2.7325	0.0
2.73725	0.0
2.742	0.0
2.74675	0.0
2.7515	0.0
2.75625	0.0
2.761	0.0
2.76575	0.0
2.7704999999999997	0.0
2.7752499999999998	0.0
2.78	0.0
2.78475	0.0
2.7895	0.0
2.79425	0.0
2.799	0.0
2.80375	0.0
2.8085	0.0
2.81325	0.0
2.818	0.0
2.82275	0.0
2.8275	0.0
2.83225	0.0
2.8369999999999997	0.0
2.8417499999999998	0.0
2.8465	0.0
2.85125	0.0
2.856	0.0
2.86075	0.0
2.8655	0.0
2.87025	0.0
2.875	0.0
2.87975	0.0
2.8845	0.0
2.88925	0.0
2.894	0.0
2.89875	0.0
2.9034999999999997	0.0
2.90825	0.0
2.913	0.0
2.91775	0.0
2.9225	0.0
2.92725	0.0
2.932	0.0
2.93675	0.0
2.9415	0.0
2.94625	0.0
2.951	0.0
2.95575	0.0
2.9605	0.0
2.9652499999999997	0.0
2.9699999999999998	0.0
2.97475	0.0
2.9795	0.0
2.98425	0.0
2.989	0.0
2.99375	0.0
2.9985	0.0
3.00325	0.0
3.008	0.0
3.01275	0.0
3.0175	0.0
3.02225	0.0
3.027	0.0
3.0317499999999997	0.0
3.0364999999999998	0.0
3.04125	0.0
3.046	0.0
3.05075	0.0
3.0555	0.0
3.06025	0.0
3.065	0.0
3.06975	0.0
3.0745	0.0
3.07925	0.0
3.084	0.0
3.08875	0.0
3.0935	0.0
3.0982499999999997	0.0
3.1029999999999998	0.0
3.10775	0.0
3.1125	0.0
3.11725	0.0
3.122	0.0
3.12675	0.0
3.1315	0.0
3.13625	0.0
3.141	0.0
3.14575	0.0
3.1505	0.0
3.15525	0.0
3.16	0.0
3.1647499999999997	0.0
3.1694999999999998	0.0
3.17425	0.0
3.179	0.0
3.18375	0.0
3.1885	0.0
3.19325	0.0
3.198	0.0
3.20275	0.0
3.2075	0.0
3.21225	0.0
3.217	0.0
3.22175	0.0
3.2265	0.0
3.2312499999999997	0.0
3.2359999999999998	0.0
3.24075	0.0
3.2455	0.0
3.25025	0.0
3.255	0.0
3.25975	0.0
3.2645	0.0
3.26925	0.0
3.274	0.0
3.27875	0.0
3.2835	0.0
3.28825	0.0
3.293	0.0
3.2977499999999997	0.0
3.3024999999999998	0.0
3.30725	0.0
3.312	0.0
3.31675	0.0
3.3215	0.0
3.32625	0.0
3.331	0.0
3.33575	0.0
3.3405	0.0
3.34525	0.0
3.35	0.0
3.35475	0.0
3.3594999999999997	0.0
3.3642499999999997	0.0
3.3689999999999998	0.0
3.37375	0.0
3.3785	0.0
3.38325	0.0
3.388	0.0
3.39275	0.0
3.3975	0.0
3.40225	0.0
3.407	0.0
3.41175	0.0
3.4165	0.0
3.42125	0.0
3.4259999999999997	0.0
3.4307499999999997	0.0
3.4354999999999998	0.0
3.44025	0.0
3.445	0.0
3.44975	0.0
3.4545	0.0
3.45925	0.0
3.464	0.0
3.46875	0.0
3.4735	0.0
3.47825	0.0
3.483	0.0
3.48775	0.0
3.4924999999999997	0.0
3.4972499999999997	0.0
3.502	0.0
3.50675	0.0
3.5115	0.0
3.51625	0.0
3.521	0.0
3.52575	0.0
3.5305	0.0
3.53525	0.0
3.54	0.0
3.54475	0.0
3.5495	0.0
3.55425	0.0
3.5589999999999997	0.0
3.5637499999999998	0.0
3.5685	0.0
3.57325	0.0
3.578	0.0
3.58275	0.0
3.5875	0.0
3.59225	0.0
3.597	0.0
3.60175	0.0
3.6065	0.0
3.61125	0.0
3.616	0.0
3.62075	0.0
3.6254999999999997	0.0
3.6302499999999998	0.0
3.635	0.0
3.63975	0.0
3.6445	0.0
3.64925	0.0
3.654	0.0
3.65875	0.0
3.6635	0.0
3.66825	0.0
3.673	0.0
3.67775	0.0
3.6825	0.0
3.68725	0.0
3.6919999999999997	0.0
3.6967499999999998	0.0
3.7015	0.0
3.70625	0.0
3.711	0.0
3.71575	0.0
3.7205	0.0
3.72525	0.0
3.73	0.0
3.73475	0.0
3.7395	0.0
3.74425	0.0
3.749	0.0
3.7537499999999997	0.0
3.7584999999999997	0.0
3.7632499999999998	0.0
3.768	0.0
3.77275	0.0
3.7775	0.0
3.78225	0.0
3.787	0.0
3.79175	0.0
3.7965	0.0
3.80125	0.0
3.806	0.0
3.81075	0.0
3.8155	0.0
3.8202499999999997	0.0
3.8249999999999997	0.0
3.8297499999999998	0.0
3.8345	0.0
3.83925	0.0
3.844	0.0
3.84875	0.0
3.8535	0.0
3.85825	0.0
3.863	0.0
3.86775	0.0
3.8725	0.0
3.87725	0.0
3.882	0.0
3.8867499999999997	0.0
3.8914999999999997	0.0
3.8962499999999998	0.0
3.901	0.0
3.90575	0.0
3.9105	0.0
3.91525	0.0
3.92	0.0
3.92475	0.0
3.9295	0.0
3.93425	0.0
3.939	0.0
3.94375	0.0
3.9485	0.0
3.9532499999999997	0.0
3.9579999999999997	0.0
3.9627499999999998	0.0
3.9675	0.0
3.97225	0.0
3.977	0.0
3.98175	0.0
3.9865	0.0
3.99125	0.0
3.996	0.0
4.00075	0.0
4.0055	0.0
4.01025	0.0
4.015000000000001	0.0
4.01975	0.0
4.0245	0.0
4.029249999999999	0.0
4.034	0.0
4.03875	0.0
4.0435	0.0
4.0482499999999995	0.0
4.053	0.0
4.05775	0.0
4.0625	0.0
4.06725	0.0
4.072	0.0
4.0767500000000005	0.0
4.0815	0.0
4.08625	0.0
4.090999999999999	0.0
4.09575	0.0
4.1005	0.0
4.10525	0.0
4.109999999999999	0.0
4.11475	0.0
4.1195	0.0
4.12425	0.0
4.129	0.0
4.13375	0.0
4.1385000000000005	0.0
4.14325	0.0
4.148	0.0
4.152749999999999	0.0
4.1575	0.0
4.16225	0.0
4.167	0.0
4.171749999999999	0.0
4.1765	0.0
4.18125	0.0
4.186	0.0
4.1907499999999995	0.0
4.1955	0.0
4.2002500000000005	0.0
4.205	0.0
4.20975	0.0
4.214499999999999	0.0
4.21925	0.0
4.224	0.0
4.22875	0.0
4.233499999999999	0.0
4.23825	0.0
4.243	0.0
4.24775	0.0
4.2524999999999995	0.0
4.25725	0.0
4.2620000000000005	0.0
4.26675	0.0
4.2715	0.0
4.27625	0.0
4.281	0.0
4.28575	0.0
4.2905	0.0
4.295249999999999	0.0
4.3	0.0
4.30475	0.0
4.3095	0.0
4.3142499999999995	0.0
4.319	0.0
4.32375	0.0
4.3285	0.0
4.33325	0.0
4.338	0.0
4.3427500000000006	0.0
4.3475	0.0
4.35225	0.0
4.356999999999999	0.0
4.36175	0.0
4.3665	0.0
4.37125	0.0
4.3759999999999994	0.0
4.38075	0.0
4.3855	0.0
4.39025	0.0
4.395	0.0
4.39975	0.0
4.4045000000000005	0.0
4.40925	0.0
4.414	0.0
4.418749999999999	0.0
4.4235	0.0
4.42825	0.0
4.433	0.0
4.437749999999999	0.0
4.4425	0.0
4.44725	0.0
4.452	0.0
4.4567499999999995	0.0
4.4615	0.0
4.4662500000000005	0.0
4.471	0.0
4.47575	0.0
4.480499999999999	0.0
4.48525	0.0
4.49	0.0
4.49475	0.0
4.499499999999999	0.0
4.50425	0.0
4.509	0.0
4.51375	0.0
4.5184999999999995	0.0
4.52325	0.0
4.528	0.0
4.53275	0.0
4.5375	0.0
4.54225	0.0
4.547	0.0
4.55175	0.0
4.5565	0.0
4.56125	0.0
4.566	0.0
4.57075	0.0
4.5755	0.0
4.5802499999999995	0.0
4.585	0.0
4.5897499999999996	0.0
4.5945	0.0
4.59925	0.0
4.604	0.0
4.60875	0.0
4.6135	0.0
4.61825	0.0
4.623	0.0
4.62775	0.0
4.6325	0.0
4.63725	0.0
4.6419999999999995	0.0
4.64675	0.0
4.6514999999999995	0.0
4.65625	0.0
4.661	0.0
4.66575	0.0
4.6705	0.0
4.67525	0.0
4.68	0.0
4.68475	0.0
4.6895	0.0
4.69425	0.0
4.699	0.0
4.70375	0.0
4.7085	0.0
4.7132499999999995	0.0
4.718	0.0
4.72275	0.0
4.7275	0.0
4.73225	0.0
4.737	0.0
4.74175	0.0
4.7465	0.0
4.75125	0.0
4.756	0.0
4.76075	0.0
4.7655	0.0
4.77025	0.0
4.7749999999999995	0.0
4.77975	0.0
4.7844999999999995	0.0
4.78925	0.0
4.794	0.0
4.79875	0.0
4.8035	0.0
4.80825	0.0
4.813	0.0
4.81775	0.0
4.8225	0.0
4.82725	0.0
4.832	0.0
4.83675	0.0
4.8415	0.0
4.8462499999999995	0.0
4.851	0.0
4.85575	0.0
4.8605	0.0
4.86525	0.0
4.87	0.0
4.87475	0.0
4.8795	0.0
4.88425	0.0
4.889	0.0
4.89375	0.0
4.8985	0.0
4.90325	0.0
4.9079999999999995	0.0
4.91275	0.0
4.9174999999999995	0.0
4.92225	0.0
4.927	0.0
4.93175	0.0
4.9365	0.0
4.94125	0.0
4.946	0.0
4.95075	0.0
4.9555	0.0
4.96025	0.0
4.965	0.0
4.9697499999999994	0.0
4.9745	0.0
4.9792499999999995	0.0
4.984	0.0
4.98875	0.0
4.9935	0.0
4.99825	0.0
5.003	0.0
5.00775	0.0
5.0125	0.0
5.01725	0.0
5.022	0.0
5.02675	0.0
5.0315	0.0
5.03625	0.0
5.0409999999999995	0.0
5.04575	0.0
5.0504999999999995	0.0
5.05525	0.0
5.06	0.0
5.06475	0.0
5.0695	0.0
5.07425	0.0
5.079	0.0
5.08375	0.0
5.0885	0.0
5.09325	0.0
5.098	0.0
5.1027499999999995	0.0
5.1075	0.0
5.1122499999999995	0.0
5.117	0.0
5.12175	0.0
5.1265	0.0
5.13125	0.0
5.136	0.0
5.14075	0.0
5.1455	0.0
5.15025	0.0
5.155	0.0
5.15975	0.0
5.1645	0.0
5.16925	0.0
5.1739999999999995	0.0
5.17875	0.0
5.1834999999999996	0.0
5.18825	0.0
5.193	0.0
5.19775	0.0
5.2025	0.0
5.20725	0.0
5.212	0.0
5.21675	0.0
5.2215	0.0
5.22625	0.0
5.231	0.0
5.2357499999999995	0.0
5.2405	0.0
5.2452499999999995	0.0
5.25	0.0
5.25475	0.0
5.2595	0.0
5.26425	0.0
5.269	0.0
5.27375	0.0
5.2785	0.0
5.28325	0.0
5.288	0.0
5.29275	0.0
5.2975	0.0
5.30225	0.0
5.3069999999999995	0.0
5.31175	0.0
5.3165	0.0
5.32125	0.0
5.326	0.0
5.33075	0.0
5.3355	0.0
5.34025	0.0
5.345	0.0
5.34975	0.0
5.3545	0.0
5.35925	0.0
5.364	0.0
5.3687499999999995	0.0
5.3735	0.0
5.3782499999999995	0.0
5.383	0.0
5.38775	0.0
5.3925	0.0
5.39725	0.0
5.402	0.0
5.40675	0.0
5.4115	0.0
5.41625	0.0
5.421	0.0
5.42575	0.0
5.430499999999999	0.0
5.43525	0.0
5.4399999999999995	0.0
5.44475	0.0
5.4495	0.0
5.45425	0.0
5.459	0.0
5.46375	0.0
5.4685	0.0
5.47325	0.0
5.478	0.0
5.48275	0.0
5.4875	0.0
5.49225	0.0
5.497	0.0
5.5017499999999995	0.0
5.5065	0.0
5.5112499999999995	0.0
5.516	0.0
5.52075	0.0
5.5255	0.0
5.53025	0.0
5.535	0.0
5.53975	0.0
5.5445	0.0
5.54925	0.0
5.554	0.0
5.55875	0.0
5.5634999999999994	0.0
5.56825	0.0
5.5729999999999995	0.0
5.57775	1.04e-322
5.5825	1.7915e-320
5.58725	3.036636e-318
5.592	5.0545307e-316
5.59675	8.262852129e-314
5.6015	1.326600351425e-311
5.60625	2.09175694636802e-309
5.611	3.239241414421972e-307
5.61575	4.92647629507926e-305
5.6205	7.358519805000543e-303
5.62525	1.0794574136036516e-300
5.63	1.5551831718466576e-298
5.6347499999999995	2.2004857866557973e-296
5.6395	3.0578527749434914e-294
5.6442499999999995	4.1732611316406045e-292
5.649	5.593653156806242e-290
5.65375	7.363367759861929e-288
5.6585	9.519594164976994e-286
5.66325	1.2087079016597077e-283
5.668	1.507249931884017e-281
5.67275	1.8459084981263668e-279
5.6775	2.2202202023634952e-277
5.68225	2.6226655739900963e-275
5.687	3.04264136806711e-273
5.69175	3.4667266605397165e-271
5.6964999999999995	3.879264746160675e-269
5.70125	4.263244334431862e-267
5.7059999999999995	4.6014214438307906e-265
5.71075	4.877584312155299e-263
5.7155	5.077834510835004e-261
5.72025	5.191744185684801e-259
5.725	5.213255524332496e-257
5.72975	5.141214498698441e-255
5.7345	4.979473434298769e-253
5.73925	4.736549719492496e-251
5.744	4.4248827342984883e-249
5.74875	4.0597792142062587e-247
5.7535	3.6581714012170464e-245
5.75825	3.237327744964341e-243
5.763	2.813651295927783e-241
5.7677499999999995	2.4016784508600828e-239
5.7725	2.0133553556529345e-237
5.7772499999999996	1.6576276861052934e-235
5.782	1.3403386279737833e-233
5.78675	1.0643955756932092e-231
5.7915	8.301423536340472e-230
5.79625	6.358622873042271e-228
5.801	4.783376311705408e-226
5.80575	3.534003811903922e-224
5.8105	2.5642505855237624e-222
5.81525	1.8273212206121507e-220
5.82	1.2788815342410875e-218
5.82475	8.790361187455953e-217
5.8294999999999995	5.933953084313048e-215
5.83425	3.934073604384502e-213
5.8389999999999995	2.561544107397053e-211
5.84375	1.6380312405497043e-209
5.8485	1.02873497894629e-207
5.85325	6.345207341967994e-206
5.858	3.8436967263034175e-204
5.86275	2.2867221272284195e-202
5.8675	1.336099062144049e-200
5.87225	7.666990210064686e-199
5.877	4.32087937986755e-197
5.88175	2.3915549371385146e-195
5.8865	1.3000185969597765e-193
5.891249999999999	6.940324120875963e-192
5.896	3.638906741291356e-190
5.9007499999999995	1.8737993445699354e-188
5.9055	9.476243777576436e-187
5.91025	4.7066331664704776e-185
5.915	2.2958603186425083e-183
5.91975	1.0998705090067166e-181
5.9245	5.1748603888961176e-180
5.92925	2.3912044065561646e-178
5.934	1.0851649345181025e-176
5.93875	4.8365511568279673e-175
5.9435	2.1170777327672257e-173
5.94825	9.101203129748551e-172
5.953	3.842570066418948e-170
5.95775	1.593330126008278e-168
5.9624999999999995	6.488595853230194e-167
5.96725	2.59511534841342e-165
5.9719999999999995	1.0193506224521767e-163
5.97675	3.9323440045676743e-162
5.9815	1.489842635937504e-160
5.98625	5.543579481560636e-159
5.991	2.0258213473090963e-157
5.99575	7.270645876542375e-156
6.0005	2.5627475455774777e-154
6.00525	8.871552861662018e-153
6.01	3.0161604971608087e-151
6.01475	1.0070945257306045e-149
6.0195	3.302531795210983e-148
6.024249999999999	1.06361576119213e-146
6.029	3.3642131628927536e-145
6.0337499999999995	1.0450648281672548e-143
6.0385	3.1883349683061766e-142
6.04325	9.553128897018621e-141
6.048	2.8111778185663154e-139
6.05275	8.124412801716199e-138
6.0575	2.305985811713412e-136
6.06225	6.428094673494885e-135
6.067	1.759822567550579e-133
6.07175	4.7316921979816713e-132
6.0765	1.2494678130463662e-130
6.08125	3.240370315238741e-129
6.086	8.253253820755238e-128
6.09075	2.0645088211602456e-126
6.0954999999999995	5.07188349236794e-125
6.10025	1.2237220318475142e-123
6.1049999999999995	2.899728080181048e-122
6.10975	6.748274713054127e-121
6.1145	1.542372303811642e-119
6.11925	3.462156272707684e-118
6.124	7.632469901633823e-117
6.12875	1.6525116062749874e-115
6.1335	3.513863776893078e-114
6.13825	7.33814532511591e-113
6.143	1.5050422098312253e-111
6.14775	3.0316009648297235e-110
6.1525	5.997308337879888e-109
6.1572499999999994	1.165203293008405e-107
6.162	2.223350915472691e-106
6.1667499999999995	4.166537629508294e-105
6.1715	7.668379330508116e-104
6.17625	1.3860945374229497e-102
6.181	2.4606117902953264e-101
6.18575	4.289970778046088e-100
6.1905	7.345587760520844e-99
6.19525	1.235263913374282e-97
6.2	2.0401116755951388e-96
6.20475	3.309094067480494e-95
6.2095	5.271391467646194e-94
6.21425	8.247121829402054e-93
6.218999999999999	1.2671864945684384e-91
6.22375	1.91222787943469e-90
6.2284999999999995	2.8339993115346552e-89
6.23325	4.1249702405317977e-88
6.2379999999999995	5.8966165030300255e-87
6.24275	8.27839094630342e-86
6.2475	1.1414317932805866e-84
6.25225	1.5456636118646201e-83
6.257	2.0556112467193118e-82
6.26175	2.6848991168464847e-81
6.2665	3.444101512797098e-80
6.27125	4.3389525384620633e-79
6.276	5.3685232752437285e-78
6.28075	6.523576590815124e-77
6.2855	7.785341645444547e-76
6.2902499999999995	9.124951609821369e-75
6.295	1.0503751755881779e-73
6.2997499999999995	1.1874608850027563e-72
6.3045	1.3184241853103372e-71
6.30925	1.4376461117075146e-70
6.314	1.5396067681423552e-69
6.31875	1.6193048390678147e-68
6.3235	1.6726628081520694e-67
6.32825	1.696872344960762e-66
6.333	1.6906391732930877e-65
6.33775	1.6542977085579618e-64
6.3425	1.5897813332124528e-63
6.34725	1.500451987169803e-62
6.351999999999999	1.390809976735145e-61
6.35675	1.2661188548594065e-60
6.3614999999999995	1.1319888257837926e-59
6.36625	9.939643039621478e-59
6.3709999999999996	8.571570878516088e-58
6.37575	7.259572352799398e-57
6.3805	6.0384105873918e-56
6.38525	4.932819525989119e-55
6.39	3.957571753186046e-54
6.39475	3.118339194229516e-53
6.3995	2.4131198588956763e-52
6.40425	1.8339834770736356e-51
6.409	1.3689037972666997e-50
6.41375	1.0034862414291014e-49
6.4185	7.224551663485234e-49
6.4232499999999995	5.108240834656409e-48
6.428	3.5472582905816787e-47
6.4327499999999995	2.4192193357531882e-46
6.4375	1.620386671055545e-45
6.44225	1.0659162027549477e-44
6.447	6.886339823462486e-44
6.45175	4.369329743680288e-43
6.4565	2.7227149547419895e-42
6.46125	1.6662897273944443e-41
6.466	1.0015204964142144e-40
6.47075	5.911941814287196e-40
6.4755	3.4273735830437923e-39
6.48025	1.9514333535163218e-38
6.484999999999999	1.0912066067345708e-37
6.48975	5.992682026877476e-37
6.4944999999999995	3.232186908715087e-36
6.49925	1.712114021182229e-35
6.504	8.906967865470363e-35
6.50875	4.550803376613864e-34
6.5135	2.283532738839292e-33
6.51825	1.1253494365318623e-32
6.523	5.446638327263527e-32
6.52775	2.588991725346852e-31
6.5325	1.2086311179154147e-30
6.53725	5.5413791381880004e-30
6.542	2.495186107722879e-29
6.54675	1.103440720454187e-28
6.5515	4.792433048109871e-28
6.5562499999999995	2.0442033070977334e-27
6.561	8.563535518191634e-27
6.5657499999999995	3.5232471131333405e-26
6.5705	1.4236200331331007e-25
6.57525	5.649448595726641e-25
6.58	2.201805826126844e-24
6.58475	8.427775462387134e-24
6.5895	3.168165648846328e-23
6.59425	1.1696711813594674e-22
6.599	4.241121197826312e-22
6.60375	1.510283791778126e-21
6.6085	5.281988172918742e-21
6.61325	1.8142505852278162e-20
6.617999999999999	6.120094158298738e-20
6.62275	2.0275889721950903e-19
6.6274999999999995	6.597246656638243e-19
6.63225	2.108174265195044e-18
6.637	6.616240416836624e-18
6.64175	2.0392808124198878e-17
6.6465	6.17310654291766e-17
6.65125	1.8352342128143712e-16
6.656	5.358462622459068e-16
6.66075	1.536561329377439e-15
6.6655	4.3273355958174514e-15
6.67025	1.1968844917325733e-14
6.675	3.251208989003897e-14
6.679749999999999	8.673582603036408e-14
6.6845	2.272548367770953e-13
6.6892499999999995	5.847749174969374e-13
6.694	1.4778328702199937e-12
6.6987499999999995	3.667945653122203e-12
6.7035	8.940904314318158e-12
6.70825	2.1404297888977884e-11
6.713	5.032473661326463e-11
6.71775	1.1620451949849609e-10
6.7225	2.635272393541429e-10
6.72725	5.86933624600481e-10
6.732	1.2838475386062851e-09
6.73675	2.7580294540619127e-09
6.7415	5.818959459982634e-09
6.74625	1.205737443208166e-08
6.7509999999999994	2.453698224487184e-08
6.75575	4.9040008198825755e-08
6.7604999999999995	9.625890215512869e-08
6.76525	1.8556337331307996e-07
6.77	3.513213946607751e-07
6.77475	6.532477491746485e-07
6.7795	1.1929225013200821e-06
6.78425	2.1394765147466648e-06
6.789	3.7684590574705616e-06
6.79375	6.519001237892558e-06
6.7985	1.107539719982704e-05
6.80325	1.847985426025007e-05
6.808	3.0282990335892278e-05
6.812749999999999	4.873713084035152e-05
6.8175	7.703394584475486e-05
6.8222499999999995	0.00011958186263796767
6.827	0.00018230957066354256
6.8317499999999995	0.0002729698036788355
6.8365	0.00040140310824092164
6.84125	0.0005797060587584394
6.846	0.000822234948656759
6.85075	0.0011453679061956344
6.8555	0.001566949758830793
6.86025	0.002105358793546173
6.865	0.0027781657307505035
6.86975	0.003600403421999531
6.8745	0.0045825284121309325
6.87925	0.0057282260954488505
6.8839999999999995	0.007032279460518774
6.88875	0.008478774313461095
6.8934999999999995	0.010039937617522986
6.89825	0.01167588846972622
6.903	0.013335516650796088
6.90775	0.014958592753617531
6.9125	0.016479066868977345
6.91725	0.01782934866372352
6.922	0.018945205675228033
6.92675	0.019770796028734786
6.9315	0.02026329053230769
6.93625	0.02039655269130579
6.941	0.020163436719062792
6.945749999999999	0.019576422351075175
6.9505	0.01866650797795966
6.9552499999999995	0.01748049872240075
6.96	0.01607701964079011
6.9647499999999996	0.014521726406530726
6.9695	0.012882256518283496
6.97425	0.011223456300722487
6.979	0.009603339483519704
6.98375	0.008070100218468669
6.9885	0.006660342441347246
6.99325	0.0053985257165994555
6.998	0.004297489009481372
7.00275	0.003359814959395657
7.007499999999999	0.0025797458874600374
7.01225	0.001945357764651355
7.0169999999999995	0.001440731399339625
7.02175	0.0010479185892312288
7.0264999999999995	0.0007485710928915403
7.03125	0.0005251695589266362
7.036	0.0003618487040438565
7.04075	0.00024485866825575594
7.0455	0.00016272899012676032
7.05025	0.00010621243367059448
7.055	6.808426844802106e-05
7.05975	4.2862665537148454e-05
7.0645	2.6501628391293328e-05
7.06925	1.6092626405275894e-05
7.074	9.597150004171319e-06
7.078749999999999	5.6210651804396115e-06
7.0835	3.2333740185938347e-06
7.0882499999999995	1.8266454181643335e-06
7.093	1.0134761758568642e-06
7.09775	5.522475792253141e-07
7.1025	2.955391923904573e-07
7.10725	1.5533071029692834e-07
7.112	8.01789858577073e-08
7.11675	4.0646651505582e-08
7.1215	2.0237179031963697e-08
7.12625	9.895463886098106e-09
7.131	4.752075446934247e-09
7.13575	2.2412560802444328e-09
7.140499999999999	1.0381512206997413e-09
7.14525	4.722704164770399e-10
7.1499999999999995	2.1099970551185383e-10
7.15475	9.258357386005039e-11
7.1594999999999995	3.989762258547503e-11
7.16425	1.6885778145578458e-11
7.169	7.01869103075999e-12
7.17375	2.8651816113154586e-12
7.1785	1.148706742460815e-12
7.18325	4.523006062157872e-13
7.188	1.7490658244237727e-13
7.19275	6.642722694427559e-14
7.1975	2.47769061766676e-14
7.20225	9.076303596016682e-15
7.207	3.2653665300462875e-15
7.211749999999999	1.1537609721499718e-15
7.2165	4.0036926980656427e-16
7.2212499999999995	1.3644782344973353e-16
7.226	4.567025888404963e-17
7.23075	1.501278686691817e-17
7.2355	4.846744758357447e-18
7.24025	1.5367384728138177e-18
7.245	4.785317561559283e-19
7.24975	1.4634656983111756e-19
7.2545	4.395571170049986e-20
7.25925	1.2966091125247943e-20
7.264	3.756330592896386e-21
7.26875	1.0687583721999307e-21
7.273499999999999	2.9864568059167966e-22
7.27825	8.195848933716366e-23
7.2829999999999995	2.208985584111312e-23
7.28775	5.847321081014708e-24
7.2924999999999995	1.520379013101576e-24
7.29725	3.8930124745771223e-25
7.302	1.0236372686197678e-25
7.30675	4.494398594922564e-26
7.3115	9.146668304267381e-26
7.31625	3.449843302703652e-25
7.321	1.3538155324757743e-24
7.32575	5.236213884504841e-24
7.3305	1.989424460464868e-23
7.33525	7.423417999914496e-23
7.34	2.7204558512399055e-22
7.3447499999999994	9.791302150172931e-22
7.3495	3.460988918162583e-21
7.3542499999999995	1.201492182504297e-20
7.359	4.096402992449717e-20
7.36375	1.3716565592639253e-19
7.3685	4.510753337621278e-19
7.37325	1.4568463769560522e-18
7.378	4.621036745644269e-18
7.38275	1.43954773414178e-17
7.3875	4.4042676475076754e-17
7.39225	1.32337315530706e-16
7.397	3.905277711834114e-16
7.40175	1.1318334101307058e-15
7.406499999999999	3.2216182800564903e-15
7.41125	9.005889973257174e-15
7.4159999999999995	2.4725220727165847e-14
7.42075	6.666758179800705e-14
7.4254999999999995	1.76542882067916e-13
7.43025	4.591416668228276e-13
7.435	1.1727466078808642e-12
7.43975	2.9418643875005613e-12
7.4445	7.247731517547585e-12
7.44925	1.753648426346878e-11
7.454	4.167196188392078e-11
7.45875	9.725374840574837e-11
7.4635	2.2291009434017293e-10
7.468249999999999	5.017808776903091e-10
7.473	1.109326691220645e-09
7.4777499999999995	2.408606216477523e-09
7.4825	5.1360959434505126e-09
7.4872499999999995	1.0756263615418035e-08
7.492	2.212334192386596e-08
7.49675	4.4689038453428545e-08
7.5015	8.865684530943023e-08
7.50625	1.7273666147580991e-07
7.511	3.305352290461518e-07
7.51575	6.21172143231774e-07
7.5205	1.146481821806061e-06
7.52525	2.078180950003065e-06
7.53	3.699649064833031e-06
7.53475	6.468427070878323e-06
7.539499999999999	1.1107026963656787e-05
7.54425	1.8730870054057096e-05
7.5489999999999995	3.102266194230096e-05
7.55375	5.0461615987015956e-05
7.5584999999999996	8.061284207768473e-05
7.56325	0.0001264760507120508
7.568	0.00019488272508219316
7.57275	0.0002949167071445669
7.5775	0.00043831506041533126
7.58225	0.0006397855024843786
7.587	0.0009171563577508336
7.59175	0.0012912589708299169
7.5965	0.001785436081627753
7.601249999999999	0.002424578485399894
7.606	0.003233621410254116
7.6107499999999995	0.004235484345357523
7.6155	0.0054485127897830575
7.6202499999999995	0.006883571900642295
7.625	0.008541039219194491
7.62975	0.010408030678843896
7.6345	0.012456252290061177
7.63925	0.014640881066017292
7.644	0.01690082925092531
7.64875	0.019160630686392677
7.6535	0.021334013752413467
7.65825	0.023329010894151257
7.663	0.025054230332635777
7.66775	0.026425717635346315
7.672499999999999	0.027373699737288617
7.67725	0.027848460562896096
7.6819999999999995	0.02782466030518022
7.68675	0.027303576169406645
7.6915	0.026312988822037486
7.69625	0.02490472859447547
7.701	0.023150183078182545
7.70575	0.02113430794280756
7.7105	0.018948839489119518
7.71525	0.01668546012917388
7.72	0.014429614972303125
7.72475	0.012255535250045193
7.7295	0.010222822266561557
7.734249999999999	0.008374720588403661
7.739	0.0067379974145055045
7.7437499999999995	0.005324175652764825
7.7485	0.004131759156450999
7.7532499999999995	0.0031490452188787806
7.758	0.002357135773186586
7.76275	0.0017328205467248958
7.7675	0.0012510942930314373
7.77225	0.0008871676757794964
7.777	0.0006179219655175469
7.78175	0.0004228309009408279
7.7865	0.0002844237522552091
7.79125	0.00018839151298961833
7.795999999999999	0.00012344645779337356
7.80075	8.103919993828685e-05
7.805499999999999	5.5022505930350175e-05
7.81025	4.133247510378524e-05
7.8149999999999995	3.773893754190067e-05
7.81975	4.3700131717471394e-05
7.8245	6.034242599603833e-05
7.82925	9.057333857594282e-05
7.834	0.00013932387926685822
7.83875	0.0002139024870162119
7.8435	0.00032442603925400413
7.84825	0.00048427286114604466
7.853	0.0007104790125831383
7.85775	0.0010239747760891333
7.8625	0.0014495375186719887
7.867249999999999	0.0020153259569793813
7.872	0.002751866294772307
7.8767499999999995	0.003690389408961514
7.8815	0.004860474893164802
7.8862499999999995	0.006287043011902168
7.891	0.007986844457071684
7.89575	0.009964718533536561
7.9005	0.01221000496217302
7.90525	0.014693580386279947
7.91	0.01736602460842252
7.91475	0.020157384321480447
7.9195	0.02297888360413133
7.92425	0.025726734206597258
7.928999999999999	0.02828794375099203
7.93375	0.030547740074707397
7.9384999999999994	0.03239796875096337
7.94325	0.03374562455053154
7.9479999999999995	0.034520585912377555
7.95275	0.03468165872837172
7.9575	0.034220204763961266
7.96225	0.03316091011586099
7.967	0.03155959886098668
7.97175	0.029498361828777596
7.9765	0.027078592697050877
7.98125	0.024412753975221857
7.986	0.02161580183709131
7.99075	0.018797171820788158
7.9955	0.016054080906678755
8.00025	0.013466668121778387
8.004999999999999	0.01109521955586612
8.00975	0.008979450547116075
8.0145	0.007139587386248111
8.01925	0.0055788301489786436
8.024000000000001	0.004286698677333555
8.028749999999999	0.0032427618862025005
8.0335	0.0024203115024251827
8.03825	0.0017896433920780736
8.043	0.0013207295871200233
8.04775	0.000985181518227112
8.0525	0.0007575048490393885
8.05725	0.0006157203194813269
8.062	0.0005414709120311471
8.066749999999999	0.0005197559101392374
8.0715	0.0005384322741522479
8.07625	0.0005876094537939237
8.081	0.0006590411284330884
8.08575	0.0007455910679049806
8.090499999999999	0.0008408235685243684
8.09525	0.0009387437407932266
8.1	0.0010336904797270858
8.10475	0.001120366004372217
8.1095	0.0011939710720430931
8.11425	0.0012504050130196817
8.119	0.00128648516218351
8.123750000000001	0.0013001413628989079
8.128499999999999	0.001290547749314876
8.13325	0.0012581650844180193
8.138	0.0012046810014213888
8.14275	0.0011328505498671422
8.1475	0.0010462533076413837
8.152249999999999	0.0009489940238086585
8.157	0.0008453799086107006
8.16175	0.0007396086951570758
8.1665	0.0006354977494706996
8.17125	0.0005362768625129545
8.176	0.00044445750462959326
8.18075	0.00036178103976729274
8.185500000000001	0.00028923932960901543
8.190249999999999	0.00022715455888766185
8.195	0.0001753017001469459
8.19975	0.0001330569814048753
8.2045	9.95587519760017e-05
8.20925	7.387271474122705e-05
8.213999999999999	5.5160971597680356e-05
8.21875	4.286312926355742e-05
8.2235	3.690736372919573e-05
8.22825	3.797943632033706e-05
8.233	4.788769128252605e-05
8.23775	7.007120031869192e-05
8.2425	0.00011030497580008312
8.247250000000001	0.00017765817835450572
8.251999999999999	0.00028575509952273733
8.25675	0.00045437011410491513
8.2615	0.0007113520946499471
8.26625	0.001094816897605743
8.271	0.001655466502781918
8.275749999999999	0.0024587922147606234
8.2805	0.00358680490452211
8.28525	0.005138822825841854
8.29	0.0072307600229329985
8.29475	0.00999232489428906
8.2995	0.01356159059253749
8.30425	0.01807656420738164
8.309000000000001	0.023663675671439278
8.313749999999999	0.030423525085942822
8.3185	0.03841473636611213
8.32325	0.04763730342555951
8.328	0.058017293942134035
8.33275	0.06939509145343137
8.337499999999999	0.0815194087732831
8.34225	0.0940490200494688
8.347	0.10656350901360322
8.35175	0.11858335561070317
8.3565	0.1295984904590176
8.36125	0.13910320451498537
8.366	0.14663421261796925
8.370750000000001	0.15180793497433456
8.375499999999999	0.15435283778251566
8.38025	0.15413304163061878
8.385	0.15116034127009154
8.38975	0.14559315701770206
8.3945	0.13772254752446209
8.399249999999999	0.12794700262051698
8.404	0.11673905398696204
8.40875	0.1046075926166033
8.413499999999999	0.09206005503019221
8.41825	0.07956832894918645
8.423	0.06754142654063483
8.42775	0.05630684655299735
8.432500000000001	0.04610129939985756
8.437249999999999	0.03707030097220757
8.442	0.029275211561514247
8.44675	0.022705703221144936
8.4515	0.017295409788506525
8.45625	0.012938613515505815
8.460999999999999	0.009506170709915482
8.46575	0.006859373672284383
8.4705	0.004860985213298008
8.475249999999999	0.0033831801372140205
8.48	0.002312527624709106
8.48475	0.0015524217580330426
8.4895	0.0010235133158565278
8.494250000000001	0.0006627324837265703
8.498999999999999	0.0004214480059949769
8.50375	0.0002632150595989084
8.5085	0.00016145014820005254
8.51325	9.725840593720931e-05
8.518	5.754092392788399e-05
8.52275	3.343393543415813e-05
8.5275	1.907915571179988e-05
8.53225	1.0692808526022953e-05
8.536999999999999	5.885527757643824e-06
8.54175	3.1815592764933004e-06
8.5465	1.6891009668938736e-06
8.55125	8.807084973042398e-07
8.556	4.5099294398654835e-07
8.56075	2.268131825125363e-07
8.5655	1.1202831973589702e-07
8.57025	5.43435914557649e-08
8.575	2.588986797050652e-08
8.57975	1.2113574631125902e-08
8.5845	5.566417638290404e-09
8.58925	2.5121191859525136e-09
8.594	1.1134370738871008e-09
8.598749999999999	4.846766526837665e-10
8.6035	2.0720465432666746e-10
8.60825	8.699772536645687e-11
8.613	3.587379099771285e-11
8.61775	1.4528060309352562e-11
8.6225	5.778285273000732e-12
8.62725	2.257102640005118e-12
8.632	8.658937860018556e-13
8.63675	3.2624128710278495e-13
8.6415	1.207186041978028e-13
8.64625	4.3870286774898306e-14
8.651	1.565769128359093e-14
8.65575	5.488402623549242e-15
8.660499999999999	1.889405542995889e-15
8.66525	6.388007120854278e-16
8.67	2.1211265627711648e-16
8.67475	6.917174922430887e-17
8.679499999999999	2.215398812478065e-17
8.68425	6.96844799766769e-18
8.689	2.1526885107384018e-18
8.69375	6.531114640547219e-19
8.6985	1.9460518427032904e-19
8.70325	5.694852616176628e-20
8.708	1.636709325161199e-20
8.71275	4.619783349960177e-21
8.7175	1.2806564653878336e-21
8.722249999999999	3.486620409616773e-22
8.727	9.322613389913827e-23
8.73175	2.4481141562897738e-23
8.7365	6.313739230192256e-24
8.741249999999999	1.5991993360512526e-24
8.746	3.9781352606256556e-25
8.75075	9.718908082942489e-26
8.7555	2.3319347201372396e-26
8.76025	5.4951086930263874e-27
8.765	1.2717366000088406e-27
8.76975	2.8905403616741396e-28
8.7745	6.452409029346162e-29
8.77925	1.414574181492295e-29
8.783999999999999	3.0457240221182653e-30
8.78875	6.440452103031992e-31
8.7935	1.3375288103257224e-31
8.79825	2.728041174013249e-32
8.802999999999999	5.4646163942167206e-33
8.80775	1.0750518854764753e-33
8.8125	2.0771131457346883e-34
8.81725	3.941412304354295e-35
8.822	7.345215911880437e-36
8.82675	1.3443682565198081e-36
8.8315	2.416534038207302e-37
8.83625	4.2660758113146653e-38
8.841	7.396482016089726e-39
8.84575	1.259455499033905e-39
8.8505	2.1062088480982103e-40
8.85525	3.4592426226715335e-41
8.86	5.579838107174364e-42
8.864749999999999	8.839407556562878e-43
8.8695	1.3752628217099758e-43
8.87425	2.101402436861538e-44
8.879	3.153506605900933e-45
8.88375	4.647712369036787e-46
8.8885	6.727376378425723e-47
8.89325	9.563419208244214e-48
8.898	1.3351856166619545e-48
8.90275	1.830758595245903e-49
8.9075	2.465366571221441e-50
8.91225	3.2605653476483633e-51
8.917	4.23511589133333e-52
8.92175	5.402548495525426e-53
8.926499999999999	6.768509355469143e-54
8.93125	8.328146911635245e-55
8.936	1.0063862777082526e-55
8.94075	1.1943786175587564e-56
8.9455	1.3921316837485822e-57
8.95025	1.5936010246488022e-58
8.955	1.7915951061951013e-59
8.95975	1.978158649109257e-60
8.9645	2.145079318049847e-61
8.96925	2.2844758775900366e-62
8.974	2.3894105788405014e-63
8.97875	2.4544600761003397e-64
8.9835	2.4761796327934903e-65
8.988249999999999	2.453405341455016e-66
8.993	2.387357457133252e-67
8.99775	2.281532076702767e-68
9.0025	2.1413945459005456e-69
9.007249999999999	1.9739120123971408e-70
9.012	1.7869807450512318e-71
9.01675	1.5888138738530506e-72
9.0215	1.3873914185974524e-73
9.02625	1.1944643658223226e-74
9.031	1.566687683520967e-75
9.03575	6.748546210389773e-75
9.0405	7.729124836044563e-74
9.04525	8.800416345466769e-73
9.049999999999999	9.841797165484653e-72
9.05475	1.0809530902278997e-70
9.0595	1.166004619665439e-69
9.06425	1.2352494789216306e-68
9.068999999999999	1.2851980923140163e-67
9.07375	1.3132470978043072e-66
9.0785	1.3179041082349516e-65
9.08325	1.2989192660719401e-64
9.088	1.2573074524363239e-63
9.09275	1.1952584031335256e-62
9.0975	1.1159458105721575e-61
9.10225	1.0232585713515381e-60
9.107	9.214858291244012e-60
9.111749999999999	8.149911921011644e-59
9.1165	7.07910174133022e-58
9.12125	6.03899093331266e-57
9.126	5.0595464301667855e-56
9.130749999999999	4.163128138144557e-55
9.1355	3.3642553806090447e-54
9.14025	2.670048299617078e-53
9.145	2.081182972866177e-52
9.14975	1.593171009885096e-51
9.1545	1.1977757354081802e-50
9.15925	8.844017865035018e-50
9.164	6.413346374520119e-49
9.16875	4.56752323836737e-48
9.1735	3.194756921503958e-47
9.17825	2.194602443600632e-46
9.183	1.4805902384563138e-45
9.18775	9.810132872080832e-45
9.192499999999999	6.383750166400378e-44
9.19725	4.079790471416773e-43
9.202	2.560712497383441e-42
9.20675	1.5785006583106032e-41
9.2115	9.55629831048871e-41
9.21625	5.681926530160077e-40
9.221	3.317894052337154e-39
9.22575	1.9027879772075335e-38
9.2305	1.0717148981813424e-37
9.23525	5.928285654050163e-37
9.24	3.220623521713139e-36
9.24475	1.7183506186491425e-35
9.2495	9.004188771336107e-35
9.254249999999999	4.633811720212816e-34
9.259	2.3420338115491766e-33
9.26375	1.1625427234021821e-32
9.2685	5.667423521673216e-32
9.273249999999999	2.7134598448444868e-31
9.278	1.2759160907115008e-30
9.28275	5.8922588090107486e-30
9.2875	2.6724063738588984e-29
9.29225	1.190376016115595e-28
9.297	5.207470541197473e-28
9.30175	2.237332133341743e-27
9.3065	9.44050188140713e-27
9.31125	3.912196774561394e-26
9.315999999999999	1.5922354276192368e-25
9.32075	6.3643617889443305e-25
9.3255	2.498408340119449e-24
9.33025	9.63236579754544e-24
9.334999999999999	3.647232906113272e-23
9.33975	1.356297660643442e-22
9.3445	4.953446907415194e-22
9.34925	1.7767282055557025e-21
9.354	6.2588632939202156e-21
9.35875	2.165364035808218e-20
9.3635	7.357450646524744e-20
9.36825	2.455188155828824e-19
9.373	8.046429077806508e-19
9.377749999999999	2.5898975195851e-18
9.3825	8.186965424790986e-18
9.38725	2.541700167024223e-17
9.392	7.749731628669929e-17
9.396749999999999	2.3206518620015653e-16
9.4015	6.824868825730423e-16
9.40625	1.971240476764187e-15
9.411	5.591726128929752e-15
9.41575	1.5578052431290675e-14
9.4205	4.2622744882388655e-14
9.42525	1.1453300425400017e-13
9.43	3.0226013724933044e-13
9.43475	7.834153602642856e-13
9.439499999999999	1.9941796230176706e-12
9.44425	4.985370627705228e-12
9.449	1.2240287302519985e-11
9.45375	2.951526978439163e-11
9.458499999999999	6.98977003276129e-11
9.46325	1.6256984897103968e-10
9.468	3.713454454653085e-10
9.47275	8.330617334766575e-10
9.4775	1.8354275841618376e-09
9.48225	3.971534207327065e-09
9.487	8.43995916439817e-09
9.49175	1.7615029213822587e-08
9.4965	3.610666485262194e-08
9.50125	7.268626722870249e-08
9.506	1.4370713878660845e-07
9.51075	2.790392548341768e-07
9.5155	5.321244924095541e-07
9.520249999999999	9.966029742647091e-07
9.525	1.833125055952509e-06
9.52975	3.3114865299370236e-06
9.5345	5.875094771812744e-06
9.53925	1.0236883128265649e-05
9.544	1.751788206101745e-05
9.54875	2.9441262926893712e-05
9.5535	4.8595075143336525e-05
9.55825	7.877511844847404e-05
9.563	0.00012541424161809835
9.56775	0.0001960945991019546
9.5725	0.00030112401542448656
9.57725	0.0004541362173580603
9.581999999999999	0.000672648019950626
9.58675	0.000978476912013442
9.5915	0.0013978941313421834
9.59625	0.0019613674573376125
9.600999999999999	0.002702742267712506
9.60575	0.0036577269855616965
9.6105	0.004861596647691665
9.61525	0.006346109273535827
9.62	0.00813574171493466
9.62475	0.010243485189992322
9.6295	0.012666578522580343
9.63425	0.015382675556211634
9.639	0.01834701539119087
9.643749999999999	0.021491164824723876
9.6485	0.024723814088417267
9.65325	0.027933925343881703
9.658	0.030996271166241696
9.662749999999999	0.03377908798307618
9.6675	0.03615325233352913
9.67225	0.038002118656492015
9.677	0.039230986728073194
9.68175	0.03977513277181827
9.6865	0.03960545701954995
9.69125	0.03873106194327775
9.696	0.0371984432501945
9.70075	0.035087393706172657
9.705499999999999	0.03250412200740536
9.71025	0.029572412372454157
9.715	0.02642384738075183
9.71975	0.02318816252092346
9.724499999999999	0.01998469863101304
9.72925	0.01691569539091967
9.734	0.01406187046867225
9.73875	0.011480407792902972
9.7435	0.009205185000316581
9.74825	0.007248843307103783
9.753	0.0056061651526575045
9.75775	0.004258180312315491
9.7625	0.0031764585487432813
9.76725	0.002327144343563237
9.772	0.0016744201266445673
9.77675	0.0011832228121691193
9.7815	0.0008211634624449905
9.786249999999999	0.0005596979097344495
9.791	0.000374661215114108
9.79575	0.00024631154832849245
9.8005	0.00015903466403737276
9.80525	0.00010084626124438343
9.81	6.280421513918762e-05
9.81475	3.841304791273596e-05
9.8195	2.307436338992159e-05
9.82425	1.3612618470287012e-05
9.829	7.887050136687234e-06
9.83375	4.487955223681142e-06
9.8385	2.5080917154796073e-06
9.84325	1.3765731569615661e-06
9.847999999999999	7.420209447944552e-07
9.85275	3.9282038440344794e-07
9.8575	2.042362618951368e-07
9.86225	1.0428760032738903e-07
9.866999999999999	5.229901149665968e-08
9.87175	2.5758185761804486e-08
9.8765	1.2459426316122964e-08
9.88125	5.918910946628349e-09
9.886	2.7615095545183978e-09
9.89075	1.265354690030959e-09
9.8955	5.694282283589617e-10
9.90025	2.5166724264572735e-10
9.905	1.0923841085701141e-10
9.909749999999999	4.656772707821024e-11
9.9145	1.9496456853440366e-11
9.91925	8.016546749077914e-12
9.924	3.2372776632939245e-12
9.928749999999999	1.2839069698276907e-12
9.9335	5.000899729960927e-13
9.93825	1.913038550869342e-13
9.943	7.187209126614594e-14
9.94775	2.6519041859737283e-14
9.9525	9.60984509648025e-15
9.95725	3.420079489894267e-15
9.962	1.1954178266924163e-15
9.96675	4.1038536261951647e-16
9.971499999999999	1.3845361685109061e-16
9.97625	4.617334644118535e-17
9.981	1.6103272862751057e-17
9.98575	8.660016828405042e-18
9.990499999999999	1.3876882560109054e-17
9.99525	3.905560117390773e-17
