0.5	0.0
0.50475	0.0
0.5095	0.0
0.51425	0.0
0.519	0.0
0.52375	0.0
0.5285	0.0
0.53325	0.0
0.538	0.0
0.54275	0.0
0.5475	0.0
0.55225	0.0
0.5569999999999999	0.0
0.56175	0.0
0.5665	0.0
0.57125	0.0
0.576	0.0
0.58075	0.0
0.5855	0.0
0.5902499999999999	0.0
0.595	0.0
0.59975	0.0
0.6045	0.0
0.60925	0.0
0.614	0.0
0.61875	0.0
0.6234999999999999	0.0
0.62825	0.0
0.633	0.0
0.63775	0.0
0.6425	0.0
0.64725	0.0
0.652	0.0
0.65675	0.0
0.6615	0.0
0.66625	0.0
0.671	0.0
0.67575	0.0
0.6805	0.0
0.68525	0.0
0.69	0.0
0.69475	0.0
0.6995	0.0
0.70425	0.0
0.709	0.0
0.71375	0.0
0.7185	0.0
0.72325	0.0
0.728	0.0
0.73275	0.0
0.7375	0.0
0.74225	0.0
0.747	0.0
0.7517499999999999	0.0
0.7565	0.0
0.76125	0.0
0.766	0.0
0.77075	0.0
0.7755	0.0
0.78025	0.0
0.7849999999999999	0.0
0.78975	0.0
0.7945	0.0
0.79925	0.0
0.804	0.0
0.80875	0.0
0.8135	0.0
0.8182499999999999	0.0
0.823	0.0
0.82775	0.0
0.8325	0.0
0.83725	0.0
0.842	0.0
0.84675	0.0
0.8514999999999999	0.0
0.85625	0.0
0.861	0.0
0.86575	0.0
0.8705	0.0
0.87525	0.0
0.88	0.0
0.8847499999999999	0.0
0.8895	0.0
0.89425	0.0
0.899	0.0
0.90375	0.0
0.9085	0.0
0.91325	0.0
0.9179999999999999	0.0
0.92275	0.0
0.9275	0.0
0.93225	0.0
0.937	0.0
0.94175	0.0
0.9465	0.0
0.9512499999999999	0.0
0.956	0.0
0.96075	0.0
0.9655	0.0
0.9702500000000001	0.0
0.975	0.0
0.97975	0.0
0.9844999999999999	0.0
0.98925	0.0
0.994	0.0
0.99875	0.0
1.0034999999999998	0.0
1.0082499999999999	0.0
1.013	0.0
1.01775	0.0
1.0225	0.0
1.02725	0.0
1.032	0.0
1.03675	0.0
1.0415	0.0
1.0462500000000001	0.0
1.051	0.0
1.05575	0.0
1.0605	0.0
1.06525	0.0
1.0699999999999998	0.0
1.0747499999999999	0.0
1.0795	0.0
1.08425	0.0
1.089	0.0
1.09375	0.0
1.0985	0.0
1.10325	0.0
1.108	0.0
1.1127500000000001	0.0
1.1175	0.0
1.12225	0.0
1.127	0.0
1.13175	0.0
1.1364999999999998	0.0
1.1412499999999999	0.0
1.146	0.0
1.15075	0.0
1.1555	0.0
1.16025	0.0
1.165	0.0
1.16975	0.0
1.1745	0.0
1.1792500000000001	0.0
1.184	0.0
1.18875	0.0
1.1935	0.0
1.19825	0.0
1.2029999999999998	0.0
1.2077499999999999	0.0
1.2125	0.0
1.21725	0.0
1.222	0.0
1.22675	0.0
1.2315	0.0
1.23625	0.0
1.241	0.0
1.2457500000000001	0.0
1.2505	0.0
1.25525	0.0
1.26	0.0
1.2647499999999998	0.0
1.2694999999999999	0.0
1.2742499999999999	0.0
1.279	0.0
1.28375	0.0
1.2885	0.0
1.29325	0.0
1.298	0.0
1.30275	0.0
1.3075	0.0
1.3122500000000001	0.0
1.317	0.0
1.32175	0.0
1.3265	0.0
1.3312499999999998	0.0
1.3359999999999999	0.0
1.3407499999999999	0.0
1.3455	0.0
1.35025	0.0
1.355	0.0
1.35975	0.0
1.3645	0.0
1.36925	0.0
1.374	0.0
1.3787500000000001	0.0
1.3835	0.0
1.38825	0.0
1.393	0.0
1.3977499999999998	0.0
1.4024999999999999	0.0
1.40725	0.0
1.412	0.0
1.41675	0.0
1.4215	0.0
1.42625	0.0
1.431	0.0
1.43575	0.0
1.4405000000000001	0.0
1.44525	0.0
1.45	0.0
1.45475	0.0
1.4595	0.0
1.4642499999999998	0.0
1.4689999999999999	0.0
1.47375	0.0
1.4785	0.0
1.48325	0.0
1.488	0.0
1.49275	0.0
1.4975	0.0
1.50225	0.0
1.507	0.0
1.51175	0.0
1.5165	0.0
1.52125	0.0
1.526	0.0
1.53075	0.0
1.5354999999999999	0.0
1.54025	0.0
1.545	0.0
1.54975	0.0
1.5545	0.0
1.55925	0.0
1.564	0.0
1.5687499999999999	0.0
1.5735	0.0
1.57825	0.0
1.583	0.0
1.58775	0.0
1.5925	0.0
1.59725	0.0
1.6019999999999999	0.0
1.60675	0.0
1.6115	0.0
1.61625	0.0
1.621	0.0
1.62575	0.0
1.6305	0.0
1.6352499999999999	0.0
1.64	0.0
1.64475	0.0
1.6495	0.0
1.65425	0.0
1.659	0.0
1.66375	0.0
1.6684999999999999	0.0
1.67325	0.0
1.678	0.0
1.68275	0.0
1.6875	0.0
1.69225	0.0
1.697	0.0
1.7017499999999999	0.0
1.7065	0.0
1.71125	0.0
1.716	0.0
1.72075	0.0
1.7255	0.0
1.73025	0.0
1.7349999999999999	0.0
1.73975	0.0
1.7445	0.0
1.74925	0.0
1.754	0.0
1.75875	0.0
1.7635	0.0
1.7682499999999999	0.0
1.773	0.0
1.77775	0.0
1.7825	0.0
1.78725	0.0
1.792	0.0
1.79675	0.0
1.8014999999999999	0.0
1.80625	0.0
1.811	0.0
1.81575	0.0
1.8205	0.0
1.82525	0.0
1.83	0.0
1.8347499999999999	0.0
1.8395	0.0
1.84425	0.0
1.849	0.0
1.85375	0.0
1.8585	0.0
1.86325	0.0
1.8679999999999999	0.0
1.87275	0.0
1.8775	0.0
1.88225	0.0
1.887	0.0
1.89175	0.0
1.8965	0.0
1.9012499999999999	0.0
1.906	0.0
1.91075	0.0
1.9155	0.0
1.92025	0.0
1.925	0.0
1.9297499999999999	0.0
1.9344999999999999	0.0
1.93925	0.0
1.944	0.0
1.94875	0.0
1.9535	0.0
1.95825	0.0
1.9629999999999999	0.0
1.9677499999999999	0.0
1.9725	0.0
1.97725	0.0
1.982	0.0
1.98675	0.0
1.9915	0.0
1.9962499999999999	0.0
2.001	0.0
2.00575	0.0
2.0105	0.0
2.01525	0.0
2.02	0.0
2.02475	0.0
2.0294999999999996	0.0
2.03425	0.0
2.0389999999999997	0.0
2.04375	0.0
2.0484999999999998	0.0
2.0532500000000002	0.0
2.058	0.0
2.06275	0.0
2.0675	0.0
2.07225	0.0
2.077	0.0
2.08175	0.0
2.0865	0.0
2.09125	0.0
2.096	0.0
2.1007499999999997	0.0
2.1055	0.0
2.1102499999999997	0.0
2.115	0.0
2.11975	0.0
2.1245000000000003	0.0
2.12925	0.0
2.134	0.0
2.13875	0.0
2.1435	0.0
2.14825	0.0
2.153	0.0
2.15775	0.0
2.1624999999999996	0.0
2.16725	0.0
2.1719999999999997	0.0
2.17675	0.0
2.1814999999999998	0.0
2.1862500000000002	0.0
2.191	0.0
2.19575	0.0
2.2005	0.0
2.20525	0.0
2.21	0.0
2.21475	0.0
2.2195	0.0
2.22425	0.0
2.229	0.0
2.2337499999999997	0.0
2.2385	0.0
2.2432499999999997	0.0
2.248	0.0
2.25275	0.0
2.2575000000000003	0.0
2.26225	0.0
2.267	0.0
2.27175	0.0
2.2765	0.0
2.28125	0.0
2.286	0.0
2.29075	0.0
2.2954999999999997	0.0
2.30025	0.0
2.3049999999999997	0.0
2.30975	0.0
2.3145	0.0
2.3192500000000003	0.0
2.324	0.0
2.32875	0.0
2.3335	0.0
2.33825	0.0
2.343	0.0
2.34775	0.0
2.3525	0.0
2.3572499999999996	0.0
2.362	0.0
2.3667499999999997	0.0
2.3715	0.0
2.3762499999999998	0.0
2.3810000000000002	0.0
2.38575	0.0
2.3905	0.0
2.39525	0.0
2.4	0.0
2.40475	0.0
2.4095	0.0
2.41425	0.0
2.419	0.0
2.42375	0.0
2.4284999999999997	0.0
2.43325	0.0
2.4379999999999997	0.0
2.44275	0.0
2.4475	0.0
2.4522500000000003	0.0
2.457	0.0
2.46175	0.0
2.4665	0.0
2.47125	0.0
2.476	0.0
2.48075	0.0
2.4855	0.0
2.4902499999999996	0.0
2.495	0.0
2.4997499999999997	0.0
2.5045	0.0
2.5092499999999998	0.0
2.514	0.0
2.51875	0.0
2.5235	0.0
2.52825	0.0
2.533	0.0
2.53775	0.0
2.5425	0.0
2.54725	0.0
2.552	0.0
2.55675	0.0
2.5615	0.0
2.56625	0.0
2.5709999999999997	0.0
2.5757499999999998	0.0
2.5805	0.0
2.58525	0.0
2.59	0.0
2.59475	0.0
2.5995	0.0
2.60425	0.0
2.609	0.0
2.61375	0.0
2.6185	0.0
2.62325	0.0
2.628	0.0
2.63275	0.0
2.6374999999999997	0.0
2.6422499999999998	0.0
2.647	0.0
2.65175	0.0
2.6565	0.0
2.66125	0.0
2.666	0.0
2.67075	0.0
2.6755	0.0
2.68025	0.0
2.685	0.0
2.68975	0.0
2.6945	0.0
2.69925	0.0
2.7039999999999997	0.0
2.7087499999999998	0.0
2.7135	0.0
2.71825	0.0
2.723	0.0
2.72775	0.0
2.7325	0.0
2.73725	0.0
2.742	0.0
2.74675	0.0
2.7515	0.0
2.75625	0.0
2.761	0.0
2.76575	0.0
2.7704999999999997	0.0
2.7752499999999998	0.0
2.78	0.0
2.78475	0.0
2.7895	0.0
2.79425	0.0
2.799	0.0
2.80375	0.0
2.8085	0.0
2.81325	0.0
2.818	0.0
2.82275	0.0
2.8275	0.0
2.83225	0.0
2.8369999999999997	0.0
2.8417499999999998	0.0
2.8465	0.0
2.85125	0.0
2.856	0.0
2.86075	0.0
2.8655	0.0
2.87025	0.0
2.875	0.0
2.87975	0.0
2.8845	0.0
2.88925	0.0
2.894	0.0
2.89875	0.0
2.9034999999999997	0.0
2.90825	0.0
2.913	0.0
2.91775	0.0
2.9225	0.0
2.92725	0.0
2.932	0.0
2.93675	0.0
2.9415	0.0
2.94625	0.0
2.951	0.0
2.95575	0.0
2.9605	0.0
2.9652499999999997	0.0
2.9699999999999998	0.0
2.97475	0.0
2.9795	0.0
2.98425	0.0
2.989	0.0
2.99375	0.0
2.9985	0.0
3.00325	0.0
3.008	0.0
3.01275	0.0
3.0175	0.0
3.02225	0.0
3.027	0.0
3.0317499999999997	0.0
3.0364999999999998	0.0
3.04125	0.0
3.046	0.0
3.05075	0.0
3.0555	0.0
3.06025	0.0
3.065	0.0
3.06975	0.0
3.0745	0.0
3.07925	0.0
3.084	0.0
3.08875	0.0
3.0935	0.0
3.0982499999999997	0.0
3.1029999999999998	0.0
3.10775	0.0
3.1125	0.0
3.11725	0.0
3.122	0.0
3.12675	0.0
3.1315	0.0
3.13625	0.0
3.141	0.0
3.14575	0.0
3.1505	0.0
3.15525	0.0
3.16	0.0
3.1647499999999997	0.0
3.1694999999999998	0.0
3.17425	0.0
3.179	0.0
3.18375	0.0
3.1885	0.0
3.19325	0.0
3.198	0.0
3.20275	0.0
3.2075	0.0
3.21225	0.0
3.217	0.0
3.22175	0.0
3.2265	0.0
3.2312499999999997	0.0
3.2359999999999998	0.0
3.24075	0.0
3.2455	0.0
3.25025	0.0
3.255	0.0
3.25975	0.0
3.2645	0.0
3.26925	0.0
3.274	0.0
3.27875	0.0
3.2835	0.0
3.28825	0.0
3.293	0.0
3.2977499999999997	0.0
3.3024999999999998	0.0
3.30725	0.0
3.312	0.0
3.31675	0.0
3.3215	0.0
3.32625	0.0
3.331	0.0
3.33575	0.0
3.3405	0.0
3.34525	0.0
3.35	0.0
3.35475	0.0
3.3594999999999997	0.0
3.3642499999999997	0.0
3.3689999999999998	0.0
3.37375	0.0
3.3785	0.0
3.38325	0.0
3.388	0.0
3.39275	0.0
3.3975	0.0
3.40225	0.0
3.407	0.0
3.41175	0.0
3.4165	0.0
3.42125	0.0
3.4259999999999997	0.0
3.4307499999999997	0.0
3.4354999999999998	0.0
3.44025	0.0
3.445	0.0
3.44975	0.0
3.4545	0.0
3.45925	0.0
3.464	0.0
3.46875	0.0
3.4735	0.0
3.47825	0.0
3.483	0.0
3.48775	0.0
3.4924999999999997	0.0
3.4972499999999997	0.0
3.502	0.0
3.50675	0.0
3.5115	0.0
3.51625	0.0
3.521	0.0
3.52575	0.0
3.5305	0.0
3.53525	0.0
3.54	0.0
3.54475	0.0
3.5495	0.0
3.55425	0.0
3.5589999999999997	0.0
3.5637499999999998	0.0
3.5685	0.0
3.57325	0.0
3.578	0.0
3.58275	0.0
3.5875	0.0
3.59225	0.0
3.597	0.0
3.60175	0.0
3.6065	0.0
3.61125	0.0
3.616	0.0
3.62075	0.0
3.6254999999999997	0.0
3.6302499999999998	0.0
3.635	0.0
3.63975	0.0
3.6445	0.0
3.64925	0.0
3.654	0.0
3.65875	0.0
3.6635	0.0
3.66825	0.0
3.673	0.0
3.67775	0.0
3.6825	0.0
3.68725	0.0
3.6919999999999997	0.0
3.6967499999999998	0.0
3.7015	0.0
3.70625	0.0
3.711	0.0
3.71575	0.0
3.7205	0.0
3.72525	0.0
3.73	0.0
3.73475	0.0
3.7395	0.0
3.74425	0.0
3.749	0.0
3.7537499999999997	0.0
3.7584999999999997	0.0
3.7632499999999998	0.0
3.768	0.0
3.77275	0.0
3.7775	0.0
3.78225	0.0
3.787	0.0
3.79175	0.0
3.7965	0.0
3.80125	0.0
3.806	0.0
3.81075	0.0
3.8155	0.0
3.8202499999999997	0.0
3.8249999999999997	0.0
3.8297499999999998	0.0
3.8345	0.0
3.83925	0.0
3.844	0.0
3.84875	0.0
3.8535	0.0
3.85825	0.0
3.863	0.0
3.86775	0.0
3.8725	0.0
3.87725	0.0
3.882	0.0
3.8867499999999997	0.0
3.8914999999999997	0.0
3.8962499999999998	0.0
3.901	0.0
3.90575	0.0
3.9105	0.0
3.91525	0.0
3.92	0.0
3.92475	0.0
3.9295	0.0
3.93425	0.0
3.939	0.0
3.94375	0.0
3.9485	0.0
3.9532499999999997	0.0
3.9579999999999997	0.0
3.9627499999999998	0.0
3.9675	0.0
3.97225	0.0
3.977	0.0
3.98175	0.0
3.9865	0.0
3.99125	0.0
3.996	0.0
4.00075	0.0
4.0055	0.0
4.01025	0.0
4.015000000000001	0.0
4.01975	0.0
4.0245	0.0
4.029249999999999	0.0
4.034	0.0
4.03875	0.0
4.0435	0.0
4.0482499999999995	0.0
4.053	0.0
4.05775	0.0
4.0625	0.0
4.06725	0.0
4.072	0.0
4.0767500000000005	0.0
4.0815	0.0
4.08625	0.0
4.090999999999999	0.0
4.09575	0.0
4.1005	0.0
4.10525	0.0
4.109999999999999	0.0
4.11475	0.0
4.1195	0.0
4.12425	0.0
4.129	0.0
4.13375	0.0
4.1385000000000005	0.0
4.14325	0.0
4.148	0.0
4.152749999999999	0.0
4.1575	0.0
4.16225	0.0
4.167	0.0
4.171749999999999	0.0
4.1765	0.0
4.18125	0.0
4.186	0.0
4.1907499999999995	0.0
4.1955	0.0
4.2002500000000005	0.0
4.205	0.0
4.20975	0.0
4.214499999999999	0.0
4.21925	0.0
4.224	0.0
4.22875	0.0
4.233499999999999	0.0
4.23825	0.0
4.243	0.0
4.24775	0.0
4.2524999999999995	0.0
4.25725	0.0
4.2620000000000005	0.0
4.26675	0.0
4.2715	0.0
4.27625	0.0
4.281	0.0
4.28575	0.0
4.2905	0.0
4.295249999999999	0.0
4.3	0.0
4.30475	0.0
4.3095	0.0
4.3142499999999995	0.0
4.319	0.0
4.32375	0.0
4.3285	0.0
4.33325	0.0
4.338	0.0
4.3427500000000006	0.0
4.3475	0.0
4.35225	0.0
4.356999999999999	0.0
4.36175	0.0
4.3665	0.0
4.37125	0.0
4.3759999999999994	0.0
4.38075	0.0
4.3855	0.0
4.39025	0.0
4.395	0.0
4.39975	0.0
4.4045000000000005	0.0
4.40925	0.0
4.414	0.0
4.418749999999999	0.0
4.4235	0.0
4.42825	0.0
4.433	0.0
4.437749999999999	0.0
4.4425	0.0
4.44725	0.0
4.452	0.0
4.4567499999999995	0.0
4.4615	0.0
4.4662500000000005	0.0
4.471	0.0
4.47575	0.0
4.480499999999999	0.0
4.48525	0.0
4.49	0.0
4.49475	0.0
4.499499999999999	0.0
4.50425	0.0
4.509	0.0
4.51375	0.0
4.5184999999999995	0.0
4.52325	0.0
4.528	0.0
4.53275	0.0
4.5375	0.0
4.54225	0.0
4.547	0.0
4.55175	0.0
4.5565	0.0
4.56125	0.0
4.566	0.0
4.57075	0.0
4.5755	0.0
4.5802499999999995	0.0
4.585	0.0
4.5897499999999996	0.0
4.5945	0.0
4.59925	0.0
4.604	0.0
4.60875	0.0
4.6135	0.0
4.61825	0.0
4.623	0.0
4.62775	0.0
4.6325	0.0
4.63725	0.0
4.6419999999999995	0.0
4.64675	0.0
4.6514999999999995	0.0
4.65625	0.0
4.661	0.0
4.66575	0.0
4.6705	0.0
4.67525	0.0
4.68	0.0
4.68475	0.0
4.6895	0.0
4.69425	0.0
4.699	0.0
4.70375	0.0
4.7085	0.0
4.7132499999999995	0.0
4.718	0.0
4.72275	0.0
4.7275	0.0
4.73225	0.0
4.737	0.0
4.74175	0.0
4.7465	0.0
4.75125	0.0
4.756	0.0
4.76075	0.0
4.7655	0.0
4.77025	0.0
4.7749999999999995	0.0
4.77975	0.0
4.7844999999999995	0.0
4.78925	0.0
4.794	0.0
4.79875	0.0
4.8035	0.0
4.80825	0.0
4.813	0.0
4.81775	0.0
4.8225	0.0
4.82725	0.0
4.832	0.0
4.83675	0.0
4.8415	0.0
4.8462499999999995	0.0
4.851	0.0
4.85575	0.0
4.8605	0.0
4.86525	0.0
4.87	0.0
4.87475	0.0
4.8795	0.0
4.88425	0.0
4.889	0.0
4.89375	0.0
4.8985	0.0
4.90325	0.0
4.9079999999999995	0.0
4.91275	0.0
4.9174999999999995	0.0
4.92225	0.0
4.927	0.0
4.93175	0.0
4.9365	0.0
4.94125	0.0
4.946	0.0
4.95075	0.0
4.9555	0.0
4.96025	0.0
4.965	0.0
4.9697499999999994	0.0
4.9745	0.0
4.9792499999999995	0.0
4.984	0.0
4.98875	0.0
4.9935	0.0
4.99825	0.0
5.003	0.0
5.00775	0.0
5.0125	0.0
5.01725	0.0
5.022	0.0
5.02675	0.0
5.0315	0.0
5.03625	0.0
5.0409999999999995	0.0
5.04575	0.0
5.0504999999999995	0.0
5.05525	0.0
5.06	0.0
5.06475	0.0
5.0695	0.0
5.07425	0.0
5.079	0.0
5.08375	0.0
5.0885	0.0
5.09325	0.0
5.098	0.0
5.1027499999999995	0.0
5.1075	0.0
5.1122499999999995	0.0
5.117	0.0
5.12175	0.0
5.1265	0.0
5.13125	0.0
5.136	0.0
5.14075	0.0
5.1455	0.0
5.15025	0.0
5.155	0.0
5.15975	0.0
5.1645	0.0
5.16925	0.0
5.1739999999999995	0.0
5.17875	0.0
5.1834999999999996	0.0
5.18825	0.0
5.193	0.0
5.19775	0.0
5.2025	0.0
5.20725	0.0
5.212	0.0
5.21675	0.0
5.2215	0.0
5.22625	0.0
5.231	0.0
5.2357499999999995	0.0
5.2405	0.0
5.2452499999999995	0.0
5.25	0.0
5.25475	0.0
5.2595	0.0
5.26425	0.0
5.269	0.0
5.27375	0.0
5.2785	0.0
5.28325	0.0
5.288	0.0
5.29275	0.0
5.2975	0.0
5.30225	0.0
5.3069999999999995	0.0
5.31175	0.0
5.3165	0.0
5.32125	0.0
5.326	0.0
5.33075	0.0
5.3355	0.0
5.34025	0.0
5.345	0.0
5.34975	0.0
5.3545	0.0
5.35925	0.0
5.364	0.0
5.3687499999999995	0.0
5.3735	0.0
5.3782499999999995	0.0
5.383	0.0
5.38775	0.0
5.3925	0.0
5.39725	0.0
5.402	0.0
5.40675	0.0
5.4115	0.0
5.41625	0.0
5.421	0.0
5.42575	0.0
5.430499999999999	0.0
5.43525	0.0
5.4399999999999995	0.0
5.44475	0.0
5.4495	0.0
5.45425	0.0
5.459	0.0
5.46375	0.0
5.4685	0.0
5.47325	0.0
5.478	0.0
5.48275	0.0
5.4875	0.0
5.49225	0.0
5.497	0.0
5.5017499999999995	0.0
5.5065	0.0
5.5112499999999995	0.0
5.516	0.0
5.52075	5e-324
5.5255	1.06e-321
5.53025	1.81935e-319
5.535	3.0618636e-317
5.53975	5.06081999e-315
5.5445	8.2151773378e-313
5.54925	1.3097064908815e-310
5.554	2.050652168144341e-308
5.55875	3.1533415098599175e-306
5.5634999999999994	4.762236931194006e-304
5.56825	7.063370287256241e-302
5.5729999999999995	1.0289018170521931e-299
5.57775	1.4719629504000798e-297
5.5825	2.0681441607343984e-295
5.58725	2.85381438014701e-293
5.592	3.8675115599556356e-291
5.59675	5.147525462442956e-289
5.6015	6.728625718383352e-287
5.60625	8.638040252810872e-285
5.611	1.0890932349832044e-282
5.61575	1.3485774141167357e-280
5.6205	1.640014500454802e-278
5.62525	1.9587566261922225e-276
5.63	2.297599107818692e-274
5.6347499999999995	2.646848072722839e-272
5.6395	2.994640945038391e-270
5.6442499999999995	3.327526228489768e-268
5.649	3.631275513220546e-266
5.65375	3.8918661848208367e-264
5.6585	4.0965436076118933e-262
5.66325	4.234852122907093e-260
5.668	4.299519290989744e-258
5.67275	4.287089385107897e-256
5.6775	4.198229344190672e-254
5.68225	4.0376694862754684e-252
5.687	3.813786317202775e-250
5.69175	3.537878641530265e-248
5.6964999999999995	3.2232240220605485e-246
5.70125	2.8840250975933395e-244
5.7059999999999995	2.5343615106479063e-242
5.71075	2.1872532869142005e-240
5.7155	1.8539182341588767e-238
5.72025	1.543274067937036e-236
5.725	1.261701228704749e-234
5.72975	1.0130502263375602e-232
5.7345	7.988521611573932e-231
5.73925	6.186753825906645e-229
5.744	4.705656712344612e-227
5.74875	3.515107664661564e-225
5.7535	2.578802048627725e-223
5.75825	1.8580541475278437e-221
5.763	1.314800044810041e-219
5.7677499999999995	9.137387415900551e-218
5.7725	6.236563552275756e-216
5.7772499999999996	4.180513692458258e-214
5.782	2.7521679482906873e-212
5.78675	1.7794311951374975e-210
5.7915	1.1299219662849955e-208
5.79625	7.046552435392771e-207
5.801	4.3158456952997725e-205
5.80575	2.5960683020281876e-203
5.8105	1.5336536926551587e-201
5.81525	8.89814501738924e-200
5.82	5.070288118091932e-198
5.82475	2.837440626553878e-196
5.8294999999999995	1.55948754739834e-194
5.83425	8.417788784049283e-193
5.8389999999999995	4.4624680751651015e-191
5.84375	2.3233423268891783e-189
5.8485	1.1879885954197898e-187
5.85325	5.965849909219401e-186
5.858	2.9423434100399773e-184
5.86275	1.4251985767391562e-182
5.8675	6.779823458982829e-181
5.87225	3.1675419503764816e-179
5.877	1.4534073425062805e-177
5.88175	6.549577856267796e-176
5.8865	2.898679858546568e-174
5.891249999999999	1.2599351182291076e-172
5.896	5.378449486898078e-171
5.9007499999999995	2.2548984691786373e-169
5.9055	9.284486176636692e-168
5.91025	3.754479529195056e-166
5.915	1.4910856550935127e-164
5.91975	5.81589327151159e-163
5.9245	2.2278771986302185e-161
5.92925	8.381602373532039e-160
5.934	3.096876194515323e-158
5.93875	1.1237808265264601e-156
5.9435	4.004980234372836e-155
5.94825	1.4017808434095215e-153
5.953	4.8185996956958885e-152
5.95775	1.6267565410236416e-150
5.9624999999999995	5.393681022231664e-149
5.96725	1.756341410305263e-147
5.9719999999999995	5.61686010908311e-146
5.97675	1.764165232359106e-144
5.9815	5.441841580137092e-143
5.98625	1.648593241506763e-141
5.991	4.905035106887972e-140
5.99575	1.4332822077327248e-138
6.0005	4.1132232684559076e-137
6.00525	1.1592946796311877e-135
6.01	3.2089753879224063e-134
6.01475	8.723683769996725e-133
6.0195	2.329133740867585e-131
6.024249999999999	6.10730942618592e-130
6.029	1.5727743069807732e-128
6.0337499999999995	3.977808507686376e-127
6.0385	9.880577371298951e-126
6.04325	2.4103591527930853e-124
6.048	5.774869561853645e-123
6.05275	1.3588251735904764e-121
6.0575	3.140118036572424e-120
6.06225	7.126714276918479e-119
6.067	1.5885237272350743e-117
6.07175	3.477435227599205e-116
6.0765	7.476276885629749e-115
6.08125	1.5786021488359652e-113
6.086	3.2735651355315406e-112
6.09075	6.666997132498651e-111
6.0954999999999995	1.3335230736219043e-109
6.10025	2.619580720308208e-108
6.1049999999999995	5.053869469954207e-107
6.10975	9.575847937260658e-106
6.1145	1.7819333072696672e-104
6.11925	3.256616619227361e-103
6.124	5.845246206297168e-102
6.12875	1.0303860425329596e-100
6.1335	1.783849086130578e-99
6.13825	3.033033714722121e-98
6.143	5.064742268536166e-97
6.14775	8.306124702345433e-96
6.1525	1.3378287615792703e-94
6.1572499999999994	2.1162335465881888e-93
6.162	3.287665658476042e-92
6.1667499999999995	5.016175012900112e-91
6.1715	7.516552589913417e-90
6.17625	1.1061797524005729e-88
6.181	1.5987983593444484e-87
6.18575	2.2694607056871585e-86
6.1905	3.163826256183786e-85
6.19525	4.331751842224299e-84
6.2	5.824725941637488e-83
6.20475	7.692161756601285e-82
6.2095	9.976594141696276e-81
6.21425	1.2707999419364263e-79
6.218999999999999	1.5897654422117697e-78
6.22375	1.9532143336678677e-77
6.2284999999999995	2.356827178807551e-76
6.23325	2.792971843304168e-75
6.2379999999999995	3.25062118769225e-74
6.24275	3.715584569989526e-73
6.2475	4.1710838861161276e-72
6.25225	4.598664033305032e-71
6.257	4.9793817700807774e-70
6.26175	5.29517298374548e-69
6.2665	5.530264004375441e-68
6.27125	5.672474610641289e-67
6.276	5.714263221423766e-66
6.28075	5.653389494450733e-65
6.2855	5.4931133132528766e-64
6.2902499999999995	5.241905565783092e-63
6.295	4.912706425762108e-62
6.2997499999999995	4.521821520064367e-61
6.3045	4.087586960903542e-60
6.30925	3.6289549629766713e-59
6.314	3.164150530698391e-58
6.31875	2.709528221837062e-57
6.3235	2.2787212693570195e-56
6.32825	1.882130435969632e-55
6.333	1.5267545188058392e-54
6.33775	1.2163251730913399e-53
6.3425	9.51680477775826e-53
6.34725	7.312966949663013e-52
6.351999999999999	5.518957445538352e-51
6.35675	4.0905477320110135e-50
6.3614999999999995	2.977603516533649e-49
6.36625	2.1286941038301768e-48
6.3709999999999996	1.4945850382306364e-47
6.37575	1.0305972709822556e-46
6.3805	6.979403878627672e-46
6.38525	4.6420376378272356e-45
6.39	3.032214840428608e-44
6.39475	1.945235851124303e-43
6.3995	1.2255909513535124e-42
6.40425	7.583676716065608e-42
6.409	4.60866415537695e-41
6.41375	2.7506244288927926e-40
6.4185	1.6123098785492918e-39
6.4232499999999995	9.28168272013213e-39
6.428	5.247662634373866e-38
6.4327499999999995	2.913842543931821e-37
6.4375	1.589012221719996e-36
6.44225	8.510388374569032e-36
6.447	4.4764373065759203e-35
6.45175	2.3124727186412547e-34
6.4565	1.1732260944585147e-33
6.46125	5.845851708196198e-33
6.466	2.860716754807915e-32
6.47075	1.3748740322441033e-31
6.4755	6.489510564024949e-31
6.48025	3.008305673230107e-30
6.484999999999999	1.3695975369339818e-29
6.48975	6.123855782875762e-29
6.4944999999999995	2.6891679541064462e-28
6.49925	1.1597700376175768e-27
6.504	4.912321997985811e-27
6.50875	2.04344405998606e-26
6.5135	8.348331086769556e-26
6.51825	3.349635574017692e-25
6.523	1.319946839986877e-24
6.52775	5.1082989538347794e-24
6.5325	1.9415883400004945e-23
6.53725	7.247679655014395e-23
6.542	2.657062733266129e-22
6.54675	9.566776138322012e-22
6.5515	3.382909655719894e-21
6.5562499999999995	1.1748330954415645e-20
6.561	4.007033095632547e-20
6.5657499999999995	1.342241527421655e-19
6.5705	4.415698349391549e-19
6.57525	1.4266883295663731e-18
6.58	4.527097044673711e-18
6.58475	1.4108195999742698e-17
6.5895	4.3180150266630164e-17
6.59425	1.2979495098409975e-16
6.599	3.8317082387544384e-16
6.60375	1.110933470252829e-15
6.6085	3.1633311258022466e-15
6.61325	8.846311797427987e-15
6.617999999999999	2.4296337676906114e-14
6.62275	6.553606659291718e-14
6.6274999999999995	1.7361246907290282e-13
6.63225	4.516920426713852e-13
6.637	1.1541571613079204e-12
6.64175	2.896332690152421e-12
6.6465	7.138269265097108e-12
6.65125	1.7278195781322917e-11
6.656	4.1073795830019044e-11
6.66075	9.589418530206265e-11
6.6655	2.1987745031469506e-10
6.67025	4.951423748251409e-10
6.675	1.095066473851361e-09
6.679749999999999	2.3785476448034002e-09
6.6845	5.073926970252681e-09
6.6892499999999995	1.0630104980118784e-08
6.694	2.187217034325265e-08
6.6987499999999995	4.4198465360907156e-08
6.7035	8.771694253670237e-08
6.70825	1.7097033606313654e-07
6.713	3.272796709261326e-07
6.71775	6.152877645076676e-07
6.7225	1.136052789849683e-06
6.72725	2.0600593419477077e-06
6.732	3.668782228507445e-06
6.73675	6.416897780500025e-06
6.7415	1.1022733138342602e-05
6.74625	1.859578215525396e-05
6.7509999999999994	3.081063088892504e-05
6.75575	5.0135773197029216e-05
6.7604999999999995	8.012274642924899e-05
6.76525	0.00012575490185285718
6.77	0.00019384517804904886
6.77475	0.00029345807648694056
6.7795	0.0004363129622413551
6.78425	0.0006371051987794535
6.789	0.0009136611678010725
6.79375	0.001286827015095745
6.7985	0.0017799842397205048
6.80325	0.0024180937186181403
6.808	0.003226198503410194
6.812749999999999	0.0042273677167654865
6.8175	0.005440138445993653
6.8222499999999995	0.006875604109570155
6.827	0.008534395350201096
6.8317499999999995	0.010403887248184668
6.8365	0.012456025854242384
6.84125	0.014646179407807698
6.846	0.016913371298264777
6.85075	0.01918213755211074
6.8555	0.0213660777008375
6.86025	0.02337295325774831
6.865	0.02511096266066612
6.86975	0.026495621957036444
6.8745	0.027456543273668046
6.87925	0.027943357370018698
6.8839999999999995	0.02793008742712891
6.88875	0.027417445563237768
6.8934999999999995	0.02643276952169951
6.89825	0.025027607364794084
6.903	0.023273247156212932
6.90775	0.021254731091187418
6.9125	0.019064052814574038
6.91725	0.016793291818901778
6.922	0.014528387733032782
6.92675	0.012344115973836155
6.9315	0.01030062435280046
6.93625	0.008441664545348308
6.941	0.006794439181322021
6.945749999999999	0.005370814162597078
6.9505	0.00416953496403215
6.9552499999999995	0.003179040781257409
6.96	0.0023804856230678624
6.9647499999999996	0.0017506366296908343
6.9695	0.0012644086090960994
6.97425	0.0008968914041815558
6.979	0.0006248176137550526
6.98375	0.00042749166416495605
6.9885	0.0002872519741118583
6.99325	0.00018956553372727932
6.998	0.00012286175610232015
7.00275	7.820509423951794e-05
7.007499999999999	4.888936015957995e-05
7.01225	3.0016126557734224e-05
7.0169999999999995	1.809905612564097e-05
7.02175	1.0718109517991194e-05
7.0264999999999995	6.233635993729212e-06
7.03125	3.5606203637303433e-06
7.036	1.9974268738605055e-06
7.04075	1.1004671694635463e-06
7.0455	5.954485982679973e-07
7.05025	3.164262092080899e-07
7.055	1.6514354545352786e-07
7.05975	8.464703387874694e-08
7.0645	4.2611112162259696e-08
7.06925	2.106662570583286e-08
7.074	1.0228879755381234e-08
7.078749999999999	4.877779364980856e-09
7.0835	2.2844266370152384e-09
7.0882499999999995	1.0507351564080647e-09
7.093	4.746465145599775e-10
7.09775	2.1057572920569655e-10
7.1025	9.17502624225256e-11
7.10725	3.9261537383912647e-11
7.112	1.6500164443367873e-11
7.11675	6.810362485246184e-12
7.1215	2.760661561277517e-12
7.12625	1.0990490952950683e-12
7.131	4.297164730039331e-13
7.13575	1.650091003644789e-13
7.140499999999999	6.22292798489075e-14
7.14525	2.304849849494573e-14
7.1499999999999995	8.384004179636087e-15
7.15475	2.995168906399023e-15
7.1594999999999995	1.0508776015814485e-15
7.16425	3.621128505466252e-16
7.169	1.225453180803951e-16
7.17375	4.0729632756578356e-17
7.1785	1.3294905345135092e-17
7.18325	4.2620740375900204e-18
7.188	1.3418924652005565e-18
7.19275	4.149305613024324e-19
7.1975	1.2600683910229224e-19
7.20225	3.758147279216464e-20
7.207	1.1008153043934638e-20
7.211749999999999	3.1667669696661473e-21
7.2165	8.947026809695568e-22
7.2212499999999995	2.4825748736395313e-22
7.226	6.765298400137793e-23
7.23075	1.810641803636388e-23
7.2355	4.759256522685338e-24
7.24025	1.228589137636201e-24
7.245	3.1148364913829867e-25
7.24975	7.755782185135971e-26
7.2545	1.8966710141249896e-26
7.25925	4.558368999147838e-27
7.264	1.0897647836404932e-27
7.26875	3.17500232219092e-28
7.273499999999999	3.5726120192772196e-28
7.27825	1.3062783459500756e-27
7.2829999999999995	5.469583544025091e-27
7.28775	2.2689814876415663e-26
7.2924999999999995	9.248404463508864e-26
7.29725	3.7023200178359274e-25
7.302	1.455601903682412e-24
7.30675	5.620465508043714e-24
7.3115	2.131390104161771e-23
7.31625	7.938063849893094e-23
7.321	2.9035360009468666e-22
7.32575	1.0430396721936251e-21
7.3305	3.6798949733173766e-21
7.33525	1.2750611253602338e-20
7.34	4.338979225368658e-20
7.3447499999999994	1.4501239360618786e-19
7.3495	4.759744669418365e-19
7.3542499999999995	1.534345541711616e-18
7.359	4.8576215879654025e-18
7.36375	1.5103763224435543e-17
7.3685	4.612194803608053e-17
7.37325	1.383219491578933e-16
7.378	4.0741361925903457e-16
7.38275	1.1785308895448723e-15
7.3875	3.3481690826980383e-15
7.39225	9.341890623289736e-15
7.397	2.5599009362258702e-14
7.40175	6.889259198987516e-14
7.406499999999999	1.820886495538401e-13
7.41125	4.726658326593464e-13
7.4159999999999995	1.204998563671107e-12
7.42075	3.0170314215877484e-12
7.4254999999999995	7.418807833772836e-12
7.43025	1.7916344109158257e-11
7.435	4.249380816017857e-11
7.43975	9.898352033025835e-11
7.4445	2.2644415878978696e-10
7.44925	5.087686400313408e-10
7.454	1.1226400466175276e-09
7.45875	2.432885729988046e-09
7.4635	5.178021823536434e-09
7.468249999999999	1.0823482680550418e-08
7.473	2.2219340337414848e-08
7.4777499999999995	4.479775811019427e-08
7.4825	8.870383251443778e-08
7.4872499999999995	1.7250014826626745e-07
7.492	3.2945609442866453e-07
7.49675	6.179688773939787e-07
7.5015	1.1384046096300827e-06
7.50625	2.0596227130102977e-06
7.511	3.6596511073308583e-06
7.51575	6.38634946879401e-06
7.5205	1.0945274570028837e-05
7.52525	1.842305403452056e-05
7.53	3.04549279044255e-05
7.53475	4.944410388086486e-05
7.539499999999999	7.883742471130823e-05
7.54425	0.0001234557530537178
7.5489999999999995	0.00018986775756276233
7.55375	0.00028678213529058247
7.5584999999999996	0.0004254161290223553
7.56325	0.0006197789095874752
7.568	0.0008867896593173099
7.57275	0.0012461359680177593
7.5775	0.0017197734001051985
7.58225	0.002330977104955601
7.587	0.003102885664485613
7.59175	0.004056528416566459
7.5965	0.005208399120559328
7.601249999999999	0.006567725239197662
7.606	0.008133672454799698
7.6107499999999995	0.009892803147940483
7.6155	0.011817157939724618
7.6202499999999995	0.013863334344862102
7.625	0.015972884056886256
7.62975	0.018074236711134693
7.6345	0.020086190484157797
7.63925	0.021922807620847917
7.644	0.023499344795087175
7.64875	0.024738668401013564
7.6535	0.025577486896725374
7.65825	0.02597170190380222
7.663	0.025900248948010907
7.66775	0.02536696237328801
7.672499999999999	0.024400234722336395
7.67725	0.023050512836181813
7.6819999999999995	0.021385938247351365
7.68675	0.01948665658009093
7.6915	0.017438457283704904
7.69625	0.015326443830572089
7.701	0.013229375844803411
7.70575	0.011215185285570708
7.7105	0.009337977654796135
7.71525	0.007636620744825448
7.72	0.006134830962575144
7.72475	0.004842516951710064
7.7295	0.0037580474711745404
7.734249999999999	0.0028710787401378087
7.739	0.002165598557984147
7.7437499999999995	0.0016229056855849688
7.7485	0.0012243247158656514
7.7532499999999995	0.0009535404810951527
7.758	0.0007985065133615693
7.76275	0.0007529287690363515
7.7675	0.0008173441650671957
7.77225	0.0009998046423575126
7.777	0.0013161477265958472
7.78175	0.0017897941352444633
7.7865	0.0024509747348346405
7.79125	0.003335266932490848
7.795999999999999	0.004481327289318053
7.80075	0.00592775246518462
7.805499999999999	0.007709088615930046
7.81025	0.00985113631246112
7.8149999999999995	0.012365850952098481
7.81975	0.015246295316848573
7.8245	0.0184622320953975
7.82925	0.021957017628236163
7.834	0.025646444857468788
7.83875	0.029420064615222896
7.8435	0.03314528759226129
7.84825	0.03667425266504025
7.853	0.03985307937873123
7.85775	0.04253275802484769
7.8625	0.04458063190162384
7.867249999999999	0.045891250522973104
7.872	0.046395360630130146
7.8767499999999995	0.046065968319368246
7.8815	0.044920733597539224
7.8862499999999995	0.043020401643173826
7.891	0.04046346465039757
7.89575	0.037377707082290886
7.9005	0.03390964405409203
7.90525	0.03021306537883105
7.91	0.026437923067868345
7.91475	0.022720655831017633
7.9195	0.019176766328594566
7.92425	0.015896110540911983
7.928999999999999	0.012940985679409529
7.93375	0.010346770677941023
7.9384999999999994	0.008124624073206185
7.94325	0.0062656006598819985
7.9479999999999995	0.004745512616611053
7.95275	0.003529917357620478
7.9575	0.002578736265172833
7.96225	0.0018501643245601592
7.967	0.001303690983049598
7.97175	0.0009021941476641202
7.9765	0.0006131776745404922
7.98125	0.0004092923685563799
7.986	0.00026831314186586
7.99075	0.0001727472836254711
7.9955	0.00010922988938926588
8.00025	6.783170684515501e-05
8.004999999999999	4.1369948607780905e-05
8.00975	2.477982312132005e-05
8.0145	1.4577142769621867e-05
8.01925	8.421851845476386e-06
8.024000000000001	4.778634031589595e-06
8.028749999999999	2.6629372375116526e-06
8.0335	1.4574010376112286e-06
8.03825	7.833542476148571e-07
8.043	4.135217104499316e-07
8.04775	2.1438747683289026e-07
8.0525	1.0915948928044405e-07
8.05725	5.458641363138926e-08
8.062	2.6808259147795147e-08
8.066749999999999	1.2930450287498194e-08
8.0715	6.1251914751819935e-09
8.07625	2.8496181908876503e-09
8.081	1.3020110324267229e-09
8.08575	5.842566153596539e-10
8.090499999999999	2.5748598622065695e-10
8.09525	1.1144601421210953e-10
8.1	4.7373608748192944e-11
8.10475	1.977740839607871e-11
8.1095	8.108924912759338e-12
8.11425	3.2652629523027176e-12
8.119	1.291320445712641e-12
8.123750000000001	5.015461239517948e-13
8.128499999999999	1.9131486434158309e-13
8.13325	7.16716717333404e-14
8.138	2.6369830567901768e-14
8.14275	9.528578777909276e-15
8.1475	3.381503980459436e-15
8.152249999999999	1.1785626174507917e-15
8.157	4.0341905247630077e-16
8.16175	1.3561918586028634e-16
8.1665	4.47761599649609e-17
8.17125	1.4518894267816435e-17
8.176	4.623610318521809e-18
8.18075	1.4460719119555935e-18
8.185500000000001	4.441805540889542e-19
8.190249999999999	1.3399548872129705e-19
8.195	3.9699203841622515e-20
8.19975	1.155139412474635e-20
8.2045	3.3010187505717783e-21
8.20925	9.264512362357174e-22
8.213999999999999	2.5536308932464274e-22
8.21875	6.91281073951303e-23
8.2235	1.837859021947099e-23
8.22825	4.798778527571117e-24
8.233	1.2305809957234882e-24
8.23775	3.0992077214509555e-25
8.2425	7.665705869938058e-26
8.247250000000001	1.8621497466459684e-26
8.251999999999999	4.4426084429389645e-27
8.25675	1.0409322346217298e-27
8.2615	2.3953438346415797e-28
8.26625	5.413451513168532e-29
8.271	1.201549383725347e-29
8.275749999999999	2.6192079687632154e-30
8.2805	5.607371453198465e-31
8.28525	1.1789887305944955e-31
8.29	2.4345627121134842e-32
8.29475	4.937342589212854e-33
8.2995	9.833917129798917e-34
8.30425	1.9236267605904004e-34
8.309000000000001	3.6955242861607115e-35
8.313749999999999	6.972560573971817e-36
8.3185	1.29202083066418e-36
8.32325	2.3512982467289837e-37
8.328	4.202492131952987e-38
8.33275	7.376784276492324e-39
8.337499999999999	1.2717105381305389e-39
8.34225	2.153136305663665e-40
8.347	3.580616306603386e-41
8.35175	5.869933616714056e-42
8.3565	1.0818380643175048e-42
8.36125	1.0289098829990906e-42
8.366	5.315265314305696e-42
8.370750000000001	3.122068425693253e-41
8.375499999999999	1.8084087325943863e-40
8.38025	1.028863115800636e-39
8.385	5.748847211115963e-39
8.38975	3.1547500040680426e-38
8.3945	1.7002395651310713e-37
8.399249999999999	8.99945627657295e-37
8.404	4.678249814871161e-36
8.40875	2.3884245770457943e-35
8.413499999999999	1.197569256435994e-34
8.41825	5.897266171803184e-34
8.423	2.8520806764333102e-33
8.42775	1.354671103504174e-32
8.432500000000001	6.319270010549362e-32
8.437249999999999	2.8950824878542353e-31
8.442	1.3026146461378878e-30
8.44675	5.756148056665935e-30
8.4515	2.4980949411459566e-29
8.45625	1.06474818463496e-28
8.460999999999999	4.4570331195833465e-28
8.46575	1.832338888329035e-27
8.4705	7.398211130441437e-27
8.475249999999999	2.9336522217360563e-26
8.48	1.142487663446358e-25
8.48475	4.369737968504137e-25
8.4895	1.6414220222557737e-24
8.494250000000001	6.055445518283541e-24
8.498999999999999	2.1939813467517917e-23
8.50375	7.806938268287318e-23
8.5085	2.728283800159676e-22
8.51325	9.363955214511548e-22
8.518	3.1563859105823923e-21
8.52275	1.0449171300648125e-20
8.5275	3.397305375899096e-20
8.53225	1.0847965825606289e-19
8.536999999999999	3.4019115285031694e-19
8.54175	1.047752501074182e-18
8.5465	3.1692418489340345e-18
8.55125	9.414842138149552e-18
8.556	2.7468294023223227e-17
8.56075	7.870662992691032e-17
8.5655	2.214888821807873e-16
8.57025	6.121439057041152e-16
8.575	1.6615603253682029e-15
8.57975	4.429346764358352e-15
8.5845	1.159642795676013e-14
8.58925	2.981740000592456e-14
8.594	7.52967607482073e-14
8.598749999999999	1.8674277140511419e-13
8.6035	4.548542854624974e-13
8.60825	1.0880823522183046e-12
8.613	2.556302393788097e-12
8.61775	5.898256725197859e-12
8.6225	1.3365835169601522e-11
8.62725	2.974606448273587e-11
8.632	6.501654896461918e-11
8.63675	1.3956589243519714e-10
8.6415	2.9423590305739525e-10
8.64625	6.092184078198894e-10
8.651	1.238828974442933e-09
8.65575	2.4740625533917176e-09
8.660499999999999	4.852560762915307e-09
8.66525	9.347431110068753e-09
8.67	1.7683757412556873e-08
8.67475	3.2856235949967506e-08
8.679499999999999	5.995453697728367e-08
8.68425	1.0744526530672527e-07
8.689	1.891095653548242e-07
8.69375	3.2688929231549077e-07
8.6985	5.549436394027803e-07
8.70325	9.252477670950943e-07
8.708	1.515054298604588e-06
8.71275	2.4364602748498713e-06
8.7175	3.8481452500366495e-06
8.722249999999999	5.969041005950413e-06
8.727	9.093239987790632e-06
8.73175	1.3604849077129044e-05
8.7365	1.9990782233395682e-05
8.741249999999999	2.88487388794713e-05
8.746	4.0886963809652125e-05
8.75075	5.6912003629622434e-05
8.7555	7.780076616243916e-05
8.76025	0.00010445394734239734
8.765	0.00013772945349573476
8.76975	0.00017835684291733325
8.7745	0.00022683690497902117
8.77925	0.0002833339618143569
8.783999999999999	0.000347571805774877
8.78875	0.0004187467320219557
8.7935	0.0004954722157215981
8.79825	0.0005757688505255592
8.802999999999999	0.0006571098993375129
8.80775	0.0007365272827333397
8.8125	0.0008107755664271632
8.81725	0.0008765434532322489
8.822	0.0009306946836617692
8.82675	0.0009705144376274602
8.8315	0.0009939344700517526
8.83625	0.0009997110417564775
8.841	0.0009875343480266238
8.84575	0.0009580560456081434
8.8505	0.0009128314742830193
8.85525	0.0008541837025104444
8.86	0.0007850059355642345
8.864749999999999	0.0007085256622294716
8.8695	0.0006280572212654925
8.87425	0.0005467689284984051
8.879	0.00046748687757764107
8.88375	0.0003925509269442894
8.8885	0.000323730467446507
8.89325	0.00026219966114672554
8.898	0.00020856511173415992
8.90275	0.00016293417403788731
8.9075	0.00012500969308616976
8.91225	9.419680643036066e-05
8.917	6.970912859786572e-05
8.92175	5.066454109241714e-05
8.926499999999999	3.616425788161829e-05
8.93125	2.5352219539044855e-05
8.936	1.745474080011345e-05
8.94075	1.180244042542307e-05
8.9455	7.837747338853104e-06
8.95025	5.111776568746168e-06
8.955	3.274267438144082e-06
8.95975	2.0597768642864984e-06
8.9645	1.272618017893394e-06
8.96925	7.72289093778379e-07
8.974	4.604603781295654e-07
8.97875	2.700436503417713e-07
8.9835	1.564800047627504e-07
8.988249999999999	9.114741871232481e-08
8.993	5.669188299663515e-08
8.99775	4.4109453890822205e-08
9.0025	5.1545552310161767e-08
9.007249999999999	8.504631934707622e-08
9.012	1.6193674048212524e-07
9.01675	3.1818865477036107e-07
9.0215	6.22196990646281e-07
9.02625	1.1989667331937321e-06
9.031	2.2710267865206457e-06
9.03575	4.225648835817346e-06
9.0405	7.72235227738121e-06
9.04525	1.3860308538807147e-05
9.049999999999999	2.443198289870415e-05
9.05475	4.2296643924618335e-05
9.0595	7.191412261667135e-05
9.06425	0.00012008353746244913
9.068999999999999	0.00019693084788377488
9.07375	0.00031717943028692833
9.0785	0.0005017152057932075
9.08325	0.0007794181185974194
9.088	0.0011891721116168142
9.09275	0.0017818860116566072
9.0975	0.0026222621479135293
9.10225	0.003789948234198731
9.107	0.005379617959883343
9.111749999999999	0.0074994700682417354
9.1165	0.010267641627069108
9.12125	0.013806125361767618
9.126	0.01823198301753404
9.130749999999999	0.023645962001788663
9.1355	0.030119034896763378
9.14025	0.03767784893921644
9.145	0.04629052796059663
9.14975	0.05585462652429692
9.1545	0.06618920349732506
9.15925	0.07703288129273436
9.164	0.08804934187590094
9.16875	0.09884098636464238
9.1735	0.10897051711720676
9.17825	0.11798911335170773
9.183	0.12546882991070107
9.18775	0.13103603483852458
9.192499999999999	0.1344022757323649
9.19725	0.13538903304416766
9.202	0.13394340506546187
9.20675	0.13014280668303638
9.2115	0.1241881010895878
9.21625	0.11638601249153788
9.221	0.10712296288325822
9.22575	0.09683343722144883
9.2305	0.08596647206061858
9.23525	0.07495383273591327
9.24	0.06418293468452921
9.24475	0.05397669398215404
9.2495	0.04458142803263384
9.254249999999999	0.03616285042268568
9.259	0.028809274325046277
9.26375	0.022540470005971803
9.2685	0.017320267723265365
9.273249999999999	0.013070951959912503
9.278	0.00968770310830364
9.28275	0.007051725653923293
9.2875	0.0050411657779147094
9.29225	0.0035393827958086163
9.297	0.0024405352023505493
9.30175	0.001652736436343941
9.3065	0.0010992161781360986
9.31125	0.0007179986145572347
9.315999999999999	0.0004606012215468092
9.32075	0.0002901934122475225
9.3255	0.00017956057918007358
9.33025	0.00010911775710129917
9.334999999999999	6.512396708575961e-05
9.33975	3.817220524777762e-05
9.3445	2.1974279141485e-05
9.34925	1.2423472657291439e-05
9.354	6.898145721414744e-06
9.35875	3.7616874230694717e-06
9.3635	2.0146241248460847e-06
9.36825	1.0596595099138304e-06
9.373	5.47393497931597e-07
9.377749999999999	2.777115314902618e-07
9.3825	1.3837230550708536e-07
9.38725	6.771196625550553e-08
9.392	3.254188140823055e-08
9.396749999999999	1.5359634293859207e-08
9.4015	7.1200013742914415e-09
9.40625	3.241456994687208e-09
9.411	1.4493104889063057e-09
9.41575	6.364196656754486e-10
9.4205	2.744648488131851e-10
9.42525	1.1624943653262079e-10
9.43	4.835662322024608e-11
9.43475	1.975522863702651e-11
9.439499999999999	7.926275058027964e-12
9.44425	3.123325180951257e-12
9.449	1.2087215096621255e-12
9.45375	4.594055983522355e-13
9.458499999999999	1.7148545909731959e-13
9.46325	6.286650289137535e-14
9.468	2.2634572101111253e-14
9.47275	8.00361629491839e-15
9.4775	2.7794650368767556e-15
9.48225	9.479755922849033e-16
9.487	3.1753681214918893e-16
9.49175	1.0446047345356098e-16
9.4965	3.3749775160625427e-17
9.50125	1.0709045470188046e-17
9.506	3.33727216220024e-18
9.51075	1.021394402904124e-18
9.5155	3.0701267530430767e-19
9.520249999999999	9.063169935602661e-20
9.525	2.627634314947412e-20
9.52975	7.481879529135164e-21
9.5345	2.092268814517579e-21
9.53925	5.746259534340451e-22
9.544	1.5499367557624786e-22
9.54875	4.105855889164777e-23
9.5535	1.0682045200290278e-23
9.55825	2.7293931997940218e-24
9.563	6.849183214098664e-25
9.56775	1.688000017172469e-25
9.5725	4.08570583062618e-26
9.57725	9.712314266157445e-27
9.581999999999999	2.2674584809321094e-27
9.58675	5.198965613550947e-28
9.5915	1.1707267213284677e-28
9.59625	2.5891374214343236e-29
9.600999999999999	5.623615988446101e-30
9.60575	1.1996020434296968e-30
9.6105	2.513157584490146e-31
9.61525	5.170865369035234e-32
9.62	1.0448831461577733e-32
9.62475	2.0736392393599886e-33
9.6295	4.041658967856671e-34
9.63425	7.736546011732877e-35
9.639	1.4544391120276983e-35
9.643749999999999	2.6853751242492856e-36
9.6485	4.869399006917952e-37
9.65325	8.671749994807643e-38
9.658	1.5166980179695847e-38
9.662749999999999	2.6052684149455232e-39
9.6675	4.395080297912863e-40
9.67225	7.281856870045266e-41
9.677	1.1848911268057033e-41
9.68175	1.893545480397113e-42
9.6865	2.9718988220801788e-43
9.69125	4.580926578411313e-44
9.696	6.934832330973091e-45
9.70075	1.031322537616601e-45
9.705499999999999	1.525894727941376e-46
9.71025	3.5975287660487723e-47
9.715	1.0263584496908317e-46
9.71975	6.775951290110308e-46
9.724499999999999	4.521986649031265e-45
9.72925	2.965569091994171e-44
9.734	1.9100866467537034e-43
9.73875	1.2082566163494834e-42
9.7435	7.506306302751522e-42
9.74825	4.5798828289734574e-41
9.753	2.7443748882413053e-40
9.75775	1.6150779610682952e-39
9.7625	9.334789513273588e-39
9.76725	5.298788108420695e-38
9.772	2.9539936740740675e-37
9.77675	1.6173482892413123e-36
9.7815	8.696780934260516e-36
9.786249999999999	4.592767835673848e-35
9.791	2.3820531018359696e-34
9.79575	1.2133591505168009e-33
9.8005	6.0699943280799166e-33
9.80525	2.9822784164400895e-32
9.81	1.439027422938207e-31
9.81475	6.819474967569536e-31
9.8195	3.173904050053413e-30
9.82425	1.4507668789762308e-29
9.829	6.512720722766938e-29
9.83375	2.871364078927519e-28
9.8385	1.2432974856913184e-27
9.84325	5.287164615606878e-27
9.847999999999999	2.208165366136586e-26
9.85275	9.057353957208083e-26
9.8575	3.648648870873472e-25
9.86225	1.443523260147707e-24
9.866999999999999	5.608884361447474e-24
9.87175	2.1403764841051407e-23
9.8765	8.021670891080027e-23
9.88125	2.952571978778543e-22
9.886	1.067326106249007e-21
9.89075	3.7892630516949256e-21
9.8955	1.3212145956354954e-20
9.90025	4.524316254379682e-20
9.905	1.5215755875342534e-19
9.909749999999999	5.025683018238417e-19
9.9145	1.6302628765006277e-18
9.91925	5.193751537976346e-18
9.924	1.6250460969742803e-17
9.928749999999999	4.993570488979039e-17
9.9335	1.5070153264342988e-16
9.93825	4.466683065912824e-16
9.943	1.3002102689853665e-15
9.94775	3.717089601026943e-15
9.9525	1.0436465763744166e-14
9.95725	2.8778281750213605e-14
9.962	7.793584566382338e-14
9.96675	2.0728631395249574e-13
9.971499999999999	5.414582683861181e-13
9.97625	1.3890578586588403e-12
9.981	3.499747131774164e-12
9.98575	8.659922019369488e-12
9.990499999999999	2.1045162376507677e-11
9.99525	5.022865687577761e-11
