0.5	0.0
0.50475	0.0
0.5095	0.0
0.51425	0.0
0.519	0.0
0.52375	0.0
0.5285	0.0
0.53325	0.0
0.538	0.0
0.54275	0.0
0.5475	0.0
0.55225	0.0
0.5569999999999999	0.0
0.56175	0.0
0.5665	0.0
0.57125	0.0
0.576	0.0
0.58075	0.0
0.5855	0.0
0.5902499999999999	0.0
0.595	0.0
0.59975	0.0
0.6045	0.0
0.60925	0.0
0.614	0.0
0.61875	0.0
0.6234999999999999	0.0
0.62825	0.0
0.633	0.0
0.63775	0.0
0.6425	0.0
0.64725	0.0
0.652	0.0
0.65675	0.0
0.6615	0.0
0.66625	0.0
0.671	0.0
0.67575	0.0
0.6805	0.0
0.68525	0.0
0.69	0.0
0.69475	0.0
0.6995	0.0
0.70425	0.0
0.709	0.0
0.71375	0.0
0.7185	0.0
0.72325	0.0
0.728	0.0
0.73275	0.0
0.7375	0.0
0.74225	0.0
0.747	0.0
0.7517499999999999	0.0
0.7565	0.0
0.76125	0.0
0.766	0.0
0.77075	0.0
0.7755	0.0
0.78025	0.0
0.7849999999999999	0.0
0.78975	0.0
0.7945	0.0
0.79925	0.0
0.804	0.0
0.80875	0.0
0.8135	0.0
0.8182499999999999	0.0
0.823	0.0
0.82775	0.0
0.8325	0.0
0.83725	0.0
0.842	0.0
0.84675	0.0
0.8514999999999999	0.0
0.85625	0.0
0.861	0.0
0.86575	0.0
0.8705	0.0
0.87525	0.0
0.88	0.0
0.8847499999999999	0.0
0.8895	0.0
0.89425	0.0
0.899	0.0
0.90375	0.0
0.9085	0.0
0.91325	0.0
0.9179999999999999	0.0
0.92275	0.0
0.9275	0.0
0.93225	0.0
0.937	0.0
0.94175	0.0
0.9465	0.0
0.9512499999999999	0.0
0.956	0.0
0.96075	0.0
0.9655	0.0
0.9702500000000001	0.0
0.975	0.0
0.97975	0.0
0.9844999999999999	0.0
0.98925	0.0
0.994	0.0
0.99875	0.0
1.0034999999999998	0.0
1.0082499999999999	0.0
1.013	0.0
1.01775	0.0
1.0225	0.0
1.02725	0.0
1.032	0.0
1.03675	0.0
1.0415	0.0
1.0462500000000001	0.0
1.051	0.0
1.05575	0.0
1.0605	0.0
1.06525	0.0
1.0699999999999998	0.0
1.0747499999999999	0.0
1.0795	0.0
1.08425	0.0
1.089	0.0
1.09375	0.0
1.0985	0.0
1.10325	0.0
1.108	0.0
1.1127500000000001	0.0
1.1175	0.0
1.12225	0.0
1.127	0.0
1.13175	0.0
1.1364999999999998	0.0
1.1412499999999999	0.0
1.146	0.0
1.15075	0.0
1.1555	0.0
1.16025	0.0
1.165	0.0
1.16975	0.0
1.1745	0.0
1.1792500000000001	0.0
1.184	0.0
1.18875	0.0
1.1935	0.0
1.19825	0.0
1.2029999999999998	0.0
1.2077499999999999	0.0
1.2125	0.0
1.21725	0.0
1.222	0.0
1.22675	0.0
1.2315	0.0
1.23625	0.0
1.241	0.0
1.2457500000000001	0.0
1.2505	0.0
1.25525	0.0
1.26	0.0
1.2647499999999998	0.0
1.2694999999999999	0.0
1.2742499999999999	0.0
1.279	0.0
1.28375	0.0
1.2885	0.0
1.29325	0.0
1.298	0.0
1.30275	0.0
1.3075	0.0
1.3122500000000001	0.0
1.317	0.0
1.32175	0.0
1.3265	0.0
1.3312499999999998	0.0
1.3359999999999999	0.0
1.3407499999999999	0.0
1.3455	0.0
1.35025	0.0
1.355	0.0
1.35975	0.0
1.3645	0.0
1.36925	0.0
1.374	0.0
1.3787500000000001	0.0
1.3835	0.0
1.38825	0.0
1.393	0.0
1.3977499999999998	0.0
1.4024999999999999	0.0
1.40725	0.0
1.412	0.0
1.41675	0.0
1.4215	0.0
1.42625	0.0
1.431	0.0
1.43575	0.0
1.4405000000000001	0.0
1.44525	0.0
1.45	0.0
1.45475	0.0
1.4595	0.0
1.4642499999999998	0.0
1.4689999999999999	0.0
1.47375	0.0
1.4785	0.0
1.48325	0.0
1.488	0.0
1.49275	0.0
1.4975	0.0
1.50225	0.0
1.507	0.0
1.51175	0.0
1.5165	0.0
1.52125	0.0
1.526	0.0
1.53075	0.0
1.5354999999999999	0.0
1.54025	0.0
1.545	0.0
1.54975	0.0
1.5545	0.0
1.55925	0.0
1.564	0.0
1.5687499999999999	0.0
1.5735	0.0
1.57825	0.0
1.583	0.0
1.58775	0.0
1.5925	0.0
1.59725	0.0
1.6019999999999999	0.0
1.60675	0.0
1.6115	0.0
1.61625	0.0
1.621	0.0
1.62575	0.0
1.6305	0.0
1.6352499999999999	0.0
1.64	0.0
1.64475	0.0
1.6495	0.0
1.65425	0.0
1.659	0.0
1.66375	0.0
1.6684999999999999	0.0
1.67325	0.0
1.678	0.0
1.68275	0.0
1.6875	0.0
1.69225	0.0
1.697	0.0
1.7017499999999999	0.0
1.7065	0.0
1.71125	0.0
1.716	0.0
1.72075	0.0
1.7255	0.0
1.73025	0.0
1.7349999999999999	0.0
1.73975	0.0
1.7445	0.0
1.74925	0.0
1.754	0.0
1.75875	0.0
1.7635	0.0
1.7682499999999999	0.0
1.773	0.0
1.77775	0.0
1.7825	0.0
1.78725	0.0
1.792	0.0
1.79675	0.0
1.8014999999999999	0.0
1.80625	0.0
1.811	0.0
1.81575	0.0
1.8205	0.0
1.82525	0.0
1.83	0.0
1.8347499999999999	0.0
1.8395	0.0
1.84425	0.0
1.849	0.0
1.85375	0.0
1.8585	0.0
1.86325	0.0
1.8679999999999999	0.0
1.87275	0.0
1.8775	0.0
1.88225	0.0
1.887	0.0
1.89175	0.0
1.8965	0.0
1.9012499999999999	0.0
1.906	0.0
1.91075	0.0
1.9155	0.0
1.92025	0.0
1.925	0.0
1.9297499999999999	0.0
1.9344999999999999	0.0
1.93925	0.0
1.944	0.0
1.94875	0.0
1.9535	0.0
1.95825	0.0
1.9629999999999999	0.0
1.9677499999999999	0.0
1.9725	0.0
1.97725	0.0
1.982	0.0
1.98675	0.0
1.9915	0.0
1.9962499999999999	0.0
2.001	0.0
2.00575	0.0
2.0105	0.0
2.01525	0.0
2.02	0.0
2.02475	0.0
2.0294999999999996	0.0
2.03425	0.0
2.0389999999999997	0.0
2.04375	0.0
2.0484999999999998	0.0
2.0532500000000002	0.0
2.058	0.0
2.06275	0.0
2.0675	0.0
2.07225	0.0
2.077	0.0
2.08175	0.0
2.0865	0.0
2.09125	0.0
2.096	0.0
2.1007499999999997	0.0
2.1055	0.0
2.1102499999999997	0.0
2.115	0.0
2.11975	0.0
2.1245000000000003	0.0
2.12925	0.0
2.134	0.0
2.13875	0.0
2.1435	0.0
2.14825	0.0
2.153	0.0
2.15775	0.0
2.1624999999999996	0.0
2.16725	0.0
2.1719999999999997	0.0
2.17675	0.0
2.1814999999999998	0.0
2.1862500000000002	0.0
2.191	0.0
2.19575	0.0
2.2005	0.0
2.20525	0.0
2.21	0.0
2.21475	0.0
2.2195	0.0
2.22425	0.0
2.229	0.0
2.2337499999999997	0.0
2.2385	0.0
2.2432499999999997	0.0
2.248	0.0
2.25275	0.0
2.2575000000000003	0.0
2.26225	0.0
2.267	0.0
2.27175	0.0
2.2765	0.0
2.28125	0.0
2.286	0.0
2.29075	0.0
2.2954999999999997	0.0
2.30025	0.0
2.3049999999999997	0.0
2.30975	0.0
2.3145	0.0
2.3192500000000003	0.0
2.324	0.0
2.32875	0.0
2.3335	0.0
2.33825	0.0
2.343	0.0
2.34775	0.0
2.3525	0.0
2.3572499999999996	0.0
2.362	0.0
2.3667499999999997	0.0
2.3715	0.0
2.3762499999999998	0.0
2.3810000000000002	0.0
2.38575	0.0
2.3905	0.0
2.39525	0.0
2.4	0.0
2.40475	0.0
2.4095	0.0
2.41425	0.0
2.419	0.0
2.42375	0.0
2.4284999999999997	0.0
2.43325	0.0
2.4379999999999997	0.0
2.44275	0.0
2.4475	0.0
2.4522500000000003	0.0
2.457	0.0
2.46175	0.0
2.4665	0.0
2.47125	0.0
2.476	0.0
2.48075	0.0
2.4855	0.0
2.4902499999999996	0.0
2.495	0.0
2.4997499999999997	0.0
2.5045	0.0
2.5092499999999998	0.0
2.514	0.0
2.51875	0.0
2.5235	0.0
2.52825	0.0
2.533	0.0
2.53775	0.0
2.5425	0.0
2.54725	0.0
2.552	0.0
2.55675	0.0
2.5615	0.0
2.56625	0.0
2.5709999999999997	0.0
2.5757499999999998	0.0
2.5805	0.0
2.58525	0.0
2.59	0.0
2.59475	0.0
2.5995	0.0
2.60425	0.0
2.609	0.0
2.61375	0.0
2.6185	0.0
2.62325	0.0
2.628	0.0
2.63275	0.0
2.6374999999999997	0.0
2.6422499999999998	0.0
2.647	0.0
2.65175	0.0
2.6565	0.0
2.66125	0.0
2.666	0.0
2.67075	0.0
2.6755	0.0
2.68025	0.0
2.685	0.0
2.68975	0.0
2.6945	0.0
2.69925	0.0
2.7039999999999997	0.0
2.7087499999999998	0.0
2.7135	0.0
2.71825	0.0
2.723	0.0
2.72775	0.0
2.7325	0.0
2.73725	0.0
2.742	0.0
2.74675	0.0
2.7515	0.0
2.75625	0.0
2.761	0.0
2.76575	0.0
2.7704999999999997	0.0
2.7752499999999998	0.0
2.78	0.0
2.78475	0.0
2.7895	0.0
2.79425	0.0
2.799	0.0
2.80375	0.0
2.8085	0.0
2.81325	0.0
2.818	0.0
2.82275	0.0
2.8275	0.0
2.83225	0.0
2.8369999999999997	0.0
2.8417499999999998	0.0
2.8465	0.0
2.85125	0.0
2.856	0.0
2.86075	0.0
2.8655	0.0
2.87025	0.0
2.875	0.0
2.87975	0.0
2.8845	0.0
2.88925	0.0
2.894	0.0
2.89875	0.0
2.9034999999999997	0.0
2.90825	0.0
2.913	0.0
2.91775	0.0
2.9225	0.0
2.92725	0.0
2.932	0.0
2.93675	0.0
2.9415	0.0
2.94625	0.0
2.951	0.0
2.95575	0.0
2.9605	0.0
2.9652499999999997	0.0
2.9699999999999998	0.0
2.97475	0.0
2.9795	0.0
2.98425	0.0
2.989	0.0
2.99375	0.0
2.9985	0.0
3.00325	0.0
3.008	0.0
3.01275	0.0
3.0175	0.0
3.02225	0.0
3.027	0.0
3.0317499999999997	0.0
3.0364999999999998	0.0
3.04125	0.0
3.046	0.0
3.05075	0.0
3.0555	0.0
3.06025	0.0
3.065	0.0
3.06975	0.0
3.0745	0.0
3.07925	0.0
3.084	0.0
3.08875	0.0
3.0935	0.0
3.0982499999999997	0.0
3.1029999999999998	0.0
3.10775	0.0
3.1125	0.0
3.11725	0.0
3.122	0.0
3.12675	0.0
3.1315	0.0
3.13625	0.0
3.141	0.0
3.14575	0.0
3.1505	0.0
3.15525	0.0
3.16	0.0
3.1647499999999997	0.0
3.1694999999999998	0.0
3.17425	0.0
3.179	0.0
3.18375	0.0
3.1885	0.0
3.19325	0.0
3.198	0.0
3.20275	0.0
3.2075	0.0
3.21225	0.0
3.217	0.0
3.22175	0.0
3.2265	0.0
3.2312499999999997	0.0
3.2359999999999998	0.0
3.24075	0.0
3.2455	0.0
3.25025	0.0
3.255	0.0
3.25975	0.0
3.2645	0.0
3.26925	0.0
3.274	0.0
3.27875	0.0
3.2835	0.0
3.28825	0.0
3.293	0.0
3.2977499999999997	0.0
3.3024999999999998	0.0
3.30725	0.0
3.312	0.0
3.31675	0.0
3.3215	0.0
3.32625	0.0
3.331	0.0
3.33575	0.0
3.3405	0.0
3.34525	0.0
3.35	0.0
3.35475	0.0
3.3594999999999997	0.0
3.3642499999999997	0.0
3.3689999999999998	0.0
3.37375	0.0
3.3785	0.0
3.38325	0.0
3.388	0.0
3.39275	0.0
3.3975	0.0
3.40225	0.0
3.407	0.0
3.41175	0.0
3.4165	0.0
3.42125	0.0
3.4259999999999997	0.0
3.4307499999999997	0.0
3.4354999999999998	0.0
3.44025	0.0
3.445	0.0
3.44975	0.0
3.4545	0.0
3.45925	0.0
3.464	0.0
3.46875	0.0
3.4735	0.0
3.47825	0.0
3.483	0.0
3.48775	0.0
3.4924999999999997	0.0
3.4972499999999997	0.0
3.502	0.0
3.50675	0.0
3.5115	0.0
3.51625	0.0
3.521	0.0
3.52575	0.0
3.5305	0.0
3.53525	0.0
3.54	0.0
3.54475	0.0
3.5495	0.0
3.55425	0.0
3.5589999999999997	0.0
3.5637499999999998	0.0
3.5685	0.0
3.57325	0.0
3.578	0.0
3.58275	0.0
3.5875	0.0
3.59225	0.0
3.597	0.0
3.60175	0.0
3.6065	0.0
3.61125	0.0
3.616	0.0
3.62075	0.0
3.6254999999999997	0.0
3.6302499999999998	0.0
3.635	0.0
3.63975	0.0
3.6445	0.0
3.64925	0.0
3.654	0.0
3.65875	0.0
3.6635	0.0
3.66825	0.0
3.673	0.0
3.67775	0.0
3.6825	0.0
3.68725	0.0
3.6919999999999997	0.0
3.6967499999999998	0.0
3.7015	0.0
3.70625	0.0
3.711	0.0
3.71575	0.0
3.7205	0.0
3.72525	0.0
3.73	0.0
3.73475	0.0
3.7395	0.0
3.74425	0.0
3.749	0.0
3.7537499999999997	0.0
3.7584999999999997	0.0
3.7632499999999998	0.0
3.768	0.0
3.77275	0.0
3.7775	0.0
3.78225	0.0
3.787	0.0
3.79175	0.0
3.7965	0.0
3.80125	0.0
3.806	0.0
3.81075	0.0
3.8155	0.0
3.8202499999999997	0.0
3.8249999999999997	0.0
3.8297499999999998	0.0
3.8345	0.0
3.83925	0.0
3.844	0.0
3.84875	0.0
3.8535	0.0
3.85825	0.0
3.863	0.0
3.86775	0.0
3.8725	0.0
3.87725	0.0
3.882	0.0
3.8867499999999997	0.0
3.8914999999999997	0.0
3.8962499999999998	0.0
3.901	0.0
3.90575	0.0
3.9105	0.0
3.91525	0.0
3.92	0.0
3.92475	0.0
3.9295	0.0
3.93425	0.0
3.939	0.0
3.94375	0.0
3.9485	0.0
3.9532499999999997	0.0
3.9579999999999997	0.0
3.9627499999999998	0.0
3.9675	0.0
3.97225	0.0
3.977	0.0
3.98175	0.0
3.9865	0.0
3.99125	0.0
3.996	0.0
4.00075	0.0
4.0055	0.0
4.01025	0.0
4.015000000000001	0.0
4.01975	0.0
4.0245	0.0
4.029249999999999	0.0
4.034	0.0
4.03875	0.0
4.0435	0.0
4.0482499999999995	0.0
4.053	0.0
4.05775	0.0
4.0625	0.0
4.06725	0.0
4.072	0.0
4.0767500000000005	0.0
4.0815	0.0
4.08625	0.0
4.090999999999999	0.0
4.09575	0.0
4.1005	0.0
4.10525	0.0
4.109999999999999	0.0
4.11475	0.0
4.1195	0.0
4.12425	0.0
4.129	0.0
4.13375	0.0
4.1385000000000005	0.0
4.14325	0.0
4.148	0.0
4.152749999999999	0.0
4.1575	0.0
4.16225	0.0
4.167	0.0
4.171749999999999	0.0
4.1765	0.0
4.18125	0.0
4.186	0.0
4.1907499999999995	0.0
4.1955	0.0
4.2002500000000005	0.0
4.205	0.0
4.20975	0.0
4.214499999999999	0.0
4.21925	0.0
4.224	0.0
4.22875	1.1e-322
4.233499999999999	1.878e-320
4.23825	3.199856e-318
4.243	5.3546231e-316
4.24775	8.8001180115e-314
4.2524999999999995	1.4203947881746e-311
4.25725	2.25159683024205e-309
4.2620000000000005	3.5053643999761282e-307
4.26675	5.359653325166512e-305
4.2715	8.048245431562905e-303
4.27625	1.1869343776320531e-300
4.281	1.7191476985118323e-298
4.28575	2.445460522384207e-296
4.2905	3.4164030980806205e-294
4.295249999999999	4.687470443673882e-292
4.3	6.316390363260151e-290
4.30475	8.359116284820722e-288
4.3095	1.0864575341679178e-285
4.3142499999999995	1.3868392666219726e-283
4.319	1.73860325349798e-281
4.32375	2.140601527184637e-279
4.3285	2.588404573230868e-277
4.33325	3.073898129057827e-275
4.338	3.585153602577362e-273
4.3427500000000006	4.106643930645863e-271
4.3475	4.619844040539346e-269
4.35225	5.104210365867686e-267
4.356999999999999	5.538482659608982e-265
4.36175	5.902201335878053e-263
4.3665	6.177293330449839e-261
4.37125	6.349556812260087e-259
4.3759999999999994	6.4098753921123124e-257
4.38075	6.355017415942921e-255
4.3855	6.187922814150982e-253
4.39025	5.917442072490721e-251
4.395	5.557559578537934e-249
4.39975	5.126196192453893e-247
4.4045000000000005	4.6437336806102e-245
4.40925	4.131429732295425e-243
4.414	3.609893762462691e-241
4.418749999999999	3.0977720428253823e-239
4.4235	2.6107511353566227e-237
4.42825	2.1609388612966203e-235
4.433	1.7566306999764837e-233
4.437749999999999	1.4024243440037781e-231
4.4425	1.099611820756756e-229
4.44725	8.4676001592571e-228
4.452	6.403866498396076e-226
4.4567499999999995	4.756474594021574e-224
4.4615	3.469677243889818e-222
4.4662500000000005	2.485730028269309e-220
4.471	1.7489597880348553e-218
4.47575	1.2085557097726606e-216
4.480499999999999	8.201900743405985e-215
4.48525	5.4666759230303033e-213
4.49	3.5784349979025964e-211
4.49475	2.30050891861494e-209
4.499499999999999	1.4524985063796318e-207
4.50425	9.006757135266038e-206
4.509	5.4850702563053625e-204
4.51375	3.2806275045584677e-202
4.5184999999999995	1.9270484473985745e-200
4.52325	1.111704412601681e-198
4.528	6.298643240117825e-197
4.53275	3.504819654930683e-195
4.5375	1.9153375616813173e-193
4.54225	1.027983065377645e-191
4.547	5.418606074428162e-190
4.55175	2.805111853210684e-188
4.5565	1.4261781278884495e-186
4.56125	7.12128463608232e-185
4.566	3.4922385522525137e-183
4.57075	1.68193978890593e-181
4.5755	7.955692185154147e-180
4.5802499999999995	3.695783165096179e-178
4.585	1.686149114813014e-176
4.5897499999999996	7.555208595668878e-175
4.5945	3.324741808907115e-173
4.59925	1.4369126712074027e-171
4.604	6.099072684289021e-170
4.60875	2.542483996856733e-168
4.6135	1.0409110805839284e-166
4.61825	4.1853330209908404e-165
4.623	1.652750863503279e-163
4.62775	6.409818764741553e-162
4.6325	2.441434583799833e-160
4.63725	9.132830949825593e-159
4.6419999999999995	3.3552642545929114e-157
4.64675	1.2106232937030406e-155
4.6514999999999995	4.289950750263771e-154
4.65625	1.4929888745104213e-152
4.661	5.102955969899109e-151
4.66575	1.712963288126359e-149
4.6705	5.6472273759172425e-148
4.67525	1.828451637161717e-146
4.68	5.8142361326496455e-145
4.68475	1.8157783700640818e-143
4.6895	5.5692151469509564e-142
4.69425	1.6775911930045123e-140
4.699	4.962942733431191e-139
4.70375	1.441960537308782e-137
4.7085	4.114608043221638e-136
4.7132499999999995	1.1530935715698456e-134
4.718	3.173668898513421e-133
4.72275	8.578664141205943e-132
4.7275	2.277396764950997e-130
4.73225	5.937706382401378e-129
4.737	1.5204065130688575e-127
4.74175	3.8235054118382674e-126
4.7465	9.443319458705903e-125
4.75125	2.290596742659899e-123
4.756	5.456744011236621e-122
4.76075	1.2766725092521697e-120
4.7655	2.933502195943291e-119
4.77025	6.619943962034686e-118
4.7749999999999995	1.4671793074250286e-116
4.77975	3.1935451307396214e-115
4.7844999999999995	6.826905750850959e-114
4.78925	1.4332955124199193e-112
4.794	2.9553475377350885e-111
4.79875	5.984699692213296e-110
4.8035	1.19024715046228e-108
4.80825	2.3248392155115124e-107
4.813	4.459741430089236e-106
4.81775	8.402091778018168e-105
4.8225	1.554626789469438e-103
4.82725	2.82504817361241e-102
4.832	5.041810904844242e-101
4.83675	8.837068739183249e-100
4.8415	1.5212160457186217e-98
4.8462499999999995	2.571784335816402e-97
4.851	4.270111157464199e-96
4.85575	6.963134736328438e-95
4.8605	1.115145154796166e-93
4.86525	1.7539571909397376e-92
4.87	2.7093652818625845e-91
4.87475	4.1103340440511325e-90
4.8795	6.1241759471361114e-89
4.88425	8.961468558208637e-88
4.889	1.287869018956661e-86
4.89375	1.8177124885929721e-85
4.8985	2.5196468256911275e-84
4.90325	3.4301659782659005e-83
4.9079999999999995	4.586185153132786e-82
4.91275	6.022114624588439e-81
4.9174999999999995	7.766179706389356e-80
4.92225	9.83618839899418e-79
4.927	1.2235091619780014e-77
4.93175	1.4946812885720096e-76
4.9365	1.7932917656289033e-75
4.94125	2.1130720008393283e-74
4.946	2.445336448556621e-73
4.95075	2.7792264323549255e-72
4.9555	3.102203093003486e-71
4.96025	3.4007719203470936e-70
4.965	3.6613881382572266e-69
4.9697499999999994	3.871462161756513e-68
4.9745	4.0203628601140245e-67
4.9792499999999995	4.100307903368613e-66
4.984	4.107037543510819e-65
4.98875	4.040190657399144e-64
4.9935	3.903336851603346e-63
4.99825	3.703660656965879e-62
5.003	3.45133669663025e-61
5.00775	3.158671447882463e-60
5.0125	2.8391122586195886e-59
5.01725	2.5062342438776405e-58
5.022	2.1728099382900357e-57
5.02675	1.8500471760502942e-56
5.0315	1.5470517863020289e-55
5.03625	1.2705386613526876e-54
5.0409999999999995	1.0247829769325374e-53
5.04575	8.117773039593248e-53
5.0504999999999995	6.315429507569464e-52
5.05525	4.8253615969824513e-51
5.06	3.620910745568198e-50
5.06475	2.6684972556699827e-49
5.0695	1.931419829456741e-48
5.07425	1.3729274740153764e-47
5.079	9.58472132869498e-47
5.08375	6.571618895627941e-46
5.0885	4.425132034847302e-45
5.09325	2.926449821652507e-44
5.098	1.900714618407578e-43
5.1027499999999995	1.2124217884962748e-42
5.1075	7.595415468256989e-42
5.1122499999999995	4.673156457947725e-41
5.117	2.8237750259569562e-40
5.12175	1.6757562542090144e-39
5.1265	9.766806634543399e-39
5.13125	5.590560024596442e-38
5.136	3.142816500141024e-37
5.14075	1.7351767466041244e-36
5.1455	9.408695166768705e-36
5.15025	5.010442259038123e-35
5.155	2.6204972594927445e-34
5.15975	1.3460225715960628e-33
5.1645	6.790190522599461e-33
5.16925	3.364128390738119e-32
5.1739999999999995	1.6369075384548725e-31
5.17875	7.822340562810606e-31
5.1834999999999996	3.671218860431197e-30
5.18825	1.6921732143535086e-29
5.193	7.660204101435513e-29
5.19775	3.405625201423721e-28
5.2025	1.4870115615107714e-27
5.20725	6.376653579984683e-27
5.212	2.685544093984146e-26
5.21675	1.1107919801274216e-25
5.2215	4.512260540877419e-25
5.22625	1.80018270679061e-24
5.231	7.053423935402527e-24
5.2357499999999995	2.714215796321127e-23
5.2405	1.0257694127026382e-22
5.2452499999999995	3.8072912471534726e-22
5.25	1.3878529109640816e-21
5.25475	4.968574035434286e-21
5.2595	1.7469524130588054e-20
5.26425	6.032417192622505e-20
5.269	2.0457975194945192e-19
5.27375	6.813886747589233e-19
5.2785	2.2288875523620147e-18
5.28325	7.160484208411745e-18
5.288	2.259215236657349e-17
5.29275	7.000576568312177e-17
5.2975	2.1304482840468546e-16
5.30225	6.367503130897834e-16
5.3069999999999995	1.8690818604480734e-15
5.31175	5.388258996764418e-15
5.3165	1.5255610340477833e-14
5.32125	4.242010085114579e-14
5.326	1.1584433225832495e-13
5.33075	3.1069829431699965e-13
5.3355	8.183968180175124e-13
5.34025	2.1171419611307034e-12
5.345	5.378943866682694e-12
5.34975	1.3421622791518557e-11
5.3545	3.2890769220379954e-11
5.35925	7.91596775709401e-11
5.364	1.8710913338122187e-10
5.3687499999999995	4.3435711770349736e-10
5.3735	9.902842742278291e-10
5.3782499999999995	2.217347737066812e-09
5.383	4.876056352227054e-09
5.38775	1.0530878685834801e-08
5.3925	2.233682738616863e-08
5.39725	4.653067481813671e-08
5.402	9.519589000155276e-08
5.40675	1.912749207155343e-07
5.4115	3.774494938501367e-07
5.41625	7.315106420509993e-07
5.421	1.3923340194527085e-06
5.42575	2.6027185362166117e-06
5.430499999999999	4.7782840162342504e-06
5.43525	8.61544471476882e-06
5.4399999999999995	1.5256131527614696e-05
5.44475	2.6532131014472027e-05
5.4495	4.5316966084851316e-05
5.45425	7.60169612425409e-05
5.459	0.0001252336872080138
5.46375	0.0002026249006276163
5.4685	0.000321977442785893
5.47325	0.0005024803273580435
5.478	0.0007701470646251801
5.48275	0.0011592824204550915
5.4875	0.001713822422470039
5.49225	0.0024883036435269855
5.497	0.0035481495378728604
5.5017499999999995	0.004968913530354821
5.5065	0.006834109734114073
5.5112499999999995	0.009231312249767917
5.516	0.01224632890249724
5.52075	0.01595546191858725
5.5255	0.020416149108516933
5.53025	0.025656609292532204
5.535	0.031665450934346126
5.53975	0.03838248403662788
5.5445	0.04569213628924051
5.54925	0.05342085488531963
5.554	0.061339635148458034
5.55875	0.06917234960895507
5.5634999999999994	0.07660989229558957
5.56825	0.08332938188154931
5.5729999999999995	0.08901689744541702
5.57775	0.0933915818090296
5.5825	0.09622856149544343
5.58725	0.0973780874652526
5.592	0.09677863050332926
5.59675	0.09446233755313438
5.6015	0.09055217560932773
5.60625	0.08525111631214322
5.611	0.0788246851118882
5.61575	0.07157896247765248
5.6205	0.0638365691714347
5.62525	0.05591324039204966
5.63	0.04809730808844822
5.6347499999999995	0.04063383974279009
5.6395	0.03371443927235752
5.6442499999999995	0.02747293149497829
5.649	0.021986446836831795
5.65375	0.017280889031739546
5.6585	0.013339455341067142
5.66325	0.010112792541300066
5.668	0.007529481719177365
5.67275	0.005505795202236963
5.6775	0.0039539940132533495
5.68225	0.0027887715958398594
5.687	0.001931749773631595
5.69175	0.0013141646421439613
5.6964999999999995	0.000878030639218696
5.70125	0.0005761433432996567
5.7059999999999995	0.00037128928014736105
5.71075	0.0002349931793383058
5.7155	0.00014606934718073474
5.72025	8.917105484131334e-05
5.725	5.346255432207892e-05
5.72975	3.148012800050336e-05
5.7345	1.8204730713691266e-05
5.73925	1.033934467725766e-05
5.744	5.767169984815092e-06
5.74875	3.1593189734166217e-06
5.7535	1.6997505238736156e-06
5.75825	8.981272558947477e-07
5.763	4.660704339933787e-07
5.7677499999999995	2.3753423693779687e-07
5.7725	1.1889452655450407e-07
5.7772499999999996	5.8446497821534326e-08
5.782	2.821734242729248e-08
5.78675	1.3379340568403229e-08
5.7915	6.230376526495233e-09
5.79625	2.849409468035784e-09
5.801	1.2798421738028902e-09
5.80575	5.645715063595067e-10
5.8105	2.445921299606181e-10
5.81525	1.0407034321772136e-10
5.82	4.348830483568968e-11
5.82475	1.7847564343931305e-11
5.8294999999999995	7.1936021995003555e-12
5.83425	2.847572985936059e-12
5.8389999999999995	1.1070425028283661e-12
5.84375	4.2268293129775145e-13
5.8485	1.5849884822586427e-13
5.85325	5.837118301786991e-14
5.858	2.111212091671071e-14
5.86275	7.499394819678316e-15
5.8675	2.6162639493564604e-15
5.87225	8.96391810197483e-16
5.877	3.016304539161454e-16
5.88175	9.968125104368383e-17
5.8865	3.235286583914153e-17
5.891249999999999	1.031271505807108e-17
5.896	3.2284514839995628e-18
5.9007499999999995	9.926050835028719e-19
5.9055	2.997227511560656e-19
5.91025	8.888406539396468e-20
5.915	2.588743936687671e-20
5.91975	7.404832921549465e-21
5.9245	2.080187189344961e-21
5.92925	5.739189380995292e-22
5.934	1.5551048601463636e-22
5.93875	4.1383744695539244e-23
5.9435	1.0815855544878588e-23
5.94825	2.776214095815697e-24
5.953	6.998516909376981e-25
5.95775	1.7326867812987327e-25
5.9624999999999995	4.2130352507195895e-26
5.96725	1.0060767511259526e-26
5.9719999999999995	2.3595447950933322e-27
5.97675	5.434864042772097e-28
5.9815	1.2295931653193536e-28
5.98625	2.739110239563582e-29
5.991	6.325678594976626e-30
5.99575	2.9826053084687092e-30
6.0005	8.074843670643503e-30
6.00525	3.5144856498724095e-29
6.01	1.549208141594232e-28
6.01475	6.716515381869113e-28
6.0195	2.860013054248833e-27
6.024249999999999	1.1960637411819542e-26
6.029	4.9124900053512906e-26
6.0337499999999995	1.9815727535075089e-25
6.0385	7.8501751946922125e-25
6.04325	3.054285713687228e-24
6.048	1.1670808876283087e-23
6.05275	4.379789497717456e-23
6.0575	1.6142340477911073e-22
6.06225	5.84306548161314e-22
6.067	2.0771888753267922e-21
6.07175	7.25224065777614e-21
6.0765	2.4867344511946616e-20
6.08125	8.374282349013147e-20
6.086	2.769662000781643e-19
6.09075	8.99636216176622e-19
6.0954999999999995	2.869908645364067e-18
6.10025	8.991459644065403e-18
6.1049999999999995	2.7666441993574235e-17
6.10975	8.360599251987327e-17
6.1145	2.481318351786035e-16
6.11925	7.232501840853801e-16
6.124	2.0704064059823254e-15
6.12875	5.820812864317834e-15
6.1335	1.607210112351959e-14
6.13825	4.358355583215292e-14
6.143	1.1607365185395908e-13
6.14775	3.036026941212734e-13
6.1525	7.798993862679241e-13
6.1572499999999994	1.9675805493430347e-12
6.162	4.875143989967135e-12
6.1667499999999995	1.186324115040795e-11
6.1715	2.8351775055967643e-11
6.17625	6.654541456855956e-11
6.181	1.5339704730606413e-10
6.18575	3.472776626140427e-10
6.1905	7.721429030075229e-10
6.19525	1.6860851482781665e-09
6.2	3.6159490831196804e-09
6.20475	7.615985255027555e-09
6.2095	1.5754000947669306e-08
6.21425	3.20049110531564e-08
6.218999999999999	6.385624349165593e-08
6.22375	1.2512701750687668e-07
6.2284999999999995	2.4080184164612e-07
6.23325	4.5512375065799056e-07
6.2379999999999995	8.448122061728544e-07
6.24275	1.5401103696564566e-06
6.2475	2.7574299888708397e-06
6.25225	4.848619777501401e-06
6.257	8.37322472842009e-06
6.26175	1.4201308135183125e-05
6.2665	2.3655108187637647e-05
6.27125	3.869746456467858e-05
6.276	6.217289188638296e-05
6.28075	9.810262095198283e-05
6.2855	0.00015202714402267156
6.2902499999999995	0.00023137831197080538
6.295	0.0003458479013546457
6.2997499999999995	0.0005077017100198659
6.3045	0.0007319696823293492
6.30925	0.0010364265902657235
6.314	0.0014412688067847372
6.31875	0.001968395744762662
6.3235	0.0026402244008949015
6.32825	0.0034780054805889477
6.333	0.0044996702864696205
6.33775	0.005717315349156067
6.3425	0.00713451830002347
6.34725	0.008743760794982595
6.351999999999999	0.010524296276491478
6.35675	0.012440825290963435
6.3614999999999995	0.014443315118026386
6.36625	0.01646821636633983
6.3709999999999996	0.018441189374063218
6.37575	0.020281271353830933
6.3805	0.021906215350307977
6.38525	0.023238545571436883
6.39	0.024211733687593818
6.39475	0.02477583571824829
6.3995	0.0249019565614991
6.40425	0.02458503091230898
6.409	0.023844609986000045
6.41375	0.02272359274900012
6.4185	0.021285098133140307
6.4232499999999995	0.019607898641090353
6.428	0.01778098944054959
6.4327499999999995	0.015897926973672424
6.4375	0.014051530907375447
6.44225	0.012329414484068827
6.447	0.010810617786584932
6.45175	0.009563402659448966
6.4565	0.008644066412901306
6.46125	0.008096479172413101
6.466	0.007951971990620865
6.47075	0.008229210923386587
6.4755	0.008933782231504778
6.48025	0.01005736744901504
6.484999999999999	0.01157657474350359
6.48975	0.013451678649251524
6.4944999999999995	0.015625666800720014
6.49925	0.01802406776198127
6.504	0.020556017257469247
6.50875	0.02311690510911997
6.5135	0.025592743559077414
6.51825	0.027866137970366966
6.523	0.029823464930832932
6.52775	0.03136261883047467
6.5325	0.03240052217641154
6.53725	0.032879542207330976
6.542	0.03277203306797889
6.54675	0.03208242240750384
6.5515	0.030846554836462647
6.5562499999999995	0.029128345851186677
6.561	0.027014133544301346
6.5657499999999995	0.02460538847115414
6.5705	0.0220106131902647
6.57525	0.019337310320709736
6.58	0.01668482199116315
6.58475	0.014138665687408746
6.5895	0.011766748337163338
6.59425	0.009617575634354562
6.599	0.007720329059800093
6.60375	0.006086491766646499
6.6085	0.004712585855070512
6.61325	0.003583542098646919
6.617999999999999	0.002676250363618857
6.62275	0.00196291709515869
6.6274999999999995	0.0014139633831350145
6.63225	0.0010003117142175478
6.637	0.0006950139667260419
6.64175	0.00047425584784539717
6.6465	0.0003178285029294644
6.65125	0.00020918665461514514
6.656	0.00013521849306770485
6.66075	8.584187465890737e-05
6.6655	5.352088421773023e-05
6.67025	3.27724078364503e-05
6.675	1.9708537880765544e-05
6.679749999999999	1.1640226918054461e-05
6.6845	6.751953948020155e-06
6.6892499999999995	3.846435736483392e-06
6.694	2.152030761901248e-06
6.6987499999999995	1.182495382788869e-06
6.7035	6.381333127932275e-07
6.70825	3.3820838045387245e-07
6.713	1.7604281204909008e-07
6.71775	8.999392929128576e-08
6.7225	4.518238126091939e-08
6.72725	2.2278502849382736e-08
6.732	1.0788569734267115e-08
6.73675	5.1310084342210525e-09
6.7415	2.3966387041307598e-09
6.74625	1.099419392807841e-09
6.7509999999999994	4.953192453166473e-10
6.75575	2.1916338342862374e-10
6.7604999999999995	9.523833075259624e-11
6.76525	4.064588068586073e-11
6.77	1.703657484960113e-11
6.77475	7.0130836316667e-12
6.7795	2.835285094954576e-12
6.78425	1.1257590223800313e-12
6.789	4.3899050041706914e-13
6.79375	1.681224820685276e-13
6.7985	6.323498914685287e-14
6.80325	2.3358776335733216e-14
6.808	8.474297624780057e-15
6.812749999999999	3.019383808657492e-15
6.8175	1.056559393478238e-15
6.8222499999999995	3.631035490518357e-16
6.827	1.2255415974945458e-16
6.8317499999999995	4.0624366743746214e-17
6.8365	1.3225318394883598e-17
6.84125	4.228503097132189e-18
6.846	1.3277862113719865e-18
6.85075	4.094780630055935e-19
6.8555	1.2402068071570405e-19
6.86025	3.689084184145948e-20
6.865	1.0777151935749883e-20
6.86975	3.09207792228547e-21
6.8745	8.712801880909306e-22
6.87925	2.411161121565703e-22
6.8839999999999995	6.55323301306326e-23
6.88875	1.7492261981319626e-23
6.8934999999999995	4.5856121610033155e-24
6.89825	1.1806186852937926e-24
6.903	2.9852655478468898e-25
6.90775	7.413397206296525e-26
6.9125	1.8080588236304187e-26
6.91725	4.330806960354087e-27
6.922	1.0187933019269254e-27
6.92675	2.353771611368477e-28
6.9315	5.340765931846544e-29
6.93625	1.1901556246819205e-29
6.941	2.604743402959392e-30
6.945749999999999	5.598699068769593e-31
6.9505	1.1818715739551318e-31
6.9552499999999995	2.4502727737872003e-32
6.96	4.98906964050955e-33
6.9647499999999996	9.976671728733503e-34
6.9695	1.9593534386617077e-34
6.97425	3.7792086413777763e-35
6.979	7.158960054042873e-36
6.98375	1.3318643486443496e-36
6.9885	2.433498221787488e-37
6.99325	4.366797542099794e-38
6.998	7.69584063437176e-39
7.00275	1.3320178934608234e-39
7.007499999999999	2.26425344229297e-40
7.01225	3.780080068481742e-41
7.0169999999999995	6.197805541878006e-42
7.02175	9.980122627108044e-43
7.0264999999999995	1.5783190330091533e-43
7.03125	2.451402894130313e-44
7.036	3.7393453781322617e-45
7.04075	5.601927060627905e-46
7.0455	8.242146021452453e-47
7.05025	1.1909791090144567e-47
7.055	1.690164467933311e-48
7.05975	2.35567176069963e-49
7.0645	3.2244939670415254e-50
7.06925	4.334802810766716e-51
7.074	5.723189268764582e-52
7.078749999999999	7.421092677633035e-53
7.0835	9.450582695156263e-54
7.0882499999999995	1.1819804752754353e-54
7.093	1.451854193211284e-55
7.09775	1.751445744275657e-56
7.1025	2.0750633419337177e-57
7.10725	2.4144989040892492e-58
7.112	2.759202987656274e-59
7.11675	3.0967152669849123e-60
7.1215	3.413342619260395e-61
7.12625	3.695042825372439e-62
7.131	3.9284393592790304e-63
7.13575	4.101867387593403e-64
7.140499999999999	4.206337949365686e-65
7.14525	4.236309614866506e-66
7.1499999999999995	4.1901754618367954e-67
7.15475	4.07040581115471e-68
7.1594999999999995	3.8833290773385914e-69
7.16425	3.6385777903879366e-70
7.169	3.348267277287964e-71
7.17375	3.0260044149202764e-72
7.1785	2.685839030839192e-73
7.18325	2.341269398676922e-74
7.188	2.0043971722735043e-75
7.19275	1.6852997587271325e-76
7.1975	1.391654795377897e-77
7.20225	1.1286177256732744e-78
7.207	8.989244600505932e-80
7.211749999999999	7.031702910776639e-81
7.2165	5.402052663980266e-82
7.2212499999999995	4.075849117159401e-83
7.226	3.020218531791477e-84
7.23075	2.1979591775889126e-85
7.2355	1.57094818456738e-86
7.24025	1.1027195747406792e-87
7.245	7.602024970271657e-89
7.24975	5.147003744871085e-90
7.2545	3.422477969667438e-91
7.25925	2.2350529839317007e-92
7.264	1.43349429596311e-93
7.26875	9.029529059808551e-95
7.273499999999999	5.585926481434338e-96
7.27825	3.393800548625598e-97
7.2829999999999995	2.0250623540463548e-98
7.28775	1.1867287653762781e-99
7.2924999999999995	6.830075797066452e-101
7.29725	3.860651162439927e-102
7.302	2.1431698195158379e-103
7.30675	1.1684593078985076e-104
7.3115	6.256501957255083e-106
7.31625	3.290111086668746e-107
7.321	1.6992235682050528e-108
7.32575	8.618892603352123e-110
7.3305	4.2935191061095665e-111
7.33525	2.100565919965151e-112
7.34	1.0092998646063565e-113
7.3447499999999994	4.762830208202794e-115
7.3495	2.2073488192475713e-116
7.3542499999999995	1.0047032849793966e-117
7.359	4.4912337670133084e-119
7.36375	1.9717619582644995e-120
7.3685	8.501670929030093e-122
7.37325	3.600104299253397e-123
7.378	1.4972242743046318e-124
7.38275	6.115326102689669e-126
7.3875	2.453089349102279e-127
7.39225	9.664248694922704e-129
7.397	3.739244060048454e-130
7.40175	1.4208901778460853e-131
7.406499999999999	5.3027139047312414e-133
7.41125	1.9435551353143465e-134
7.4159999999999995	6.996108220726884e-136
7.42075	2.4733020470084525e-137
7.4254999999999995	8.587342398610386e-139
7.43025	2.92820438696958e-140
7.435	9.806295564306055e-142
7.43975	3.225295832143139e-143
7.4445	1.0418258198778084e-144
7.44925	3.305077610958033e-146
7.454	1.029743815937549e-147
7.45875	3.1509223985274034e-149
7.4635	9.46906738059343e-151
7.468249999999999	2.794716062764495e-152
7.473	8.100823311211503e-154
7.4777499999999995	2.3061184646149506e-155
7.4825	6.447554933457848e-157
7.4872499999999995	1.7703921431491984e-158
7.492	4.7742469650260864e-160
7.49675	1.264448869336462e-161
7.5015	3.2889604322914595e-163
7.50625	8.4018903551194335e-165
7.511	2.1079308273716134e-166
7.51575	5.193937093503006e-168
7.5205	1.2568921102552484e-169
7.52525	2.987172478951762e-171
7.53	6.972420696906572e-173
7.53475	1.5983351555720897e-174
7.539499999999999	3.598430383287167e-176
7.54425	7.956450089521608e-178
7.5489999999999995	1.7277725312760597e-179
7.55375	3.684807224527182e-181
7.5584999999999996	7.717985595020138e-183
7.56325	1.5876477045516495e-184
7.568	3.2074899226106977e-186
7.57275	6.36410660549415e-188
7.5775	1.2401396009163997e-189
7.58225	2.3733658574698798e-191
7.587	4.46087228560332e-193
7.59175	8.234474203789299e-195
7.5965	1.4928388946816085e-196
7.601249999999999	2.6579756297599727e-198
7.606	4.647827832200588e-200
7.6107499999999995	7.981969324918158e-202
7.6155	1.346266568524986e-203
7.6202499999999995	2.230042051723221e-205
7.625	3.6279060226079396e-207
7.62975	5.796421906698652e-209
7.6345	9.095465571895759e-211
7.63925	1.4016864145659864e-212
7.644	2.1214743169686204e-214
7.64875	3.153448025645843e-216
7.6535	4.603567983817997e-218
7.65825	6.600311451100788e-220
7.663	9.29384193646947e-222
7.66775	1.285248540610124e-223
7.672499999999999	1.7455807397728937e-225
7.67725	2.3283793984601857e-227
7.6819999999999995	3.0502015622714936e-229
7.68675	3.9243191075959396e-231
7.6915	4.958622827326824e-233
7.69625	6.1534520444836666e-235
7.701	7.499590494953086e-237
7.70575	8.976711426330461e-239
7.7105	1.0552563227394689e-240
7.71525	1.2183151544914532e-242
7.72	1.381409105754846e-244
7.72475	1.53831745172002e-246
7.7295	1.6824052085614153e-248
7.734249999999999	1.807075201119042e-250
7.739	1.9062630615086528e-252
7.7437499999999995	1.974924163281951e-254
7.7485	2.00945830402714e-256
7.7532499999999995	2.0080224283290468e-258
7.758	1.9706935906179897e-260
7.76275	1.8994621045633372e-262
7.7675	1.7980557265796814e-264
7.77225	1.671616488099096e-266
7.777	1.5262691618087326e-268
7.78175	1.3686317076073976e-270
7.7865	1.2053219059932462e-272
7.79125	1.0425106173613791e-274
7.795999999999999	8.855618693065181e-277
7.80075	7.387854175553277e-279
7.805499999999999	6.053111940419396e-281
7.81025	4.870797571681932e-283
7.8149999999999995	3.8493060376552784e-285
7.81975	2.9876229406132313e-287
7.8245	2.277351748496836e-289
7.82925	1.7048863302820195e-291
7.834	1.2534924632650138e-293
7.83875	9.051259370818907e-296
7.8435	6.4188507515487724e-298
7.84825	4.470607372907767e-300
7.853	3.0579949710762804e-302
7.85775	2.054319498815379e-304
7.8625	1.3553772582700466e-306
7.867249999999999	8.782403470249865e-309
7.872	5.588915716561e-311
7.8767499999999995	3.49303325387e-313
7.8815	2.14406953e-315
7.8862499999999995	1.292516e-317
7.891	7.652e-320
7.89575	4.45e-322
7.9005	5e-324
7.90525	0.0
7.91	0.0
7.91475	0.0
7.9195	0.0
7.92425	0.0
7.928999999999999	0.0
7.93375	0.0
7.9384999999999994	0.0
7.94325	0.0
7.9479999999999995	0.0
7.95275	0.0
7.9575	0.0
7.96225	0.0
7.967	0.0
7.97175	0.0
7.9765	0.0
7.98125	0.0
7.986	0.0
7.99075	0.0
7.9955	0.0
8.00025	0.0
8.004999999999999	0.0
8.00975	0.0
8.0145	0.0
8.01925	0.0
8.024000000000001	0.0
8.028749999999999	0.0
8.0335	0.0
8.03825	0.0
8.043	0.0
8.04775	0.0
8.0525	0.0
8.05725	0.0
8.062	0.0
8.066749999999999	0.0
8.0715	0.0
8.07625	0.0
8.081	0.0
8.08575	0.0
8.090499999999999	0.0
8.09525	0.0
8.1	0.0
8.10475	0.0
8.1095	0.0
8.11425	0.0
8.119	0.0
8.123750000000001	0.0
8.128499999999999	0.0
8.13325	0.0
8.138	0.0
8.14275	0.0
8.1475	0.0
8.152249999999999	0.0
8.157	0.0
8.16175	0.0
8.1665	0.0
8.17125	0.0
8.176	0.0
8.18075	0.0
8.185500000000001	0.0
8.190249999999999	0.0
8.195	0.0
8.19975	0.0
8.2045	0.0
8.20925	0.0
8.213999999999999	0.0
8.21875	0.0
8.2235	0.0
8.22825	0.0
8.233	0.0
8.23775	0.0
8.2425	0.0
8.247250000000001	0.0
8.251999999999999	0.0
8.25675	0.0
8.2615	0.0
8.26625	0.0
8.271	0.0
8.275749999999999	0.0
8.2805	0.0
8.28525	0.0
8.29	0.0
8.29475	0.0
8.2995	0.0
8.30425	0.0
8.309000000000001	3.56e-322
8.313749999999999	6.1437e-320
8.3185	1.0446396e-317
8.32325	1.74444542e-315
8.328	2.86094362537e-313
8.33275	4.6081032202383e-311
8.337499999999999	7.289472160103894e-309
8.34225	1.1324810647831252e-306
8.347	1.7279326128159266e-304
8.35175	2.5893075543153114e-302
8.3565	3.810671043120085e-300
8.36125	5.507826685676039e-298
8.366	7.818439079695596e-296
8.370750000000001	1.0899857791183157e-293
8.375499999999999	1.4923908980596952e-291
8.38025	2.006805747223544e-289
8.385	2.650263559611706e-287
8.38975	3.4374293344190196e-285
8.3945	4.378642389184858e-283
8.399249999999999	5.4777998523463237e-281
8.404	6.730290768535455e-279
8.40875	8.121242515107051e-277
8.413499999999999	9.624365689192992e-275
8.41825	1.120166905083114e-272
8.423	1.2804255845655e-270
8.42775	1.437430758634739e-268
8.432500000000001	1.5848220641100445e-266
8.437249999999999	1.716070274350401e-264
8.442	1.824948498541848e-262
8.44675	1.906018632077136e-260
8.4515	1.9550805500931422e-258
8.45625	1.969532507390722e-256
8.460999999999999	1.9485997207580128e-254
8.46575	1.8934031847123754e-252
8.4705	1.8068602142967544e-250
8.475249999999999	1.6934289955157284e-248
8.48	1.5587282723339037e-246
8.48475	1.4090772996483578e-244
8.4895	1.251008350819421e-242
8.494250000000001	1.0908036528789047e-240
8.498999999999999	9.341012282526712e-239
8.50375	7.856014696671215e-237
8.5085	6.488907987802976e-235
8.51325	5.263830900969367e-233
8.518	4.193660095797471e-231
8.52275	3.281296759779799e-229
8.5275	2.5214988636423705e-227
8.53225	1.9029747617530342e-225
8.536999999999999	1.4104843272181986e-223
8.54175	1.0267494661403296e-221
8.5465	7.34043320697821e-220
8.55125	5.153946206387143e-218
8.556	3.554013360220949e-216
8.56075	2.4069064757724916e-214
8.5655	1.6008858254618625e-212
8.57025	1.045737032391581e-210
8.575	6.708811676942073e-209
8.57975	4.226975189283482e-207
8.5845	2.615620792255023e-205
8.58925	1.5895743563896656e-203
8.594	9.487415033119932e-202
8.598749999999999	5.561295034568399e-200
8.6035	3.2015844088639264e-198
8.60825	1.8101516549842254e-196
8.613	1.0051386006166286e-194
8.61775	5.481481165250772e-193
8.6225	2.9358298735056155e-191
8.62725	1.5442756695086974e-189
8.632	7.97773778034207e-188
8.63675	4.047582134894062e-186
8.6415	2.0168452095640817e-184
8.64625	9.869847674347803e-183
8.651	4.743613723409406e-181
8.65575	2.2390777182390144e-179
8.660499999999999	1.0379824345111467e-177
8.66525	4.725761770266182e-176
8.67	2.113073627814666e-174
8.67475	9.279368456153313e-173
8.679499999999999	4.002056300686365e-171
8.68425	1.695153196582876e-169
8.689	7.051730341492958e-168
8.69375	2.881001103791675e-166
8.6985	1.1559848368378677e-164
8.70325	4.5553508830549623e-163
8.708	1.7630008300994915e-161
8.71275	6.70107044312543e-160
8.7175	2.5014788457335207e-158
8.722249999999999	9.170868586991039e-157
8.727	3.302060991139351e-155
8.73175	1.1676715414056753e-153
8.7365	4.055246753227945e-152
8.741249999999999	1.3831677661973144e-150
8.746	4.633331975134796e-149
8.75075	1.5243088166652e-147
8.7555	4.92508227145925e-146
8.76025	1.56284174163612e-144
8.765	4.870544317558432e-143
8.76975	1.4907368298162858e-141
8.7745	4.48110837689993e-140
8.77925	1.3229118253377173e-138
8.783999999999999	3.835635541237297e-137
8.78875	1.0922064938903891e-135
8.7935	3.0544509766255017e-134
8.79825	8.389238641607218e-133
8.802999999999999	2.262939392663408e-131
8.80775	5.9949322746620065e-130
8.8125	1.559755854451578e-128
8.81725	3.985565512500226e-127
8.822	1.0001940452984955e-125
8.82675	2.465128493905255e-124
8.8315	5.966997326466935e-123
8.83625	1.4185123115433478e-121
8.841	3.311855351495711e-120
8.84575	7.594000050889413e-119
8.8505	1.710136654993628e-117
8.85525	3.782265578686177e-116
8.86	8.215503964999446e-115
8.864749999999999	1.7525781117503942e-113
8.8695	3.6718213424302197e-112
8.87425	7.555212516324453e-111
8.879	1.5267671690851215e-109
8.88375	3.030120675346863e-108
8.8885	5.906198263379939e-107
8.89325	1.1306211439267956e-105
8.898	2.1256275439923965e-104
8.90275	3.9248062250639634e-103
8.9075	7.1172177785135705e-102
8.91225	1.2675446740027826e-100
8.917	2.217059145904228e-99
8.92175	3.8084851651763286e-98
8.926499999999999	6.425223541586024e-97
8.93125	1.0645969072317831e-95
8.936	1.732379927318722e-94
8.94075	2.768611831342264e-93
8.9455	4.345522295840972e-92
8.95025	6.6985820165506e-91
8.955	1.0141092882384106e-89
8.95975	1.5078134962263478e-88
8.9645	2.2017676008533482e-87
8.96925	3.1575941721516075e-86
8.974	4.447358421228228e-85
8.97875	6.151895303173164e-84
8.9835	8.35750653065557e-83
8.988249999999999	1.1150786435270986e-81
8.993	1.4611515266685238e-80
8.99775	1.8803816259128416e-79
9.0025	2.376608938125271e-78
9.007249999999999	2.950057208159045e-77
9.012	3.5963680807903586e-76
9.01675	4.305849197177671e-75
9.0215	5.063076405248036e-74
9.02625	5.846973580918313e-73
9.031	6.631454075948852e-72
9.03575	7.386647694667617e-71
9.0405	8.08066290448519e-70
9.04525	8.681756055986515e-69
9.049999999999999	9.160710359230304e-68
9.05475	9.493179874313117e-67
9.0595	9.66173790918312e-66
9.06425	9.657390207146408e-65
9.068999999999999	9.4803700833916e-64
9.07375	9.140117681712221e-63
9.0785	8.654445917899353e-62
9.08325	8.047995666138173e-61
9.088	7.350166616366938e-60
9.09275	6.592765350976782e-59
9.0975	5.807631310286042e-58
9.10225	5.024483702420196e-57
9.107	4.269183579951943e-56
9.111749999999999	3.5625355229197166e-55
9.1165	2.9196753362929485e-54
9.12125	2.3500164565135657e-53
9.126	1.8576685577532794e-52
9.130749999999999	1.442203489283549e-51
9.1355	1.0996281222034102e-50
9.14025	8.234289253754512e-50
9.145	6.055742279031336e-49
9.14975	4.3739079006180166e-48
9.1545	3.102650583003548e-47
9.15925	2.1615091968119685e-46
9.164	1.4789118589920924e-45
9.16875	9.937759441403316e-45
9.1735	6.558366048492284e-44
9.17825	4.250732839788868e-43
9.183	2.705782928570836e-42
9.18775	1.6915431435025525e-41
9.192499999999999	1.0385662144265249e-40
9.19725	6.2624790555415004e-40
9.202	3.708680040149016e-39
9.20675	2.1570163255006174e-38
9.2115	1.2321071614169974e-37
9.21625	6.912012521078802e-37
9.221	3.808215664858187e-36
9.22575	2.060627724491215e-35
9.2305	1.0950615415480957e-34
9.23525	5.715292997100442e-34
9.24	2.9295401667078342e-33
9.24475	1.474760167149207e-32
9.2495	7.291289219319684e-32
9.254249999999999	3.5403666139071243e-31
9.259	1.6883136525596265e-30
9.26375	7.907132435068274e-30
9.2685	3.6370215785349453e-29
9.273249999999999	1.6429854874397843e-28
9.278	7.289245232706542e-28
9.28275	3.17608692727186e-27
9.2875	1.3591368376608977e-26
9.29225	5.712089079486411e-26
9.297	2.357695660685713e-25
9.30175	9.557438263352903e-25
9.3065	3.80501386073575e-24
9.31125	1.4877568876125084e-23
9.315999999999999	5.71305862333239e-23
9.32075	2.15459861375243e-22
9.3255	7.980407282669829e-22
9.33025	2.90298452719995e-21
9.334999999999999	1.0371113101412136e-20
9.33975	3.638873887072328e-20
9.3445	1.2539194041164902e-19
9.34925	4.2435881328006134e-19
9.354	1.4104503860436859e-18
9.35875	4.604085567296391e-18
9.3635	1.4760121872929146e-17
9.36825	4.647265504704105e-17
9.373	1.4370305840346577e-16
9.377749999999999	4.364108325218176e-16
9.3825	1.301625407749353e-15
9.38725	3.812742693159098e-15
9.392	1.0968568758954414e-14
9.396749999999999	3.099013094324455e-14
9.4015	8.599195945124751e-14
9.40625	2.3434368968646903e-13
9.411	6.272052234018643e-13
9.41575	1.648644636861898e-12
9.4205	4.256037308720035e-12
9.42525	1.0790579858067723e-11
9.43	2.68686053628163e-11
9.43475	6.570621503149167e-11
9.439499999999999	1.5780790751437633e-10
9.44425	3.722305863969051e-10
9.449	8.622959301166935e-10
9.45375	1.9618310359550894e-09
9.458499999999999	4.383569028038023e-09
9.46325	9.619557244761222e-09
9.468	2.073210031902873e-08
9.47275	4.388261549085566e-08
9.4775	9.122265161069894e-08
9.48225	1.862403863780584e-07
9.487	3.734272622039096e-07
9.49175	7.35358576303913e-07
9.4965	1.4221758110238916e-06
9.50125	2.7012725051375048e-06
9.506	5.03900156453279e-06
9.51075	9.231697660804153e-06
9.5155	1.6610382641633814e-05
9.520249999999999	2.9352066720989335e-05
9.525	5.093997405279505e-05
9.52975	8.682398949772087e-05
9.5345	0.00014533885690461317
9.53925	0.0002389377266864307
9.544	0.00038578798626378316
9.54875	0.0006117495459962585
9.5535	0.0009527075277605832
9.55825	0.00145715758888213
9.563	0.002188842097058914
9.56775	0.003229113628652247
9.5725	0.004678570811819054
9.57725	0.006657391100801287
9.581999999999999	0.009303704751405314
9.58675	0.012769348889069524
9.5915	0.017212445215216855
9.59625	0.022786486917529006
9.600999999999999	0.0296260096889215
9.60575	0.03782944173001672
9.6105	0.047440328594845954
9.61525	0.0584287276792557
9.62	0.07067505495840923
9.62475	0.0839589241643259
9.6295	0.0979554399816447
9.63425	0.11224092546827723
9.639	0.1263091762613053
9.643749999999999	0.13959811413858675
9.6485	0.15152531113629558
9.65325	0.16152948266484152
9.658	0.16911393869241878
9.662749999999999	0.17388735094727445
9.6675	0.17559719042486074
9.67225	0.17415186070241323
9.677	0.16962882731532103
9.68175	0.16226773908932632
9.6865	0.1524493914786239
9.69125	0.14066310185563585
9.696	0.12746638532324334
9.70075	0.11344154609313764
9.705499999999999	0.09915385243542704
9.71025	0.08511538042546829
9.715	0.07175753501570463
9.71975	0.05941389740876362
9.724499999999999	0.048313640246075124
9.72925	0.038584510410221366
9.734	0.030263460240857017
9.73875	0.023312492491014022
9.7435	0.0176371752215053
9.74825	0.013105518218357612
9.753	0.009565379050359474
9.75775	0.00685916593060081
9.7625	0.004835215719007938
9.76725	0.0033557631465489478
9.772	0.002301828890925018
9.77675	0.0015756193461457656
9.7815	0.0011011560918681234
9.786249999999999	0.0008238615035850507
9.791	0.0007097491697151254
9.79575	0.0007447333735731739
9.8005	0.000934404317326746
9.80525	0.0013044305284400852
9.81	0.0019015557741821289
9.81475	0.0027949602760105638
9.8195	0.0040775617404074024
9.82425	0.00586665300360535
9.829	0.008303130841525258
9.83375	0.01154849470049873
9.8385	0.015778820834661828
9.84325	0.021175082119100443
9.847999999999999	0.02790951184293038
9.85275	0.036128204602374904
9.8575	0.0459307805245954
9.86225	0.057348643815031713
9.866999999999999	0.0703240394551959
9.87175	0.08469262303448039
9.8765	0.10017247278206866
9.88125	0.1163622767002682
9.886	0.13275076042480186
9.89075	0.14873829973295608
9.8955	0.16367019262433496
9.90025	0.17687944198653116
9.905	0.18773537313568406
9.909749999999999	0.19569324984498315
9.9145	0.2003394907816662
9.91925	0.20142727163004798
9.924	0.1988982487986736
9.928749999999999	0.1928877438081691
9.9335	0.1837127472320795
9.93825	0.17184422217208628
9.943	0.15786707498698244
9.94775	0.14243252536899967
9.9525	0.1262082576976422
9.95725	0.10983161073317572
9.962	0.09387023796430552
9.96675	0.07879333258249534
9.971499999999999	0.06495491289144781
9.97625	0.052589074097329644
9.981	0.04181576332111211
9.98575	0.0326546864492457
9.990499999999999	0.025044478432717742
9.99525	0.01886424594273342
