0.5	0.0
0.50475	0.0
0.5095	0.0
0.51425	0.0
0.519	0.0
0.52375	0.0
0.5285	0.0
0.53325	0.0
0.538	0.0
0.54275	0.0
0.5475	0.0
0.55225	0.0
0.5569999999999999	0.0
0.56175	0.0
0.5665	0.0
0.57125	0.0
0.576	0.0
0.58075	0.0
0.5855	0.0
0.5902499999999999	0.0
0.595	0.0
0.59975	0.0
0.6045	0.0
0.60925	0.0
0.614	0.0
0.61875	0.0
0.6234999999999999	0.0
0.62825	0.0
0.633	0.0
0.63775	0.0
0.6425	0.0
0.64725	0.0
0.652	0.0
0.65675	0.0
0.6615	0.0
0.66625	0.0
0.671	0.0
0.67575	0.0
0.6805	0.0
0.68525	0.0
0.69	0.0
0.69475	0.0
0.6995	0.0
0.70425	0.0
0.709	0.0
0.71375	0.0
0.7185	0.0
0.72325	0.0
0.728	0.0
0.73275	0.0
0.7375	0.0
0.74225	0.0
0.747	0.0
0.7517499999999999	0.0
0.7565	0.0
0.76125	0.0
0.766	0.0
0.77075	0.0
0.7755	0.0
0.78025	0.0
0.7849999999999999	0.0
0.78975	0.0
0.7945	0.0
0.79925	0.0
0.804	0.0
0.80875	0.0
0.8135	0.0
0.8182499999999999	0.0
0.823	0.0
0.82775	0.0
0.8325	0.0
0.83725	0.0
0.842	0.0
0.84675	0.0
0.8514999999999999	0.0
0.85625	0.0
0.861	0.0
0.86575	0.0
0.8705	0.0
0.87525	0.0
0.88	0.0
0.8847499999999999	0.0
0.8895	0.0
0.89425	0.0
0.899	0.0
0.90375	0.0
0.9085	0.0
0.91325	0.0
0.9179999999999999	0.0
0.92275	0.0
0.9275	0.0
0.93225	0.0
0.937	0.0
0.94175	0.0
0.9465	0.0
0.9512499999999999	0.0
0.956	0.0
0.96075	0.0
0.9655	0.0
0.9702500000000001	0.0
0.975	0.0
0.97975	0.0
0.9844999999999999	0.0
0.98925	0.0
0.994	0.0
0.99875	0.0
1.0034999999999998	0.0
1.0082499999999999	0.0
1.013	0.0
1.01775	0.0
1.0225	0.0
1.02725	0.0
1.032	0.0
1.03675	0.0
1.0415	0.0
1.0462500000000001	0.0
1.051	0.0
1.05575	0.0
1.0605	0.0
1.06525	0.0
1.0699999999999998	0.0
1.0747499999999999	0.0
1.0795	0.0
1.08425	0.0
1.089	0.0
1.09375	0.0
1.0985	0.0
1.10325	0.0
1.108	0.0
1.1127500000000001	0.0
1.1175	0.0
1.12225	0.0
1.127	0.0
1.13175	0.0
1.1364999999999998	0.0
1.1412499999999999	0.0
1.146	0.0
1.15075	0.0
1.1555	0.0
1.16025	0.0
1.165	0.0
1.16975	0.0
1.1745	0.0
1.1792500000000001	0.0
1.184	0.0
1.18875	0.0
1.1935	0.0
1.19825	0.0
1.2029999999999998	0.0
1.2077499999999999	0.0
1.2125	0.0
1.21725	0.0
1.222	0.0
1.22675	0.0
1.2315	0.0
1.23625	0.0
1.241	0.0
1.2457500000000001	0.0
1.2505	0.0
1.25525	0.0
1.26	0.0
1.2647499999999998	0.0
1.2694999999999999	0.0
1.2742499999999999	0.0
1.279	0.0
1.28375	0.0
1.2885	0.0
1.29325	0.0
1.298	0.0
1.30275	0.0
1.3075	0.0
1.3122500000000001	0.0
1.317	0.0
1.32175	0.0
1.3265	0.0
1.3312499999999998	0.0
1.3359999999999999	0.0
1.3407499999999999	0.0
1.3455	0.0
1.35025	0.0
1.355	0.0
1.35975	0.0
1.3645	0.0
1.36925	0.0
1.374	0.0
1.3787500000000001	0.0
1.3835	0.0
1.38825	0.0
1.393	0.0
1.3977499999999998	0.0
1.4024999999999999	0.0
1.40725	0.0
1.412	0.0
1.41675	0.0
1.4215	0.0
1.42625	0.0
1.431	0.0
1.43575	0.0
1.4405000000000001	0.0
1.44525	0.0
1.45	0.0
1.45475	0.0
1.4595	0.0
1.4642499999999998	0.0
1.4689999999999999	0.0
1.47375	0.0
1.4785	0.0
1.48325	0.0
1.488	0.0
1.49275	0.0
1.4975	0.0
1.50225	0.0
1.507	0.0
1.51175	0.0
1.5165	0.0
1.52125	0.0
1.526	0.0
1.53075	0.0
1.5354999999999999	0.0
1.54025	0.0
1.545	0.0
1.54975	0.0
1.5545	0.0
1.55925	0.0
1.564	0.0
1.5687499999999999	0.0
1.5735	0.0
1.57825	0.0
1.583	0.0
1.58775	0.0
1.5925	0.0
1.59725	0.0
1.6019999999999999	0.0
1.60675	0.0
1.6115	0.0
1.61625	0.0
1.621	0.0
1.62575	0.0
1.6305	0.0
1.6352499999999999	0.0
1.64	0.0
1.64475	0.0
1.6495	0.0
1.65425	0.0
1.659	0.0
1.66375	0.0
1.6684999999999999	0.0
1.67325	0.0
1.678	0.0
1.68275	0.0
1.6875	0.0
1.69225	0.0
1.697	0.0
1.7017499999999999	0.0
1.7065	0.0
1.71125	0.0
1.716	0.0
1.72075	0.0
1.7255	0.0
1.73025	0.0
1.7349999999999999	0.0
1.73975	0.0
1.7445	0.0
1.74925	0.0
1.754	0.0
1.75875	0.0
1.7635	0.0
1.7682499999999999	0.0
1.773	0.0
1.77775	0.0
1.7825	0.0
1.78725	0.0
1.792	0.0
1.79675	0.0
1.8014999999999999	0.0
1.80625	0.0
1.811	0.0
1.81575	0.0
1.8205	0.0
1.82525	0.0
1.83	0.0
1.8347499999999999	0.0
1.8395	0.0
1.84425	0.0
1.849	0.0
1.85375	0.0
1.8585	0.0
1.86325	0.0
1.8679999999999999	0.0
1.87275	0.0
1.8775	0.0
1.88225	0.0
1.887	0.0
1.89175	0.0
1.8965	0.0
1.9012499999999999	0.0
1.906	0.0
1.91075	0.0
1.9155	0.0
1.92025	0.0
1.925	0.0
1.9297499999999999	0.0
1.9344999999999999	0.0
1.93925	0.0
1.944	0.0
1.94875	0.0
1.9535	0.0
1.95825	0.0
1.9629999999999999	0.0
1.9677499999999999	0.0
1.9725	0.0
1.97725	0.0
1.982	0.0
1.98675	0.0
1.9915	0.0
1.9962499999999999	0.0
2.001	0.0
2.00575	0.0
2.0105	0.0
2.01525	0.0
2.02	0.0
2.02475	0.0
2.0294999999999996	0.0
2.03425	0.0
2.0389999999999997	0.0
2.04375	0.0
2.0484999999999998	0.0
2.0532500000000002	0.0
2.058	0.0
2.06275	0.0
2.0675	0.0
2.07225	0.0
2.077	0.0
2.08175	0.0
2.0865	0.0
2.09125	0.0
2.096	0.0
2.1007499999999997	0.0
2.1055	0.0
2.1102499999999997	0.0
2.115	0.0
2.11975	0.0
2.1245000000000003	0.0
2.12925	0.0
2.134	0.0
2.13875	0.0
2.1435	0.0
2.14825	0.0
2.153	0.0
2.15775	0.0
2.1624999999999996	0.0
2.16725	0.0
2.1719999999999997	0.0
2.17675	0.0
2.1814999999999998	0.0
2.1862500000000002	0.0
2.191	0.0
2.19575	0.0
2.2005	0.0
2.20525	0.0
2.21	0.0
2.21475	0.0
2.2195	0.0
2.22425	0.0
2.229	0.0
2.2337499999999997	0.0
2.2385	0.0
2.2432499999999997	0.0
2.248	0.0
2.25275	0.0
2.2575000000000003	0.0
2.26225	0.0
2.267	0.0
2.27175	0.0
2.2765	0.0
2.28125	0.0
2.286	0.0
2.29075	0.0
2.2954999999999997	0.0
2.30025	0.0
2.3049999999999997	0.0
2.30975	0.0
2.3145	0.0
2.3192500000000003	0.0
2.324	0.0
2.32875	0.0
2.3335	0.0
2.33825	0.0
2.343	0.0
2.34775	0.0
2.3525	0.0
2.3572499999999996	0.0
2.362	0.0
2.3667499999999997	0.0
2.3715	0.0
2.3762499999999998	0.0
2.3810000000000002	0.0
2.38575	0.0
2.3905	0.0
2.39525	0.0
2.4	0.0
2.40475	0.0
2.4095	0.0
2.41425	0.0
2.419	0.0
2.42375	0.0
2.4284999999999997	0.0
2.43325	0.0
2.4379999999999997	0.0
2.44275	0.0
2.4475	0.0
2.4522500000000003	0.0
2.457	0.0
2.46175	0.0
2.4665	0.0
2.47125	0.0
2.476	0.0
2.48075	0.0
2.4855	0.0
2.4902499999999996	0.0
2.495	0.0
2.4997499999999997	0.0
2.5045	0.0
2.5092499999999998	0.0
2.514	0.0
2.51875	0.0
2.5235	0.0
2.52825	0.0
2.533	0.0
2.53775	0.0
2.5425	0.0
2.54725	0.0
2.552	0.0
2.55675	0.0
2.5615	0.0
2.56625	0.0
2.5709999999999997	0.0
2.5757499999999998	0.0
2.5805	0.0
2.58525	0.0
2.59	0.0
2.59475	0.0
2.5995	0.0
2.60425	0.0
2.609	0.0
2.61375	0.0
2.6185	0.0
2.62325	0.0
2.628	0.0
2.63275	0.0
2.6374999999999997	0.0
2.6422499999999998	0.0
2.647	0.0
2.65175	0.0
2.6565	0.0
2.66125	0.0
2.666	0.0
2.67075	0.0
2.6755	0.0
2.68025	0.0
2.685	0.0
2.68975	0.0
2.6945	0.0
2.69925	0.0
2.7039999999999997	0.0
2.7087499999999998	0.0
2.7135	0.0
2.71825	0.0
2.723	0.0
2.72775	0.0
2.7325	0.0
2.73725	0.0
2.742	0.0
2.74675	0.0
2.7515	0.0
2.75625	0.0
2.761	0.0
2.76575	0.0
2.7704999999999997	0.0
2.7752499999999998	0.0
2.78	0.0
2.78475	0.0
2.7895	0.0
2.79425	0.0
2.799	0.0
2.80375	0.0
2.8085	0.0
2.81325	0.0
2.818	0.0
2.82275	0.0
2.8275	0.0
2.83225	0.0
2.8369999999999997	0.0
2.8417499999999998	0.0
2.8465	0.0
2.85125	0.0
2.856	0.0
2.86075	0.0
2.8655	0.0
2.87025	0.0
2.875	0.0
2.87975	0.0
2.8845	0.0
2.88925	0.0
2.894	0.0
2.89875	0.0
2.9034999999999997	0.0
2.90825	0.0
2.913	0.0
2.91775	0.0
2.9225	0.0
2.92725	0.0
2.932	0.0
2.93675	0.0
2.9415	0.0
2.94625	0.0
2.951	0.0
2.95575	0.0
2.9605	0.0
2.9652499999999997	0.0
2.9699999999999998	0.0
2.97475	0.0
2.9795	0.0
2.98425	0.0
2.989	0.0
2.99375	0.0
2.9985	0.0
3.00325	0.0
3.008	0.0
3.01275	0.0
3.0175	0.0
3.02225	0.0
3.027	0.0
3.0317499999999997	0.0
3.0364999999999998	0.0
3.04125	0.0
3.046	0.0
3.05075	0.0
3.0555	0.0
3.06025	0.0
3.065	0.0
3.06975	0.0
3.0745	0.0
3.07925	0.0
3.084	0.0
3.08875	0.0
3.0935	0.0
3.0982499999999997	0.0
3.1029999999999998	0.0
3.10775	0.0
3.1125	0.0
3.11725	0.0
3.122	0.0
3.12675	0.0
3.1315	0.0
3.13625	0.0
3.141	0.0
3.14575	0.0
3.1505	0.0
3.15525	0.0
3.16	0.0
3.1647499999999997	0.0
3.1694999999999998	0.0
3.17425	0.0
3.179	0.0
3.18375	0.0
3.1885	0.0
3.19325	0.0
3.198	0.0
3.20275	0.0
3.2075	0.0
3.21225	0.0
3.217	0.0
3.22175	0.0
3.2265	0.0
3.2312499999999997	0.0
3.2359999999999998	0.0
3.24075	0.0
3.2455	0.0
3.25025	0.0
3.255	0.0
3.25975	0.0
3.2645	0.0
3.26925	0.0
3.274	0.0
3.27875	0.0
3.2835	0.0
3.28825	0.0
3.293	0.0
3.2977499999999997	0.0
3.3024999999999998	0.0
3.30725	0.0
3.312	0.0
3.31675	0.0
3.3215	0.0
3.32625	0.0
3.331	0.0
3.33575	0.0
3.3405	0.0
3.34525	0.0
3.35	0.0
3.35475	0.0
3.3594999999999997	0.0
3.3642499999999997	0.0
3.3689999999999998	0.0
3.37375	0.0
3.3785	0.0
3.38325	0.0
3.388	0.0
3.39275	0.0
3.3975	0.0
3.40225	0.0
3.407	0.0
3.41175	0.0
3.4165	0.0
3.42125	0.0
3.4259999999999997	0.0
3.4307499999999997	0.0
3.4354999999999998	0.0
3.44025	0.0
3.445	0.0
3.44975	0.0
3.4545	0.0
3.45925	0.0
3.464	0.0
3.46875	0.0
3.4735	0.0
3.47825	0.0
3.483	0.0
3.48775	0.0
3.4924999999999997	0.0
3.4972499999999997	0.0
3.502	0.0
3.50675	0.0
3.5115	0.0
3.51625	0.0
3.521	0.0
3.52575	0.0
3.5305	0.0
3.53525	0.0
3.54	0.0
3.54475	0.0
3.5495	0.0
3.55425	0.0
3.5589999999999997	0.0
3.5637499999999998	0.0
3.5685	0.0
3.57325	0.0
3.578	0.0
3.58275	0.0
3.5875	0.0
3.59225	0.0
3.597	0.0
3.60175	0.0
3.6065	0.0
3.61125	0.0
3.616	0.0
3.62075	0.0
3.6254999999999997	0.0
3.6302499999999998	0.0
3.635	0.0
3.63975	0.0
3.6445	0.0
3.64925	0.0
3.654	0.0
3.65875	0.0
3.6635	0.0
3.66825	0.0
3.673	0.0
3.67775	0.0
3.6825	0.0
3.68725	0.0
3.6919999999999997	0.0
3.6967499999999998	0.0
3.7015	0.0
3.70625	0.0
3.711	0.0
3.71575	0.0
3.7205	0.0
3.72525	0.0
3.73	0.0
3.73475	0.0
3.7395	0.0
3.74425	0.0
3.749	0.0
3.7537499999999997	0.0
3.7584999999999997	0.0
3.7632499999999998	0.0
3.768	0.0
3.77275	0.0
3.7775	0.0
3.78225	0.0
3.787	0.0
3.79175	0.0
3.7965	0.0
3.80125	0.0
3.806	0.0
3.81075	0.0
3.8155	0.0
3.8202499999999997	0.0
3.8249999999999997	0.0
3.8297499999999998	0.0
3.8345	0.0
3.83925	0.0
3.844	0.0
3.84875	0.0
3.8535	0.0
3.85825	0.0
3.863	0.0
3.86775	0.0
3.8725	0.0
3.87725	0.0
3.882	0.0
3.8867499999999997	0.0
3.8914999999999997	0.0
3.8962499999999998	0.0
3.901	0.0
3.90575	0.0
3.9105	0.0
3.91525	0.0
3.92	0.0
3.92475	0.0
3.9295	0.0
3.93425	0.0
3.939	0.0
3.94375	0.0
3.9485	0.0
3.9532499999999997	0.0
3.9579999999999997	0.0
3.9627499999999998	0.0
3.9675	0.0
3.97225	0.0
3.977	0.0
3.98175	0.0
3.9865	0.0
3.99125	0.0
3.996	0.0
4.00075	0.0
4.0055	0.0
4.01025	0.0
4.015000000000001	0.0
4.01975	0.0
4.0245	0.0
4.029249999999999	0.0
4.034	0.0
4.03875	0.0
4.0435	0.0
4.0482499999999995	0.0
4.053	0.0
4.05775	0.0
4.0625	0.0
4.06725	0.0
4.072	0.0
4.0767500000000005	0.0
4.0815	0.0
4.08625	0.0
4.090999999999999	0.0
4.09575	0.0
4.1005	0.0
4.10525	0.0
4.109999999999999	0.0
4.11475	0.0
4.1195	0.0
4.12425	0.0
4.129	0.0
4.13375	0.0
4.1385000000000005	0.0
4.14325	0.0
4.148	0.0
4.152749999999999	0.0
4.1575	0.0
4.16225	0.0
4.167	0.0
4.171749999999999	0.0
4.1765	0.0
4.18125	0.0
4.186	0.0
4.1907499999999995	0.0
4.1955	0.0
4.2002500000000005	0.0
4.205	0.0
4.20975	0.0
4.214499999999999	0.0
4.21925	0.0
4.224	0.0
4.22875	0.0
4.233499999999999	0.0
4.23825	0.0
4.243	0.0
4.24775	0.0
4.2524999999999995	0.0
4.25725	0.0
4.2620000000000005	0.0
4.26675	0.0
4.2715	0.0
4.27625	0.0
4.281	0.0
4.28575	0.0
4.2905	0.0
4.295249999999999	0.0
4.3	0.0
4.30475	0.0
4.3095	0.0
4.3142499999999995	0.0
4.319	0.0
4.32375	0.0
4.3285	0.0
4.33325	0.0
4.338	0.0
4.3427500000000006	0.0
4.3475	0.0
4.35225	0.0
4.356999999999999	0.0
4.36175	0.0
4.3665	0.0
4.37125	0.0
4.3759999999999994	0.0
4.38075	0.0
4.3855	0.0
4.39025	0.0
4.395	0.0
4.39975	0.0
4.4045000000000005	0.0
4.40925	0.0
4.414	0.0
4.418749999999999	0.0
4.4235	0.0
4.42825	0.0
4.433	0.0
4.437749999999999	0.0
4.4425	0.0
4.44725	0.0
4.452	0.0
4.4567499999999995	0.0
4.4615	0.0
4.4662500000000005	0.0
4.471	0.0
4.47575	0.0
4.480499999999999	0.0
4.48525	0.0
4.49	0.0
4.49475	0.0
4.499499999999999	0.0
4.50425	0.0
4.509	0.0
4.51375	0.0
4.5184999999999995	0.0
4.52325	0.0
4.528	0.0
4.53275	0.0
4.5375	0.0
4.54225	0.0
4.547	0.0
4.55175	0.0
4.5565	0.0
4.56125	0.0
4.566	0.0
4.57075	0.0
4.5755	0.0
4.5802499999999995	0.0
4.585	0.0
4.5897499999999996	0.0
4.5945	0.0
4.59925	0.0
4.604	0.0
4.60875	0.0
4.6135	0.0
4.61825	0.0
4.623	0.0
4.62775	0.0
4.6325	0.0
4.63725	0.0
4.6419999999999995	0.0
4.64675	0.0
4.6514999999999995	0.0
4.65625	0.0
4.661	0.0
4.66575	0.0
4.6705	0.0
4.67525	0.0
4.68	0.0
4.68475	0.0
4.6895	0.0
4.69425	0.0
4.699	0.0
4.70375	0.0
4.7085	0.0
4.7132499999999995	0.0
4.718	0.0
4.72275	0.0
4.7275	0.0
4.73225	0.0
4.737	0.0
4.74175	0.0
4.7465	0.0
4.75125	0.0
4.756	0.0
4.76075	0.0
4.7655	0.0
4.77025	0.0
4.7749999999999995	0.0
4.77975	0.0
4.7844999999999995	0.0
4.78925	0.0
4.794	0.0
4.79875	0.0
4.8035	0.0
4.80825	0.0
4.813	0.0
4.81775	0.0
4.8225	0.0
4.82725	0.0
4.832	0.0
4.83675	0.0
4.8415	0.0
4.8462499999999995	0.0
4.851	0.0
4.85575	0.0
4.8605	0.0
4.86525	0.0
4.87	0.0
4.87475	0.0
4.8795	0.0
4.88425	0.0
4.889	0.0
4.89375	0.0
4.8985	0.0
4.90325	0.0
4.9079999999999995	0.0
4.91275	0.0
4.9174999999999995	0.0
4.92225	0.0
4.927	0.0
4.93175	0.0
4.9365	0.0
4.94125	0.0
4.946	0.0
4.95075	0.0
4.9555	0.0
4.96025	0.0
4.965	0.0
4.9697499999999994	0.0
4.9745	0.0
4.9792499999999995	0.0
4.984	0.0
4.98875	0.0
4.9935	0.0
4.99825	0.0
5.003	0.0
5.00775	0.0
5.0125	0.0
5.01725	0.0
5.022	0.0
5.02675	0.0
5.0315	0.0
5.03625	0.0
5.0409999999999995	0.0
5.04575	0.0
5.0504999999999995	0.0
5.05525	0.0
5.06	0.0
5.06475	0.0
5.0695	0.0
5.07425	0.0
5.079	0.0
5.08375	0.0
5.0885	0.0
5.09325	0.0
5.098	0.0
5.1027499999999995	0.0
5.1075	0.0
5.1122499999999995	0.0
5.117	0.0
5.12175	0.0
5.1265	0.0
5.13125	0.0
5.136	0.0
5.14075	0.0
5.1455	0.0
5.15025	0.0
5.155	0.0
5.15975	0.0
5.1645	0.0
5.16925	0.0
5.1739999999999995	0.0
5.17875	0.0
5.1834999999999996	0.0
5.18825	0.0
5.193	0.0
5.19775	0.0
5.2025	0.0
5.20725	0.0
5.212	0.0
5.21675	0.0
5.2215	0.0
5.22625	0.0
5.231	0.0
5.2357499999999995	0.0
5.2405	0.0
5.2452499999999995	0.0
5.25	0.0
5.25475	0.0
5.2595	0.0
5.26425	0.0
5.269	0.0
5.27375	0.0
5.2785	0.0
5.28325	0.0
5.288	0.0
5.29275	0.0
5.2975	0.0
5.30225	0.0
5.3069999999999995	0.0
5.31175	0.0
5.3165	0.0
5.32125	0.0
5.326	0.0
5.33075	0.0
5.3355	0.0
5.34025	0.0
5.345	0.0
5.34975	0.0
5.3545	0.0
5.35925	0.0
5.364	0.0
5.3687499999999995	2e-323
5.3735	3.1e-321
5.3782499999999995	5.294e-319
5.383	8.88931e-317
5.38775	1.4659290045e-314
5.3925	2.374208190525e-312
5.39725	3.77646656934417e-310
5.402	5.899476489957098e-308
5.40675	9.051119307680128e-306
5.4115	1.3638044056055672e-303
5.41625	2.0181938252300516e-301
5.421	2.9331524892189203e-299
5.42575	4.1866571259023393e-297
5.430499999999999	5.868959773775586e-295
5.43525	8.080083620476252e-293
5.4399999999999995	1.0925254496229611e-290
5.44475	1.4508023621241272e-288
5.4495	1.8921080362086078e-286
5.45425	2.4235087447277623e-284
5.459	3.0486266136865916e-282
5.46375	3.7663863450999513e-280
5.4685	4.569897732456424e-278
5.47325	5.445641917657344e-276
5.478	6.373128342863899e-274
5.48275	7.325161985159723e-272
5.4875	8.268805680329919e-270
5.49225	9.167044164125791e-268
5.497	9.9810641281769e-266
5.5017499999999995	1.0672971575583227e-263
5.5065	1.1208689646073142e-261
5.5112499999999995	1.1560731649773952e-259
5.516	1.1710536203189001e-257
5.52075	1.165008854915022e-255
5.5255	1.1382630974102526e-253
5.53025	1.0922374686316572e-251
5.535	1.0293248787494125e-249
5.53975	9.526839605649399e-248
5.5445	8.659767293806787e-246
5.54925	7.73080243296611e-244
5.554	6.77803663971297e-242
5.55875	5.836389053585523e-240
5.5634999999999994	4.93566347633603e-238
5.56825	4.099282346242942e-236
5.5729999999999995	3.3437292796380664e-234
5.57775	2.6786462837702992e-232
5.5825	2.107466179172845e-230
5.58725	1.628421559000508e-228
5.592	1.2357597843885152e-226
5.59675	9.210055699358391e-225
5.6015	6.741420854397512e-223
5.60625	4.846203069017405e-221
5.611	3.421470194000627e-219
5.61575	2.372383519038888e-217
5.6205	1.6155411339488617e-215
5.62525	1.0804685417655243e-213
5.63	7.096876012857495e-212
5.6347499999999995	4.5780791154444045e-210
5.6395	2.900416412073384e-208
5.6442499999999995	1.8046724931182395e-206
5.649	1.1028017037289562e-204
5.65375	6.618467529137979e-203
5.6585	3.901022374529343e-201
5.66325	2.25818971244003e-199
5.668	1.2838177990148926e-197
5.67275	7.168154296108169e-196
5.6775	3.930721572013957e-194
5.68225	2.1168895738023724e-192
5.687	1.119657285242715e-190
5.69175	5.816115215730617e-189
5.6964999999999995	2.9671662245125427e-187
5.70125	1.4866602752440903e-185
5.7059999999999995	7.315475861529902e-184
5.71075	3.535366244478816e-182
5.7155	1.6779817185846884e-180
5.72025	7.821697637782e-179
5.725	3.5807648907982267e-177
5.72975	1.6099469823730178e-175
5.7345	7.108996931111922e-174
5.73925	3.082947035640297e-172
5.744	1.3130606461919434e-170
5.74875	5.492429504271458e-169
5.7535	2.256343323136242e-167
5.75825	9.103467740375525e-166
5.763	3.607194146210596e-164
5.7677499999999995	1.4037609664993037e-162
5.7725	5.365099630325241e-161
5.7772499999999996	2.0138327765665434e-159
5.782	7.423863933197724e-158
5.78675	2.687803940944028e-156
5.7915	9.557100521877612e-155
5.79625	3.3374572090367005e-153
5.801	1.1446329482443944e-151
5.80575	3.8554738717846594e-150
5.8105	1.2754113288072969e-148
5.81525	4.143656640149675e-147
5.82	1.3221424095443218e-145
5.82475	4.143178991161908e-144
5.8294999999999995	1.2751173064628546e-142
5.83425	3.854140737011181e-141
5.8389999999999995	1.144105261430848e-139
5.84375	3.335534069984624e-138
5.8485	9.550492410545098e-137
5.85325	2.6856358847047025e-135
5.858	7.417020565444616e-134
5.86275	2.011744486732402e-132
5.8675	5.358918361616398e-131
5.87225	1.4019820291567433e-129
5.877	3.602207592040414e-128
5.88175	9.089835257492627e-127
5.8865	2.252704734632564e-125
5.891249999999999	5.482940285698035e-124
5.896	1.3106409856496894e-122
5.9007499999999995	3.076911169007082e-121
5.9055	7.094260902446508e-120
5.91025	1.6064245734089836e-118
5.915	3.5725186619831385e-117
5.91975	7.802785314859257e-116
5.9245	1.6737315178700808e-114
5.92925	3.5260049316232565e-113
5.934	7.295264139599498e-112
5.93875	1.4823819261689153e-110
5.9435	2.9582861895634163e-109
5.94825	5.798040511639527e-108
5.953	1.1160490690352e-106
5.95775	2.109824436693631e-105
5.9624999999999995	3.9171511638237444e-104
5.96725	7.142583550288904e-103
5.9719999999999995	1.2790906128067432e-101
5.97675	2.2496154122050013e-100
5.9815	3.885762299671177e-99
5.98625	6.591817371844835e-98
5.991	1.0982345124202008e-96
5.99575	1.7969913760848053e-95
6.0005	2.887738632528783e-94
6.00525	4.557542818682526e-93
6.01	7.064226520988468e-92
6.01475	1.0753738233230937e-90
6.0195	1.607738045989374e-89
6.024249999999999	2.3606527216529516e-88
6.029	3.4041594949698344e-87
6.0337499999999995	4.8211282227432215e-86
6.0385	6.705766841415207e-85
6.04325	9.160289525671873e-84
6.048	1.2289407258019332e-82
6.05275	1.6192490733515439e-81
6.0575	2.0953537924973087e-80
6.06225	2.662944114843606e-79
6.067	3.323745227941354e-78
6.07175	4.07431296459989e-77
6.0765	4.905034084096733e-76
6.08125	5.799501402937541e-75
6.086	6.7344211246230484e-74
6.09075	7.680170618461503e-73
6.0954999999999995	8.602059659399831e-72
6.10025	9.462263044051456e-71
6.1049999999999995	1.0222298727287953e-69
6.10975	1.0845837771770665e-68
6.1145	1.130156597401512e-67
6.11925	1.1565785396689891e-66
6.124	1.1624455502710158e-65
6.12875	1.1474429281653433e-64
6.1335	1.1123732910850908e-63
6.13825	1.0590854364758865e-62
6.143	9.903128723839645e-62
6.14775	9.09441643768271e-61
6.1525	8.202348813591047e-60
6.1572499999999994	7.2654516349109585e-59
6.162	6.3204497458676224e-58
6.1667499999999995	5.400007135474161e-57
6.1715	4.531079366935364e-56
6.17625	3.73396282390551e-55
6.181	3.0220336414569284e-54
6.18575	2.4020917084762e-53
6.1905	1.875170915091495e-52
6.19525	1.4376498288012997e-51
6.2	1.082496149663588e-50
6.20475	8.004986211772174e-50
6.2095	5.81374261331696e-49
6.21425	4.146789573051899e-48
6.218999999999999	2.9048865756442903e-47
6.22375	1.9985146947245235e-46
6.2284999999999995	1.3503504603576032e-45
6.23325	8.96079686649596e-45
6.2379999999999995	5.839931492475967e-44
6.24275	3.73791875172874e-43
6.2475	2.3497028657203605e-42
6.25225	1.4506312217474816e-41
6.257	8.79553131196543e-41
6.26175	5.237549278856969e-40
6.2665	3.0630575028823964e-39
6.27125	1.7593132043068797e-38
6.276	9.924123477530109e-38
6.28075	5.497967151361502e-37
6.2855	2.9913904778971703e-36
6.2902499999999995	1.598472089741074e-35
6.295	8.388764316205586e-35
6.2997499999999995	4.3236637628933525e-34
6.3045	2.1886021297154224e-33
6.30925	1.0880346007656811e-32
6.314	5.312263151993794e-32
6.31875	2.5472844167287463e-31
6.3235	1.1995995156277616e-30
6.32825	5.5482511173825645e-30
6.333	2.5202111082269056e-29
6.33775	1.124290958812333e-28
6.3425	4.92585359371258e-28
6.34725	2.1195578065936913e-27
6.351999999999999	8.957153485234453e-27
6.35675	3.7175408659068994e-26
6.3614999999999995	1.5153134255934022e-25
6.36625	6.066108520969692e-25
6.3709999999999996	2.38494772568919e-24
6.37575	9.208916561413717e-24
6.3805	3.492200709091826e-23
6.38525	1.300621230789504e-22
6.39	4.757332063089739e-22
6.39475	1.7089803859787836e-21
6.3995	6.029366379358471e-21
6.40425	2.0891386130902294e-20
6.409	7.109250576950185e-20
6.41375	2.3759722952403874e-19
6.4185	7.798658573739322e-19
6.4232499999999995	2.513966156804417e-18
6.428	7.959026140281774e-18
6.4327499999999995	2.4746935129267468e-17
6.4375	7.556903793603964e-17
6.44225	2.2663519362024056e-16
6.447	6.675315454013413e-16
6.45175	1.9309775344081367e-15
6.4565	5.485846266266786e-15
6.46125	1.5306328482774722e-14
6.466	4.194299226277772e-14
6.47075	1.1287786226033393e-13
6.4755	2.9834524888442393e-13
6.48025	7.744447873572367e-13
6.484999999999999	1.974343800476506e-12
6.48975	4.943289944601465e-12
6.4944999999999995	1.2155431296873954e-11
6.49925	2.935524073269776e-11
6.504	6.962447029321566e-11
6.50875	1.6218069100265405e-10
6.5135	3.7102004478634325e-10
6.51825	8.335978486667353e-10
6.523	1.8394025379194873e-09
6.52775	3.986189696057337e-09
6.5325	8.483989603178926e-09
6.53725	1.773386008428885e-08
6.542	3.640553455284125e-08
6.54675	7.339940367286628e-08
6.5515	1.4533781788904038e-07
6.5562499999999995	2.8263485831319205e-07
6.561	5.398011393331196e-07
6.5657499999999995	1.012518237576288e-06
6.5705	1.8652321680862122e-06
6.57525	3.37461259900918e-06
6.58	5.996197583549792e-06
6.58475	1.0463787975793264e-05
6.5895	1.7933411410893403e-05
6.59425	3.018546545656061e-05
6.599	4.9899228028020244e-05
6.60375	8.101226251249396e-05
6.6085	0.0001291720881808468
6.61325	0.00020227750308032225
6.617999999999999	0.0003110910181605259
6.62275	0.00046988149859149265
6.6274999999999995	0.0006970279652443201
6.63225	0.0010154839057087077
6.637	0.0014529707494968173
6.64175	0.0020417458552906176
6.6465	0.0028177825709415367
6.65125	0.003819216333504001
6.656	0.005083958819502824
6.66075	0.006646465790218885
6.6655	0.008533761635988917
6.67025	0.010760965199596354
6.675	0.013326709483598428
6.679749999999999	0.01620897746537643
6.6845	0.01936195877790887
6.6892499999999995	0.02271454011821758
6.694	0.026170956183777218
6.6987499999999995	0.02961394168383631
6.7035	0.03291045055151759
6.70825	0.03591967707495158
6.713	0.03850277256111856
6.71775	0.04053335653508051
6.7225	0.041907728176566794
6.72725	0.04255363385095034
6.732	0.0424365599330624
6.73675	0.041562788231087215
6.7415	0.039978837566538215
6.74625	0.03776736059435644
6.7509999999999994	0.035039999551738525
6.75575	0.0319280602012235
6.7604999999999995	0.028572086744227076
6.76525	0.025111483545281244
6.77	0.021675232587192426
6.77475	0.018374526081353627
6.7795	0.015297818756116787
6.78425	0.012508460473981999
6.789	0.010044751439635277
6.79375	0.007922012311396531
6.7985	0.006136105473901525
6.80325	0.004667787792180206
6.808	0.0034873085628753663
6.812749999999999	0.002558766363980204
6.8175	0.0018438766924148689
6.8222499999999995	0.0013049506882451447
6.827	0.0009070209357447354
6.8317499999999995	0.0006191580258435906
6.8365	0.0004150942206853278
6.84125	0.00027330831919372846
6.846	0.000176733956685389
6.85075	0.00011224012306711062
6.8555	7.000632059990839e-05
6.86025	4.2883216785077556e-05
6.865	2.5798736871432927e-05
6.86975	1.524300230135504e-05
6.8745	8.845116795862516e-06
6.87925	5.040778488995507e-06
6.8839999999999995	2.821321895134395e-06
6.88875	1.5508459128004448e-06
6.8934999999999995	8.372316640619093e-07
6.89825	4.438984460862268e-07
6.903	2.3114398111854843e-07
6.90775	1.1820682107764308e-07
6.9125	5.936951096877804e-08
6.91725	2.9285010885174593e-08
6.922	1.4186925644848867e-08
6.92675	6.749819820302346e-09
6.9315	3.1539663239719465e-09
6.93625	1.4473811373017616e-09
6.941	6.523336017645484e-10
6.945749999999999	2.8874706296136377e-10
6.9505	1.2552388889540651e-10
6.9552499999999995	5.359153305579163e-11
6.96	2.2471235974423595e-11
6.9647499999999996	9.253770501212748e-12
6.9695	3.742583282442886e-12
6.97425	1.4865694609602872e-12
6.979	5.799091012084743e-13
6.98375	2.2217522430343164e-13
6.9885	8.359731222907589e-14
6.99325	3.0892281689893074e-14
6.998	1.1211627049129042e-14
7.00275	3.996209829145925e-15
7.007499999999999	1.3989072123326897e-15
7.01225	4.809395796517914e-16
7.0169999999999995	1.6238769386876462e-16
7.02175	5.384888233243147e-17
7.0264999999999995	1.7537240495281877e-17
7.03125	5.6092759564625e-18
7.036	1.7620301668826635e-18
7.04075	5.436017639257351e-19
7.0455	1.6470597706893874e-19
7.05025	4.9011596195765705e-20
7.055	1.432350547289704e-20
7.05975	4.111125877673944e-21
7.0645	1.1588659842463388e-21
7.06925	3.2082384600089972e-22
7.074	8.722903155220911e-23
7.078749999999999	2.3292518303443188e-23
7.0835	6.108475335693158e-24
7.0882499999999995	1.5732950943029442e-24
7.093	3.9796835236032555e-25
7.09775	9.886620697830518e-26
7.1025	2.412171843808221e-26
7.10725	5.780037343133849e-27
7.112	1.3603024034962879e-27
7.11675	3.1473197956652417e-28
7.1215	7.299968698196428e-29
7.12625	2.340555400328206e-29
7.131	3.7164792277429566e-29
7.13575	1.4936005711350194e-28
7.140499999999999	6.441319592432135e-28
7.14525	2.7406352497693586e-27
7.1499999999999995	1.1454736941196379e-26
7.15475	4.702022349276568e-26
7.1594999999999995	1.8955946394465436e-25
7.16425	7.505286072122288e-25
7.169	2.9184349274470236e-24
7.17375	1.1145351318201575e-23
7.1785	4.180213809561143e-23
7.18325	1.5397996381247017e-22
7.188	5.57045814525827e-22
7.19275	1.9791495057047885e-21
7.1975	6.906011124783292e-21
7.20225	2.3666657708363674e-20
7.207	7.965399641930237e-20
7.211749999999999	2.6329292873922597e-19
7.2165	8.547356243659446e-19
7.2212499999999995	2.725118547587986e-18
7.226	8.53296528199546e-18
7.23075	2.624070761824438e-17
7.2355	7.92523393450372e-17
7.24025	2.350767204515452e-16
7.245	6.848069206536101e-16
7.24975	1.959240017525288e-15
7.2545	5.505136975541507e-15
7.25925	1.5191812811085624e-14
7.264	4.1172956775303404e-14
7.26875	1.095911531573737e-13
7.273499999999999	2.864837031213212e-13
7.27825	7.355044952775216e-13
7.2829999999999995	1.854520872439289e-12
7.28775	4.592393615049626e-12
7.2924999999999995	1.1168824529106534e-11
7.29725	2.6676989381482908e-11
7.302	6.257878812913244e-11
7.30675	1.4417118422921063e-10
7.3115	3.2620511574332477e-10
7.31625	7.248765560982455e-10
7.321	1.5819702975630727e-09
7.32575	3.390732904098653e-09
7.3305	7.137560804211147e-09
7.33525	1.4755945612292037e-08
7.34	2.9960237741801145e-08
7.3447499999999994	5.974264541367266e-08
7.3495	1.1699966761832013e-07
7.3542499999999995	2.250327830250928e-07
7.359	4.2507732515858985e-07
7.36375	7.885896477065609e-07
7.3685	1.436796259119055e-06
7.37325	2.5709894246216394e-06
7.378	4.518209626043322e-06
7.38275	7.798183445292242e-06
7.3875	1.3218479529914267e-05
7.39225	2.200546463345599e-05
7.397	3.597829409992912e-05
7.40175	5.77712250347352e-05
7.406499999999999	9.110528492671845e-05
7.41125	0.000141103098039726
7.4159999999999995	0.00021463004283572146
7.42075	0.0003206309633836845
7.4254999999999995	0.0004704152498928584
7.43025	0.0006778261337391705
7.435	0.0009592155502935156
7.43975	0.0013331379665853383
7.4445	0.0018196797740040723
7.44925	0.0024393595818184522
7.454	0.00321157201156583
7.45875	0.004152603738770799
7.4635	0.0052733221440417035
7.468249999999999	0.006576716216852168
7.473	0.008055544332529144
7.4777499999999995	0.009690399367364603
7.4825	0.01144852303805654
7.4872499999999995	0.013283675794082213
7.492	0.015137289632554207
7.49675	0.01694100134868999
7.5015	0.018620495761405693
7.50625	0.020100404686589503
7.511	0.021309836713714565
7.51575	0.022187985574113462
7.5205	0.022689207039353246
7.52525	0.02278698168047354
7.53	0.022476295081692556
7.53475	0.02177415436336358
7.539499999999999	0.0207181926854136
7.54425	0.01936355562754291
7.5489999999999995	0.0177784768985978
7.55375	0.01603910286593874
7.5584999999999996	0.014224194232347739
7.56325	0.012410311736443264
7.568	0.010667988829442579
7.57275	0.009059227954997917
7.5775	0.00763645591614996
7.58225	0.0064428674402045695
7.587	0.005513901077173852
7.59175	0.004879448287414404
7.5965	0.004566307617698451
7.601249999999999	0.004600366706686851
7.606	0.0050080254896434214
7.6107499999999995	0.0058164607644019565
7.6155	0.0070524692063856035
7.6202499999999995	0.008739804585806664
7.625	0.010895133511832477
7.62975	0.013522955646883765
7.6345	0.01661004600177913
7.63925	0.020120149925642615
7.644	0.023989764023514496
7.64875	0.02812583885359851
7.6535	0.032406121166791285
7.65825	0.03668260986307551
7.663	0.040788247140820695
7.66775	0.04454654366202681
7.672499999999999	0.04778340250184467
7.67725	0.05034003065343858
7.6819999999999995	0.05208557689580806
7.68675	0.05292806356089709
7.6915	0.05282231238628959
7.69625	0.05177389170431813
7.701	0.04983858909445674
7.70575	0.0471174677423886
7.7105	0.04374810888373962
7.71525	0.039893091618192954
7.72	0.035727047996700595
7.72475	0.03142371887531528
7.7295	0.02714432368885799
7.734249999999999	0.023028277891198427
7.739	0.01918690326444464
7.7437499999999995	0.01570034865580654
7.7485	0.012617540092086165
7.7532499999999995	0.009958663892414395
7.758	0.0077194870263153385
7.76275	0.005876744276181308
7.7675	0.0043938591299577685
7.77225	0.0032263869302486255
7.777	0.0023267394587827193
7.78175	0.001647934875795316
7.7865	0.0011462868742920184
7.79125	0.0007830826081598315
7.795999999999999	0.0005253912339259598
7.80075	0.0003461936125981044
7.805499999999999	0.00022403520227833254
7.81025	0.00014238835123904305
7.8149999999999995	8.887787110093884e-05
7.81975	5.448460542681729e-05
7.8245	3.2803105557345414e-05
7.82925	1.9396219821762503e-05
7.834	1.1263677776697619e-05
7.83875	6.423982114901107e-06
7.8435	3.5982340827218015e-06
7.84825	1.97940875699147e-06
7.853	1.0694058271784173e-06
7.85775	5.674277744227237e-07
7.8625	2.9569202941279777e-07
7.867249999999999	1.5133160241424552e-07
7.872	7.606425712251353e-08
7.8767499999999995	3.7548501533553006e-08
7.8815	1.820394759734973e-08
7.8862499999999995	8.66761331044331e-09
7.891	4.053166678473304e-09
7.89575	1.861445751441933e-09
7.9005	8.39590061337537e-10
7.90525	3.7191627082010426e-10
7.91	1.6180206229557837e-10
7.91475	6.91327625274247e-11
7.9195	2.900980135079475e-11
7.92425	1.1955468042489978e-11
7.928999999999999	4.838930622242129e-12
7.93375	1.923504438074301e-12
7.9384999999999994	7.509274401707233e-13
7.94325	2.879146348651926e-13
7.9479999999999995	1.0841527902420839e-13
7.95275	4.009389304131531e-14
7.9575	1.4562198532500743e-14
7.96225	5.194415101537683e-15
7.967	1.8197316214631703e-15
7.97175	6.260932417324756e-16
7.9765	2.1155908231080058e-16
7.98125	7.020779245212154e-17
7.986	2.2882314244877302e-17
7.99075	7.32445909479664e-18
7.9955	2.3025663574302454e-18
8.00025	7.1090200083775275e-19
8.004999999999999	2.155600634565485e-19
8.00975	6.419302676601824e-20
8.0145	1.8774500400044527e-20
8.01925	5.392745300503064e-21
8.024000000000001	1.5212914122215264e-21
8.028749999999999	4.214789630324048e-22
8.0335	1.1468335161921606e-22
8.03825	3.0646849465912816e-23
8.043	8.043263159243968e-24
8.04775	2.0731928663249672e-24
8.0525	5.248172702867505e-25
8.05725	1.304780672266743e-25
8.062	3.185868869893732e-26
8.066749999999999	7.63975202667031e-27
8.0715	1.799250421030624e-27
8.07625	4.161644207625989e-28
8.081	9.453644527079216e-29
8.08575	2.1090873774700203e-29
8.090499999999999	4.6211584683766485e-30
8.09525	9.944160727931171e-31
8.1	2.101582258360075e-31
8.10475	4.3619997496225534e-32
8.1095	8.891721749410795e-33
8.11425	1.7801109670024554e-33
8.119	3.5000098975670564e-34
8.123750000000001	6.758533234461369e-35
8.128499999999999	1.2817302069595994e-35
8.13325	2.387271262154478e-36
8.138	4.366846288001243e-37
8.14275	7.84503751612679e-38
8.1475	1.3841499107471616e-38
8.152249999999999	2.3984585527870306e-39
8.157	4.081711371756829e-40
8.16175	6.8220256734829e-41
8.1665	1.1198127091230318e-41
8.17125	1.8052544300358536e-42
8.176	2.8581987916916014e-43
8.18075	4.444341554659592e-44
8.185500000000001	6.787086884879888e-45
8.190249999999999	1.01793576742186e-45
8.195	1.4994028251859579e-46
8.19975	2.1690884394062693e-47
8.2045	3.08174840006359e-48
8.20925	4.300095325943869e-49
8.213999999999999	5.892776532349304e-50
8.21875	7.930906780884076e-51
8.2235	1.0483026970593867e-51
8.22825	1.3608540359386634e-52
8.233	1.7349915850195612e-53
8.23775	2.1724219610544815e-54
8.2425	2.6714803293557823e-55
8.247250000000001	3.226418963735059e-56
8.251999999999999	3.82693007670888e-57
8.25675	4.458012452374569e-58
8.2615	5.100268172641959e-59
8.26625	5.730674366057232e-60
8.271	6.323819059410515e-61
8.275749999999999	6.853526930965069e-62
8.2805	7.294739654996973e-63
8.28525	7.625467149989347e-64
8.29	7.828599879881071e-65
8.29475	7.89337477998678e-66
8.2995	7.816320075119e-67
8.30425	7.601563563450705e-68
8.309000000000001	7.260466269030099e-69
8.313749999999999	6.810626712224225e-70
8.3185	6.274377250515396e-71
8.32325	5.676951211804053e-72
8.328	5.0445296731952913e-73
8.33275	4.402376532477855e-74
8.337499999999999	3.773242114167934e-75
8.34225	3.1761656604553246e-76
8.347	2.6257453408499065e-77
8.35175	2.1318814253004334e-78
8.3565	1.6999434420041917e-79
8.36125	1.3312722635027717e-80
8.366	1.0239064521152577e-81
8.370750000000001	7.734186854848094e-83
8.375499999999999	5.737596796365408e-84
8.38025	4.1802896527988615e-85
8.385	2.9911879974672134e-86
8.38975	2.1020450938439464e-87
8.3945	1.4507792386479087e-88
8.399249999999999	9.833805633356253e-90
8.404	6.54640534708372e-91
8.40875	4.2800136122571816e-92
8.413499999999999	2.748200360292684e-93
8.41825	1.7330560899321541e-94
8.423	1.0733412740074227e-95
8.42775	6.528659605018197e-97
8.432500000000001	3.9000592603665944e-98
8.437249999999999	2.2881230232644133e-99
8.442	1.318404026138024e-100
8.44675	7.46068415624432e-102
8.4515	4.1463864208270314e-103
8.45625	2.263194488990702e-104
8.460999999999999	1.2132071604652489e-105
8.46575	6.387178265916165e-107
8.4705	3.3025096450082728e-108
8.475249999999999	1.6770273153335867e-109
8.48	8.363675276868487e-111
8.48475	4.0965208893498193e-112
8.4895	1.9705804477866706e-113
8.494250000000001	9.309667057970095e-115
8.498999999999999	4.319516271861094e-116
8.50375	1.968326156590764e-117
8.5085	8.808865881653138e-119
8.51325	3.8717197719792506e-120
8.518	1.671278474022642e-121
8.52275	7.085242308982082e-123
8.5275	2.9499970366679315e-124
8.53225	1.2062836369373875e-125
8.536999999999999	4.844380846006039e-127
8.54175	1.9106806461293254e-128
8.5465	7.401145043116296e-130
8.55125	2.8155984064794024e-131
8.556	1.0519703292520071e-132
8.56075	3.8600884424723103e-134
8.5655	1.3910796729540393e-135
8.57025	4.923429668545471e-137
8.575	1.7113721364906675e-138
8.57975	5.842277208135803e-140
8.5845	1.9587582895304176e-141
8.58925	6.449714928626651e-143
8.594	2.0857448334223035e-144
8.598749999999999	6.624343096438641e-146
8.6035	2.066262262282758e-147
8.60825	6.329786394759106e-149
8.613	1.9043801664230713e-150
8.61775	5.6270299875702064e-152
8.6225	1.6329233302786856e-153
8.62725	4.653860306548348e-155
8.632	1.3026324019414863e-156
8.63675	3.58089341889936e-158
8.6415	9.667671784471145e-160
8.64625	2.563382323617713e-161
8.651	6.675224205757341e-163
8.65575	1.7071799986110159e-164
8.660499999999999	4.287989913838402e-166
8.66525	1.0577649714544419e-167
8.67	2.5626281438337443e-169
8.67475	6.0973761332551e-171
8.679499999999999	1.4248244733635007e-172
8.68425	3.2699471265698204e-174
8.689	7.370230650124504e-176
8.69375	1.6314824736487671e-177
8.6985	3.546865587965296e-179
8.70325	7.57300133557637e-181
8.708	1.5880066643122955e-182
8.71275	3.270375288583145e-184
8.7175	6.614603997577189e-186
8.722249999999999	1.313926555227844e-187
8.727	2.5632992812014e-189
8.73175	4.911210241344815e-191
8.7365	9.24142026727699e-193
8.741249999999999	1.7078506932507044e-194
8.746	3.099717137631929e-196
8.75075	5.525291727631655e-198
8.7555	9.672736261311608e-200
8.76025	1.6630467744672297e-201
8.765	2.8081517096603875e-203
8.76975	4.65690795227355e-205
8.7745	7.584653157541275e-207
8.77925	1.2132066489608354e-208
8.783999999999999	1.905876796499166e-210
8.78875	2.940463874384826e-212
8.7935	4.455514468036388e-214
8.79825	6.63041715340819e-216
8.802999999999999	9.690469795866539e-218
8.80775	1.3909444825763113e-219
8.8125	1.9608110452616725e-221
8.81725	2.714705218200373e-223
8.822	3.691225653171747e-225
8.82675	4.929234735895328e-227
8.8315	6.4649422986884694e-229
8.83625	1.0100471988678003e-230
8.841	1.3603723445660624e-229
8.84575	1.0231527361369935e-227
8.8505	7.56345848492671e-226
8.85525	5.491126200158912e-224
8.86	3.915285240430917e-222
8.864749999999999	2.7417406684414322e-220
8.8695	1.8856032819295376e-218
8.87425	1.2736064839962346e-216
8.879	8.448530612008834e-215
8.88375	5.50412245192497e-213
8.8885	3.521729352196778e-211
8.89325	2.213017516286058e-209
8.898	1.3657610106282457e-207
8.90275	8.278002515725251e-206
8.9075	4.927621963046559e-204
8.91225	2.8807806753804304e-202
8.917	1.654032323885649e-200
8.92175	9.32693122788487e-199
8.926499999999999	5.165287996617636e-197
8.93125	2.809385213838494e-195
8.936	1.5006832258537937e-193
8.94075	7.872773348352747e-192
8.9455	4.056275586322687e-190
8.95025	2.052523523827394e-188
8.955	1.0200226545077096e-186
8.95975	4.978430816808805e-185
8.9645	2.386360873264159e-183
8.96925	1.1234163694785424e-181
8.974	5.194052803232945e-180
8.97875	2.3584841265379677e-178
8.9835	1.0517694196088305e-176
8.988249999999999	4.6064791088737664e-175
8.993	1.981429647656264e-173
8.99775	8.37045744080893e-172
9.0025	3.472807516684687e-170
9.007249999999999	1.4150546658485977e-168
9.012	5.6627411124318506e-167
9.01675	2.2255696036060793e-165
9.0215	8.590464349171641e-164
9.02625	3.2565150010660857e-162
9.031	1.2124127948942738e-160
9.03575	4.433114243202608e-159
9.0405	1.591945957454652e-157
9.04525	5.614469179279538e-156
9.049999999999999	1.9446886002255717e-154
9.05475	6.615343796971871e-153
9.0595	2.2101194913659178e-151
9.06425	7.251704100304932e-150
9.068999999999999	2.336820637505689e-148
9.07375	7.395570283129591e-147
9.0785	2.2986822514538474e-145
9.08325	7.016930920295327e-144
9.088	2.1036643351288927e-142
9.09275	6.193935403533958e-141
9.0975	1.791091958663092e-139
9.10225	5.0866292108722106e-138
9.107	1.4187414668128745e-136
9.111749999999999	3.8863098963689936e-135
9.1165	1.0455205639119443e-133
9.12125	2.7624136699879044e-132
9.126	7.168129362102205e-131
9.130749999999999	1.8267702861723555e-129
9.1355	4.5721769296002987e-128
9.14025	1.1238881745730834e-126
9.145	2.713214690997891e-125
9.14975	6.432891149998153e-124
9.1545	1.4979221069799383e-122
9.15925	3.425573122453224e-121
9.164	7.693752991277543e-120
9.16875	1.697087444425955e-118
9.1735	3.6764713532210446e-117
9.17825	7.822023868357667e-116
9.183	1.6344365738000845e-114
9.18775	3.354115330561571e-113
9.192499999999999	6.760034244462413e-112
9.19725	1.3380760113936652e-110
9.202	2.601199479230741e-109
9.20675	4.966237860853024e-108
9.2115	9.311986961641648e-107
9.21625	1.714818604123531e-105
9.221	3.101380118201917e-104
9.22575	5.508746593780321e-103
9.2305	9.609738639119792e-102
9.23525	1.6463847770702342e-100
9.24	2.7702061695474356e-99
9.24475	4.57776850712566e-98
9.2495	7.429447987487234e-97
9.254249999999999	1.1841868954507557e-95
9.259	1.8537234311866677e-94
9.26375	2.8499065062120797e-93
9.2685	4.303058702158126e-92
9.273249999999999	6.380943707256625e-91
9.278	9.292948715304146e-90
9.28275	1.3291780237685838e-88
9.2875	1.8671265241194847e-87
9.29225	2.5758782345948122e-86
9.297	3.490100194934672e-85
9.30175	4.644205678596044e-84
9.3065	6.0694030684816446e-83
9.31125	7.790072494755866e-82
9.315999999999999	9.819695099714899e-81
9.32075	1.2156694187320777e-79
9.3255	1.4780664693240904e-78
9.33025	1.764954129330367e-77
9.334999999999999	2.0698261288096828e-76
9.33975	2.383939842447377e-75
9.3445	2.696607285683378e-74
9.34925	2.9957191782138113e-73
9.354	3.268477355774988e-72
9.35875	3.5022798531021834e-71
9.3635	3.6856763494765296e-70
9.36825	3.8092943310905225e-69
9.373	3.866632077975667e-68
9.377749999999999	3.854625173611452e-67
9.3825	3.7739178451376875e-66
9.38725	3.628805697075199e-65
9.392	3.426856922941995e-64
9.396749999999999	3.178258480328006e-63
9.4015	2.8949658249129906e-62
9.40625	2.5897548354277342e-61
9.411	2.2752799962416448e-60
9.41575	1.963233830413217e-59
9.4205	1.6636815270924937e-58
9.42525	1.3846159947937804e-57
9.43	1.1317473299680876e-56
9.43475	9.085118526193973e-56
9.439499999999999	7.162633030988426e-55
9.44425	5.545947950719496e-54
9.449	4.217352110492184e-53
9.45375	3.1496690258183063e-52
9.458499999999999	2.310207351718957e-51
9.46325	1.6641711474763337e-50
9.468	1.1773511148422772e-49
9.47275	8.180408572995732e-49
9.4775	5.582194642474997e-48
9.48225	3.741070914366923e-47
9.487	2.4623392633922967e-46
9.49175	1.591698563867819e-45
9.4965	1.0104963362715591e-44
9.50125	6.300422106573736e-44
9.506	3.8580294162770335e-43
9.51075	2.3201838917168242e-42
9.5155	1.370377642361404e-41
9.520249999999999	7.949120973752659e-41
9.525	4.528547555782077e-40
9.52975	2.533726558973062e-39
9.5345	1.3922638261471596e-38
9.53925	7.51353510126038e-38
9.544	3.982245998021687e-37
9.54875	2.0728736644299296e-36
9.5535	1.0596893458838202e-35
9.55825	5.320412272860268e-35
9.563	2.623451198398897e-34
9.56775	1.2704619941754639e-33
9.5725	6.042426134913943e-33
9.57725	2.822422380131973e-32
9.581999999999999	1.2947730428078632e-31
9.58675	5.833460682295293e-31
9.5915	2.5811894769851765e-30
9.59625	1.121694218342692e-29
9.600999999999999	4.7872935807519024e-29
9.60575	2.006626882163201e-28
9.6105	8.260458911573355e-28
9.61525	3.339663492943694e-27
9.62	1.3260571074609948e-26
9.62475	5.171097551263266e-26
9.6295	1.9804515322710735e-25
9.63425	7.449149503787392e-25
9.639	2.751757428066587e-24
9.643749999999999	9.983310735301092e-24
9.6485	3.557132274323896e-23
9.65325	1.2447622979255454e-22
9.658	4.277931448451705e-22
9.662749999999999	1.4439169043239935e-21
9.6675	4.786428384582479e-21
9.67225	1.5582671465042156e-20
9.677	4.982338705304736e-20
9.68175	1.5645360202391733e-19
9.6865	4.825017237604574e-19
9.69125	1.4614136407361454e-18
9.696	4.347188065478275e-18
9.70075	1.2700028205286268e-17
9.705499999999999	3.6438620479095876e-17
9.71025	1.0267865062404171e-16
9.715	2.8415765698175363e-16
9.71975	7.723240488507908e-16
9.724499999999999	2.0615825898873682e-15
9.72925	5.404591852931742e-15
9.734	1.3915091009836967e-14
9.73875	3.5186023192923346e-14
9.7435	8.738065638750747e-14
9.74825	2.131186249577803e-13
9.753	5.104914735797488e-13
9.75775	1.200926877285855e-12
9.7625	2.7746334722049214e-12
9.76725	6.295868699999135e-12
9.772	1.40302912977038e-11
9.77675	3.0707092574224844e-11
9.7815	6.600421848257397e-11
9.786249999999999	1.3933674878767678e-10
9.791	2.888821028857621e-10
9.79575	5.882156641314282e-10
9.8005	1.1762876000049357e-09
9.80525	2.3102098796650534e-09
9.81	4.456052914331698e-09
9.81475	8.441317323436966e-09
9.8195	1.570475256046761e-08
9.82425	2.8695444369734427e-08
9.829	5.149390120249074e-08
9.83375	9.075271385212574e-08
9.8385	1.5708127984507917e-07
9.84325	2.6702395604873374e-07
9.847999999999999	4.457968599975971e-07
9.85275	7.309451168659608e-07
9.8575	1.1770462218671919e-06
9.86225	1.8615009011366993e-06
9.866999999999999	2.8913054080372846e-06
9.87175	4.410478109444435e-06
9.8765	6.607518044617864e-06
9.88125	9.72191969465715e-06
9.886	1.404839421389652e-05
9.89075	1.9937115566383532e-05
9.8955	2.7788106305743297e-05
9.90025	3.803790256056731e-05
9.905	5.1136989403135294e-05
9.909749999999999	6.751724849010459e-05
9.9145	8.754982837506159e-05
9.91925	0.00011149537368468788
9.924	0.00013945027671770135
9.928749999999999	0.00017129429462169323
9.9335	0.0002066461888851813
9.93825	0.0002448346533500292
9.943	0.0002848914123654646
9.94775	0.00032557182519314394
9.9525	0.00036540564711001267
9.95725	0.00040277701591210843
9.962	0.0004360287137573627
9.96675	0.00046358191390587694
9.971499999999999	0.0004840596284582802
9.97625	0.0004964005187838124
9.981	0.0004999500024999166
9.98575	0.0004945177762887386
9.990499999999999	0.0004803947195761624
9.99525	0.0004583270894961042
